0 -0.468164
1 -0.483042
2 0.382581
3 -0.055864
4 -0.076985
5 -0.257604
6 0.129455
7 -0.025538
8 0.203011
9 0.181183
10 0.046851
11 0.393605
12 0.456524
13 0.024158
14 0.160979
15 0.130312
16 0.048202
17 0.081555
18 0.125727
19 0.348680
20 -0.404849
21 0.125080
22 0.076678
23 0.139512
24 -0.574318
25 0.206224
26 -0.302378
27 0.174927
28 0.122559
29 0.001361
30 0.229050
31 0.399817
32 -0.290569
33 -0.530677
34 -0.576937
35 0.167864
36 0.181681
37 -0.069355
38 -0.075553
39 0.095162
40 -0.132747
41 -0.466470
42 -0.196417
43 0.186648
44 -0.179680
45 0.120213
46 -0.015812
47 0.050940
48 -0.411059
49 -0.077856
50 -0.064480
51 -0.203959
52 -0.092082
53 0.032263
54 -0.258060
55 -0.254827
56 -0.194433
57 -0.036368
58 -0.003072
59 -0.150084
60 -0.129557
61 -0.066456
62 0.337914
63 -0.219802
64 -0.223834
65 0.043904
66 -0.115656
67 -0.175531
68 0.054064
69 -0.404084
70 0.091078
71 0.115197
72 0.131715
73 -0.382616
74 -0.217524
75 -0.281184
76 -0.296885
77 -0.236345
78 0.140312
79 -0.130692
80 0.067060
81 -0.040634
82 -0.105085
83 -0.241779
84 0.128685
85 0.029037
86 -0.379796
87 -0.154876
88 -0.248861
89 -0.074619
90 0.048676
91 0.239334
92 -0.020490
93 -0.074436
94 -0.032378
95 -0.032377
96 0.044188
97 -0.173681
98 -0.101282
99 -0.477431
100 -0.682890
101 -0.059576
102 0.130179
103 -0.279961
104 0.362665
105 0.113151
106 -0.114489
107 -0.275650
108 -0.110393
109 -0.167457
110 -0.237931
111 0.105154
112 -0.377416
113 0.000399
114 -0.031142
115 -0.074864
116 -0.159503
117 -0.092246
118 -0.387718
119 -0.340125
120 -0.269058
121 -0.020604
122 0.334288
123 0.170119
124 -0.094131
125 0.146062
126 -0.295488
127 0.117331
128 0.149207
129 0.290665
130 -0.585668
131 -0.121904
132 0.244309
133 0.346308
134 -0.087146
135 0.161894
136 -0.033387
137 -0.274967
138 0.105205
139 0.266567
140 -0.120204
141 0.111364
142 -0.084330
143 -0.027278
144 0.267617
145 0.152611
146 -0.310338
147 0.359247
148 0.007666
149 -0.102131
150 -0.111776
151 -0.080674
152 -0.172491
153 0.011279
154 0.078435
155 -0.214641
156 0.020550
157 0.038431
158 -0.293145
159 -0.220200
160 -0.110087
161 -0.489212
162 0.160282
163 -0.082322
164 -0.182305
165 -0.619847
166 -0.221290
167 -0.020916
168 -0.032604
169 -0.175427
170 0.420799
171 -0.125107
172 -0.278903
173 0.258945
174 0.269036
175 -0.039696
176 0.079922
177 -0.212648
178 -0.179734
179 -0.108583
180 -0.158759
181 -0.326433
182 0.300842
183 -0.003463
184 0.012003
185 -0.427673
186 0.037310
187 0.055357
188 0.734603
189 -0.143393
190 0.077151
191 -0.012682
192 -0.418349
193 -0.184828
194 0.053657
195 0.077783
196 -0.083162
197 -0.094386
198 0.108926
199 0.075867
200 0.167723
201 -0.239592
202 0.127885
203 -0.088301
204 0.021221
205 0.135957
206 -0.645474
207 -0.389371
208 0.085083
209 -0.510870
210 0.522822
211 0.076008
212 0.242912
213 -0.272819
214 -0.271807
215 -0.449382
216 0.323795
217 -0.348584
218 0.101247
219 -0.028459
220 -0.164921
221 0.081662
222 -0.258526
223 -0.351752
224 -0.131788
225 0.160131
226 -0.157817
227 -0.597337
228 -0.305869
229 -0.067572
230 -0.110962
231 -0.119938
232 -0.215827
233 0.059059
234 -0.183474
235 -0.060498
236 -0.174978
237 0.089551
238 -0.029592
239 -0.007050
240 0.135505
241 -0.076058
242 0.174209
243 0.066017
244 -0.007911
245 -0.100556
246 -0.647862
247 -0.004678
248 -0.139224
249 -0.116587
250 -0.145448
251 0.056681
252 -0.065556
253 -0.163071
254 0.043607
255 0.088744
256 -0.062979
257 -0.267417
258 -0.197565
259 0.315433
260 -0.216071
261 -0.099975
262 -0.091807
263 -0.097924
264 -0.303502
265 0.076083
266 -0.197009
267 -0.362378
268 -0.799192
269 -0.135309
270 -0.029623
271 -0.267478
272 0.107030
273 0.330495
274 -0.311966
275 -0.267843
276 -0.728900
277 -0.009863
278 -0.199364
279 -0.224548
280 -0.133842
281 -0.167177
282 -0.170846
283 0.036473
284 0.103388
285 0.209991
286 -0.125787
287 -0.268909
288 -0.055719
289 0.092805
290 -0.184979
291 0.000483
292 -0.137087
293 -0.025867
294 -0.267801
295 0.002920
296 -0.085357
297 -0.122429
298 0.031437
299 -0.010533
300 0.076063
301 -0.438780
302 -0.014351
303 -0.059450
304 -0.047386
305 -0.293278
306 -0.053933
307 -0.205797
308 -0.068487
309 0.060384
310 0.025589
311 -0.172228
312 -0.121825
313 -0.259426
314 -0.133121
315 -0.105794
316 -0.028311
317 0.039747
318 -0.094886
319 -0.144442
320 -0.077830
321 -0.186247
322 -0.236439
323 -0.233691
324 -0.066945
325 -0.042081
326 -0.200751
327 0.112590
328 -0.121115
329 -0.110781
330 0.055699
331 -0.149827
332 -0.194763
333 -0.263584
334 -0.040573
335 0.192254
336 0.184444
337 -0.082217
338 -0.023982
339 0.272206
340 -0.375159
341 0.039657
342 0.064894
343 0.167950
344 0.027620
345 -0.044493
346 0.077811
347 -0.469056
348 -0.135683
349 -0.125218
350 -0.049694
351 -0.151525
352 0.033965
353 -0.029104
354 0.049146
355 -0.189097
356 -0.133372
357 0.196368
358 -0.059494
359 -0.232414
360 -0.652082
361 -0.014545
362 0.014593
363 0.117272
364 0.167628
365 0.168445
366 -0.082208
367 0.027915
368 0.028799
369 0.055916
370 -0.166179
371 0.083019
372 0.000379
373 -0.150988
374 0.128869
375 0.005731
376 -0.196018
377 0.003137
378 -0.305711
379 -0.193580
380 -0.571291
381 0.156016
382 -0.183439
383 -0.065579
384 -0.182727
385 -0.041316
386 -0.007134
387 0.029315
388 -0.103472
389 -0.319242
390 -0.217394
391 0.070464
392 -0.112606
393 -0.011104
394 -0.085401
395 -0.038462
396 -0.017113
397 -0.014237
398 0.077758
399 -0.165376
400 0.231003
401 0.038589
402 0.187286
403 -0.292576
404 -0.250115
405 0.071872
406 0.035098
407 -0.045145
408 -0.079708
409 0.157655
410 -0.162445
411 -0.344021
412 -0.078450
413 -0.205888
414 0.125087
415 -0.152360
416 0.106013
417 0.133323
418 -0.176721
419 -0.032963
420 -0.130445
421 -0.257592
422 -0.360043
423 -0.008977
424 -0.449245
425 -0.219954
426 -0.918709
427 -0.158369
428 -0.206306
429 -0.372445
430 -0.027986
431 -0.037786
432 -0.184712
433 -0.142066
434 0.053441
435 0.020129
436 -0.188680
437 -0.215191
438 0.090898
439 -0.163737
440 -0.232266
441 -0.129728
442 -0.451171
443 -0.154617
444 -0.191193
445 -0.118986
446 -0.470029
447 -0.426213
448 -0.078828
449 -0.111647
450 -0.066958
451 -0.038788
452 -0.077418
453 -0.146389
454 0.085350
455 -0.249421
456 -0.048006
457 -0.429504
458 -0.201939
459 -0.064284
460 0.126982
461 0.186854
462 0.112727
463 0.026127
464 0.245550
465 -0.250107
466 0.059268
467 -0.088151
468 -0.163848
469 -0.372769
470 -0.424760
471 0.115987
472 0.214037
473 0.070188
474 -0.059784
475 0.031558
476 0.008634
477 -0.381287
478 -0.321702
479 0.572751
480 -0.631010
481 -0.158826
482 -0.247885
483 -0.023873
484 -0.307754
485 -0.165373
486 -0.038546
487 -0.120474
488 -0.036813
489 -0.285146
490 -0.379274
491 0.110173
492 -0.278238
493 0.155703
494 -0.352398
495 -0.218758
496 -0.412489
497 -0.113343
498 0.019568
499 0.017515
500 -0.565994
501 -0.047625
502 -0.271594
503 -0.181758
504 -0.073328
505 -0.585989
506 0.029792
507 0.042760
508 -0.032039
509 -0.249366
510 -0.175125
511 -0.134690
512 -0.275749
513 0.110021
514 0.245491
515 -0.258377
516 0.106348
517 0.006948
518 0.090334
519 0.331718
520 -0.201448
521 -0.008070
522 0.410795
523 0.166092
524 0.199095
525 0.104020
526 0.035799
527 0.213810
528 -0.150505
529 -0.017449
530 0.153372
531 0.191953
532 -0.044026
533 -0.105613
534 -0.425879
535 0.263317
536 -0.009155
537 0.311997
538 -0.081094
539 0.481603
540 0.542109
541 -0.121534
542 -0.078029
543 -0.122080
544 -0.005778
545 -0.237394
546 -0.118285
547 0.232556
548 0.072841
549 0.007084
550 0.071169
551 -0.165867
552 0.070653
553 0.313564
554 0.002346
555 0.065271
556 0.127094
557 0.010435
558 0.103776
559 0.026329
560 0.658496
561 0.003854
562 0.082829
563 -0.054388
564 -0.113547
565 0.029019
566 -0.191986
567 0.088970
568 -0.029552
569 -0.077203
570 -0.073793
571 0.028720
572 -0.024394
573 -0.052047
574 -0.017753
575 -0.093390
576 -1.246209
577 -0.023222
578 0.053882
579 -0.003961
580 0.058505
581 -0.057570
582 0.030447
583 0.428455
584 -0.555755
585 0.030556
586 0.151046
587 0.288274
588 -0.062230
589 -0.055650
590 -0.184196
591 0.127547
592 0.109357
593 -0.057594
594 0.000799
595 -0.183817
596 -0.120338
597 0.049787
598 -0.007640
599 -0.618754
600 -0.160017
601 0.041800
602 -0.017177
603 -0.050675
604 0.066067
605 0.027615
606 0.040934
607 -0.048015
608 -0.041106
609 -0.081487
610 0.000071
611 0.031750
612 -0.094315
613 0.093322
614 -0.083394
615 -0.029371
616 0.164918
617 -0.004558
618 -0.000174
619 0.073274
620 -0.061690
621 -0.104938
622 -0.002837
623 0.106415
624 0.044118
625 0.068267
626 -0.036140
627 -0.094118
628 0.131290
629 0.152859
630 0.048206
631 0.003723
632 0.050567
633 -0.080114
634 0.030002
635 -0.078214
636 -0.024838
637 0.057897
638 0.008655
639 -0.081518
640 0.102558
641 -0.106485
642 -0.020586
643 -0.106164
644 -0.149407
645 -0.106371
646 -0.106645
647 0.102140
648 -0.006278
649 -0.139209
650 0.074924
651 0.063007
652 0.518354
653 -0.398516
654 0.315758
655 -0.088440
656 -0.049598
657 -0.234614
658 -0.056079
659 0.279842
660 -0.115214
661 0.000358
662 0.082996
663 0.036037
664 -0.398843
665 0.552542
666 -0.206108
667 0.142006
668 -0.023805
669 -0.010651
670 -0.093316
671 -0.129628
672 -0.216028
673 0.099278
674 0.244992
675 -0.030911
676 0.014918
677 0.088617
678 -0.100414
679 -0.301727
680 -0.342124
681 0.128264
682 0.150320
683 0.234335
684 -0.071445
685 -0.406507
686 -0.050587
687 0.242252
688 -0.109168
689 -0.073251
690 -0.263146
691 -0.648519
692 0.021980
693 0.299969
694 0.034570
695 0.008163
696 0.571546
697 -0.232393
698 0.041424
699 -0.098925
700 0.074041
701 -0.185274
702 -0.337792
703 -0.303813
704 0.012779
705 -0.532952
706 0.175319
707 -0.737478
708 0.012423
709 -0.206772
710 0.441935
711 0.035874
712 0.200782
713 -0.079102
714 0.199579
715 0.184407
716 -0.091806
717 -0.196128
718 -0.081158
719 0.147141
720 -0.007720
721 -0.084047
722 0.274188
723 -0.425239
724 -0.120925
725 -0.092262
726 -0.172968
727 -0.063254
728 0.041861
729 0.302781
730 0.028509
731 0.371325
732 -0.069127
733 -0.423059
734 0.137931
735 -0.023060
736 -0.481368
737 -0.108422
738 -0.251613
739 -0.139115
740 0.121011
741 -0.027377
742 -0.284887
743 0.099747
744 -0.016144
745 -0.305949
746 0.032763
747 0.108196
748 -0.398786
749 -0.198179
750 0.102224
751 -0.063891
752 0.213837
753 -0.187583
754 -0.301560
755 -0.402089
756 -0.381575
757 0.060529
758 -0.026335
759 -0.500449
760 -0.388131
761 -0.025270
762 -0.446541
763 -0.027671
764 0.145258
765 0.085182
766 -0.389051
767 0.188520
768 0.140434
769 -0.417493
770 -0.104946
771 -0.355073
772 -0.110096
773 0.209886
774 0.037142
775 0.068640
776 -0.322440
777 -0.513994
778 0.241294
779 0.224456
780 -0.092161
781 -0.597407
782 -0.276071
783 -0.096280
784 0.147297
785 -0.040613
786 0.013260
787 -0.332564
788 -0.574490
789 -0.293266
790 -0.287774
791 -0.080657
792 -0.171455
793 0.047417
794 -0.279732
795 0.121675
796 -0.029068
797 -0.078992
798 0.244984
799 -0.131418
800 0.000736
801 -0.103157
802 -0.640727
803 -0.093824
804 0.282362
805 -0.236848
806 -0.081752
807 0.009827
808 0.016943
809 -0.021927
810 -0.091324
811 0.195948
812 -0.170622
813 0.288506
814 -0.139557
815 0.297400
816 -0.086753
817 -0.101328
818 -0.106595
819 -0.125354
820 0.117168
821 -0.036496
822 -0.142130
823 -0.300985
824 -0.022779
825 -0.138303
826 -0.275292
827 -0.124016
828 -0.366145
829 -0.303477
830 -0.025892
831 -0.367585
832 0.034870
833 0.095004
834 -0.052558
835 -0.043158
836 0.051452
837 0.055028
838 -0.048649
839 -0.074317
840 0.036900
841 -0.207531
842 -0.253206
843 0.038918
844 -0.339876
845 -0.223255
846 0.110476
847 -0.205848
848 -0.061376
849 -0.228072
850 -0.219938
851 0.017790
852 -1.098831
853 -0.223097
854 0.163516
855 -0.329233
856 -0.195692
857 0.328033
858 0.012985
859 0.196719
860 -0.139022
861 -0.226524
862 0.028787
863 -0.178093
864 -0.319779
865 0.138040
866 -0.081299
867 -0.196005
868 -0.143479
869 0.157300
870 -0.194662
871 0.059553
872 -0.025591
873 -0.130350
874 -0.276008
875 0.097130
876 -0.083546
877 0.105512
878 -0.074137
879 0.056076
880 -0.149475
881 0.285987
882 -0.075362
883 -0.109899
884 -0.272715
885 -0.219769
886 -0.334441
887 0.226213
888 -0.051681
889 0.010384
890 -0.333954
891 -0.977543
892 -0.179134
893 -0.162351
894 0.138185
895 -0.093149
896 0.149017
897 0.158166
898 -0.187236
899 -0.019923
900 0.183068
901 -0.175675
902 0.077028
903 0.048061
904 0.034361
905 0.078820
906 -0.057770
907 0.161373
908 0.113633
909 0.185644
910 -0.174928
911 0.225655
912 -0.090797
913 -0.113702
914 -0.171795
915 -0.150735
916 0.079040
917 -0.098262
918 -0.236780
919 -0.297621
920 0.087635
921 0.199578
922 -0.106592
923 -0.286279
924 -0.162339
925 -0.248820
926 0.145520
927 -0.058339
928 -0.136819
929 -0.042477
930 -0.371802
931 0.244803
932 -0.012934
933 -0.059722
934 -0.123350
935 -0.071307
936 0.291840
937 0.039205
938 -0.010911
939 -0.011924
940 -0.312688
941 0.075558
942 -0.090044
943 -0.117599
944 0.154106
945 -0.332613
946 0.141847
947 0.173573
948 0.386279
949 0.004295
950 -0.005771
951 -0.059545
952 -0.120740
953 0.049627
954 -0.039211
955 -0.165920
956 -0.055319
957 0.010726
958 0.217672
959 -0.124084
960 -0.061874
961 -0.115275
962 -0.019068
963 -0.026860
964 0.101697
965 -0.057222
966 -0.084334
967 0.425245
968 0.167810
969 -0.195602
970 -0.101827
971 0.109013
972 0.185653
973 0.140711
974 -0.088362
975 0.158014
976 -0.532650
977 0.243110
978 -0.617365
979 0.148755
980 0.000646
981 -0.249512
982 -0.261163
983 -0.449415
984 -0.198855
985 -0.094592
986 -0.065392
987 -0.042064
988 0.113704
989 0.119509
990 -0.085133
991 0.011487
992 -0.114653
993 -0.392528
994 -0.072567
995 0.241064
996 -0.222283
997 0.067860
998 -0.133079
999 -0.093421
1000 0.222593
1001 -0.180018
1002 -0.074497
1003 -0.009113
1004 -0.166843
1005 -0.181090
1006 -0.253413
1007 -0.233904
1008 0.048396
1009 -0.217555
1010 -0.044622
1011 0.096612
1012 0.072626
1013 0.481588
1014 0.080603
1015 -0.366540
1016 -0.208667
1017 0.169660
1018 -0.030442
1019 -0.325350
1020 0.094112
1021 0.019055
1022 0.055723
1023 -0.363771
1024 -0.120698
1025 -0.126936
1026 -0.292676
1027 -0.144231
1028 -0.214117
1029 -0.072533
1030 -0.263847
1031 -0.004974
1032 0.398453
1033 0.021619
1034 0.063475
1035 0.099242
1036 -0.068827
1037 0.067808
1038 -0.224658
1039 -0.200701
1040 0.115043
1041 0.073902
1042 -0.015489
1043 0.157402
1044 -0.159893
1045 -0.291229
1046 0.444198
1047 -0.016162
1048 -0.169358
1049 0.032837
1050 -0.248449
1051 -0.027097
1052 0.154126
1053 -0.223335
1054 -0.318948
1055 -0.011603
1056 -0.042977
1057 -0.065097
1058 -0.106591
1059 -0.216420
1060 -0.169667
1061 0.361533
1062 0.033340
1063 -0.156679
1064 -0.350395
1065 -0.489316
1066 -0.049689
1067 0.213138
1068 0.022635
1069 -0.188673
1070 -0.287106
1071 0.089596
1072 -0.022348
1073 -0.346829
1074 -0.176426
1075 -0.110376
1076 0.050581
1077 -0.441298
1078 0.024421
1079 0.025119
1080 -0.222003
1081 -0.013283
1082 -0.261520
1083 -0.254965
1084 -0.199208
1085 -0.268874
1086 -0.138195
1087 -0.269500
1088 -0.152563
1089 -0.319420
1090 -0.347024
1091 0.047977
1092 0.472403
1093 -0.062159
1094 -0.019994
1095 -0.190330
1096 0.107615
1097 0.233570
1098 -0.057795
1099 -0.370459
1100 0.233336
1101 0.004840
1102 -0.287063
1103 0.244365
1104 -0.196515
1105 -0.206416
1106 -0.118099
1107 -0.166231
1108 0.217500
1109 -0.091408
1110 0.002019
1111 0.360213
1112 -0.233383
1113 0.208477
1114 -0.196984
1115 -0.725058
1116 -0.131199
1117 0.086893
1118 -0.081553
1119 -0.092725
1120 -0.011897
1121 0.015348
1122 0.080457
1123 0.237562
1124 0.236902
1125 -0.194888
1126 0.380912
1127 0.175914
1128 -0.124452
1129 -0.036994
1130 0.060369
1131 -0.186674
1132 0.307043
1133 0.059477
1134 0.091030
1135 0.202996
1136 0.015382
1137 -0.118510
1138 -0.197850
1139 -0.308957
1140 0.186540
1141 0.080950
1142 0.346392
1143 -0.023525
1144 0.192112
1145 0.189448
1146 0.081019
1147 0.193467
1148 -0.186401
1149 0.095800
1150 0.087196
1151 -0.234138
1152 -0.468832
1153 0.067077
1154 -0.083966
1155 -0.097239
1156 -0.023299
1157 -0.359885
1158 -0.051167
1159 -0.109929
1160 -0.006021
1161 -0.119096
1162 0.018989
1163 -0.099618
1164 -0.023459
1165 -0.021223
1166 0.068749
1167 -0.242456
1168 0.181968
1169 0.237844
1170 -0.309221
1171 0.186967
1172 0.078759
1173 -0.037431
1174 0.064673
1175 -0.089732
1176 -0.346992
1177 0.008490
1178 -0.364692
1179 0.203177
1180 -0.137846
1181 -0.302547
1182 0.379571
1183 -0.228234
1184 0.048473
1185 0.162696
1186 -0.051962
1187 0.095888
1188 -0.267362
1189 0.111929
1190 -0.088034
1191 -0.230339
1192 -0.244353
1193 0.356322
1194 -0.116629
1195 -0.140366
1196 -0.041402
1197 -0.241144
1198 0.212250
1199 -0.080655
1200 -0.067950
1201 -0.280620
1202 -0.024123
1203 0.333749
1204 -0.129576
1205 -0.043018
1206 0.087601
1207 -0.410818
1208 0.087495
1209 0.165572
1210 -0.048379
1211 0.139227
1212 0.014670
1213 0.341020
1214 -0.193136
1215 -0.019357
0 -0.468164
1 -0.483042
2 0.382581
3 -0.055864
4 -0.076985
5 -0.257604
6 0.129455
7 -0.025538
8 0.203011
9 0.181183
10 0.046851
11 0.393605
12 0.456524
13 0.024158
14 0.160979
15 0.130312
16 0.048202
17 0.081555
18 0.125727
19 0.348680
20 -0.404849
21 0.125080
22 0.076678
23 0.139512
24 -0.574318
25 0.206224
26 -0.302378
27 0.174927
28 0.122559
29 0.001361
30 0.229050
31 0.399817
32 -0.290569
33 -0.530677
34 -0.576937
35 0.167864
36 0.181681
37 -0.069355
38 -0.075553
39 0.095162
40 -0.132747
41 -0.466470
42 -0.196417
43 0.186648
44 -0.179680
45 0.120213
46 -0.015812
47 0.050940
48 -0.411059
49 -0.077856
50 -0.064480
51 -0.203959
52 -0.092082
53 0.032263
54 -0.258060
55 -0.254827
56 -0.194433
57 -0.036368
58 -0.003072
59 -0.150084
60 -0.129557
61 -0.066456
62 0.337914
63 -0.219802
64 -0.223834
65 0.043904
66 -0.115656
67 -0.175531
68 0.054064
69 -0.404084
70 0.091078
71 0.115197
72 0.131715
73 -0.382616
74 -0.217524
75 -0.281184
76 -0.296885
77 -0.236345
78 0.140312
79 -0.130692
80 0.067060
81 -0.040634
82 -0.105085
83 -0.241779
84 0.128685
85 0.029037
86 -0.379796
87 -0.154876
88 -0.248861
89 -0.074619
90 0.048676
91 0.239334
92 -0.020490
93 -0.074436
94 -0.032378
95 -0.032377
96 0.044188
97 -0.173681
98 -0.101282
99 -0.477431
100 -0.682890
101 -0.059576
102 0.130179
103 -0.279961
104 0.362665
105 0.113151
106 -0.114489
107 -0.275650
108 -0.110393
109 -0.167457
110 -0.237931
111 0.105154
112 -0.377416
113 0.000399
114 -0.031142
115 -0.074864
116 -0.159503
117 -0.092246
118 -0.387718
119 -0.340125
120 -0.269058
121 -0.020604
122 0.334288
123 0.170119
124 -0.094131
125 0.146062
126 -0.295488
127 0.117331
128 0.149207
129 0.290665
130 -0.585668
131 -0.121904
132 0.244309
133 0.346308
134 -0.087146
135 0.161894
136 -0.033387
137 -0.274967
138 0.105205
139 0.266567
140 -0.120204
141 0.111364
142 -0.084330
143 -0.027278
144 0.267617
145 0.152611
146 -0.310338
147 0.359247
148 0.007666
149 -0.102131
150 -0.111776
151 -0.080674
152 -0.172491
153 0.011279
154 0.078435
155 -0.214641
156 0.020550
157 0.038431
158 -0.293145
159 -0.220200
160 -0.110087
161 -0.489212
162 0.160282
163 -0.082322
164 -0.182305
165 -0.619847
166 -0.221290
167 -0.020916
168 -0.032604
169 -0.175427
170 0.420799
171 -0.125107
172 -0.278903
173 0.258945
174 0.269036
175 -0.039696
176 0.079922
177 -0.212648
178 -0.179734
179 -0.108583
180 -0.158759
181 -0.326433
182 0.300842
183 -0.003463
184 0.012003
185 -0.427673
186 0.037310
187 0.055357
188 0.734603
189 -0.143393
190 0.077151
191 -0.012682
192 -0.418349
193 -0.184828
194 0.053657
195 0.077783
196 -0.083162
197 -0.094386
198 0.108926
199 0.075867
200 0.167723
201 -0.239592
202 0.127885
203 -0.088301
204 0.021221
205 0.135957
206 -0.645474
207 -0.389371
208 0.085083
209 -0.510870
210 0.522822
211 0.076008
212 0.242912
213 -0.272819
214 -0.271807
215 -0.449382
216 0.323795
217 -0.348584
218 0.101247
219 -0.028459
220 -0.164921
221 0.081662
222 -0.258526
223 -0.351752
224 -0.131788
225 0.160131
226 -0.157817
227 -0.597337
228 -0.305869
229 -0.067572
230 -0.110962
231 -0.119938
232 -0.215827
233 0.059059
234 -0.183474
235 -0.060498
236 -0.174978
237 0.089551
238 -0.029592
239 -0.007050
240 0.135505
241 -0.076058
242 0.174209
243 0.066017
244 -0.007911
245 -0.100556
246 -0.647862
247 -0.004678
248 -0.139224
249 -0.116587
250 -0.145448
251 0.056681
252 -0.065556
253 -0.163071
254 0.043607
255 0.088744
256 -0.062979
257 -0.267417
258 -0.197565
259 0.315433
260 -0.216071
261 -0.099975
262 -0.091807
263 -0.097924
264 -0.303502
265 0.076083
266 -0.197009
267 -0.362378
268 -0.799192
269 -0.135309
270 -0.029623
271 -0.267478
272 0.107030
273 0.330495
274 -0.311966
275 -0.267843
276 -0.728900
277 -0.009863
278 -0.199364
279 -0.224548
280 -0.133842
281 -0.167177
282 -0.170846
283 0.036473
284 0.103388
285 0.209991
286 -0.125787
287 -0.268909
288 -0.055719
289 0.092805
290 -0.184979
291 0.000483
292 -0.137087
293 -0.025867
294 -0.267801
295 0.002920
296 -0.085357
297 -0.122429
298 0.031437
299 -0.010533
300 0.076063
301 -0.438780
302 -0.014351
303 -0.059450
304 -0.047386
305 -0.293278
306 -0.053933
307 -0.205797
308 -0.068487
309 0.060384
310 0.025589
311 -0.172228
312 -0.121825
313 -0.259426
314 -0.133121
315 -0.105794
316 -0.028311
317 0.039747
318 -0.094886
319 -0.144442
320 -0.077830
321 -0.186247
322 -0.236439
323 -0.233691
324 -0.066945
325 -0.042081
326 -0.200751
327 0.112590
328 -0.121115
329 -0.110781
330 0.055699
331 -0.149827
332 -0.194763
333 -0.263584
334 -0.040573
335 0.192254
336 0.184444
337 -0.082217
338 -0.023982
339 0.272206
340 -0.375159
341 0.039657
342 0.064894
343 0.167950
344 0.027620
345 -0.044493
346 0.077811
347 -0.469056
348 -0.135683
349 -0.125218
350 -0.049694
351 -0.151525
352 0.033965
353 -0.029104
354 0.049146
355 -0.189097
356 -0.133372
357 0.196368
358 -0.059494
359 -0.232414
360 -0.652082
361 -0.014545
362 0.014593
363 0.117272
364 0.167628
365 0.168445
366 -0.082208
367 0.027915
368 0.028799
369 0.055916
370 -0.166179
371 0.083019
372 0.000379
373 -0.150988
374 0.128869
375 0.005731
376 -0.196018
377 0.003137
378 -0.305711
379 -0.193580
380 -0.571291
381 0.156016
382 -0.183439
383 -0.065579
384 -0.182727
385 -0.041316
386 -0.007134
387 0.029315
388 -0.103472
389 -0.319242
390 -0.217394
391 0.070464
392 -0.112606
393 -0.011104
394 -0.085401
395 -0.038462
396 -0.017113
397 -0.014237
398 0.077758
399 -0.165376
400 0.231003
401 0.038589
402 0.187286
403 -0.292576
404 -0.250115
405 0.071872
406 0.035098
407 -0.045145
408 -0.079708
409 0.157655
410 -0.162445
411 -0.344021
412 -0.078450
413 -0.205888
414 0.125087
415 -0.152360
416 0.106013
417 0.133323
418 -0.176721
419 -0.032963
420 -0.130445
421 -0.257592
422 -0.360043
423 -0.008977
424 -0.449245
425 -0.219954
426 -0.918709
427 -0.158369
428 -0.206306
429 -0.372445
430 -0.027986
431 -0.037786
432 -0.184712
433 -0.142066
434 0.053441
435 0.020129
436 -0.188680
437 -0.215191
438 0.090898
439 -0.163737
440 -0.232266
441 -0.129728
442 -0.451171
443 -0.154617
444 -0.191193
445 -0.118986
446 -0.470029
447 -0.426213
448 -0.078828
449 -0.111647
450 -0.066958
451 -0.038788
452 -0.077418
453 -0.146389
454 0.085350
455 -0.249421
456 -0.048006
457 -0.429504
458 -0.201939
459 -0.064284
460 0.126982
461 0.186854
462 0.112727
463 0.026127
464 0.245550
465 -0.250107
466 0.059268
467 -0.088151
468 -0.163848
469 -0.372769
470 -0.424760
471 0.115987
472 0.214037
473 0.070188
474 -0.059784
475 0.031558
476 0.008634
477 -0.381287
478 -0.321702
479 0.572751
480 -0.631010
481 -0.158826
482 -0.247885
483 -0.023873
484 -0.307754
485 -0.165373
486 -0.038546
487 -0.120474
488 -0.036813
489 -0.285146
490 -0.379274
491 0.110173
492 -0.278238
493 0.155703
494 -0.352398
495 -0.218758
496 -0.412489
497 -0.113343
498 0.019568
499 0.017515
500 -0.565994
501 -0.047625
502 -0.271594
503 -0.181758
504 -0.073328
505 -0.585989
506 0.029792
507 0.042760
508 -0.032039
509 -0.249366
510 -0.175125
511 -0.134690
512 -0.275749
513 0.110021
514 0.245491
515 -0.258377
516 0.106348
517 0.006948
518 0.090334
519 0.331718
520 -0.201448
521 -0.008070
522 0.410795
523 0.166092
524 0.199095
525 0.104020
526 0.035799
527 0.213810
528 -0.150505
529 -0.017449
530 0.153372
531 0.191953
532 -0.044026
533 -0.105613
534 -0.425879
535 0.263317
536 -0.009155
537 0.311997
538 -0.081094
539 0.481603
540 0.542109
541 -0.121534
542 -0.078029
543 -0.122080
544 -0.005778
545 -0.237394
546 -0.118285
547 0.232556
548 0.072841
549 0.007084
550 0.071169
551 -0.165867
552 0.070653
553 0.313564
554 0.002346
555 0.065271
556 0.127094
557 0.010435
558 0.103776
559 0.026329
560 0.658496
561 0.003854
562 0.082829
563 -0.054388
564 -0.113547
565 0.029019
566 -0.191986
567 0.088970
568 -0.029552
569 -0.077203
570 -0.073793
571 0.028720
572 -0.024394
573 -0.052047
574 -0.017753
575 -0.093390
576 -1.246209
577 -0.023222
578 0.053882
579 -0.003961
580 0.058505
581 -0.057570
582 0.030447
583 0.428455
584 -0.555755
585 0.030556
586 0.151046
587 0.288274
588 -0.062230
589 -0.055650
590 -0.184196
591 0.127547
592 0.109357
593 -0.057594
594 0.000799
595 -0.183817
596 -0.120338
597 0.049787
598 -0.007640
599 -0.618754
600 -0.160017
601 0.041800
602 -0.017177
603 -0.050675
604 0.066067
605 0.027615
606 0.040934
607 -0.048015
608 -0.041106
609 -0.081487
610 0.000071
611 0.031750
612 -0.094315
613 0.093322
614 -0.083394
615 -0.029371
616 0.164918
617 -0.004558
618 -0.000174
619 0.073274
620 -0.061690
621 -0.104938
622 -0.002837
623 0.106415
624 0.044118
625 0.068267
626 -0.036140
627 -0.094118
628 0.131290
629 0.152859
630 0.048206
631 0.003723
632 0.050567
633 -0.080114
634 0.030002
635 -0.078214
636 -0.024838
637 0.057897
638 0.008655
639 -0.081518
640 0.102558
641 -0.106485
642 -0.020586
643 -0.106164
644 -0.149407
645 -0.106371
646 -0.106645
647 0.102140
648 -0.006278
649 -0.139209
650 0.074924
651 0.063007
652 0.518354
653 -0.398516
654 0.315758
655 -0.088440
656 -0.049598
657 -0.234614
658 -0.056079
659 0.279842
660 -0.115214
661 0.000358
662 0.082996
663 0.036037
664 -0.398843
665 0.552542
666 -0.206108
667 0.142006
668 -0.023805
669 -0.010651
670 -0.093316
671 -0.129628
672 -0.216028
673 0.099278
674 0.244992
675 -0.030911
676 0.014918
677 0.088617
678 -0.100414
679 -0.301727
680 -0.342124
681 0.128264
682 0.150320
683 0.234335
684 -0.071445
685 -0.406507
686 -0.050587
687 0.242252
688 -0.109168
689 -0.073251
690 -0.263146
691 -0.648519
692 0.021980
693 0.299969
694 0.034570
695 0.008163
696 0.571546
697 -0.232393
698 0.041424
699 -0.098925
700 0.074041
701 -0.185274
702 -0.337792
703 -0.303813
704 0.012779
705 -0.532952
706 0.175319
707 -0.737478
708 0.012423
709 -0.206772
710 0.441935
711 0.035874
712 0.200782
713 -0.079102
714 0.199579
715 0.184407
716 -0.091806
717 -0.196128
718 -0.081158
719 0.147141
720 -0.007720
721 -0.084047
722 0.274188
723 -0.425239
724 -0.120925
725 -0.092262
726 -0.172968
727 -0.063254
728 0.041861
729 0.302781
730 0.028509
731 0.371325
732 -0.069127
733 -0.423059
734 0.137931
735 -0.023060
736 -0.481368
737 -0.108422
738 -0.251613
739 -0.139115
740 0.121011
741 -0.027377
742 -0.284887
743 0.099747
744 -0.016144
745 -0.305949
746 0.032763
747 0.108196
748 -0.398786
749 -0.198179
750 0.102224
751 -0.063891
752 0.213837
753 -0.187583
754 -0.301560
755 -0.402089
756 -0.381575
757 0.060529
758 -0.026335
759 -0.500449
760 -0.388131
761 -0.025270
762 -0.446541
763 -0.027671
764 0.145258
765 0.085182
766 -0.389051
767 0.188520
768 0.140434
769 -0.417493
770 -0.104946
771 -0.355073
772 -0.110096
773 0.209886
774 0.037142
775 0.068640
776 -0.322440
777 -0.513994
778 0.241294
779 0.224456
780 -0.092161
781 -0.597407
782 -0.276071
783 -0.096280
784 0.147297
785 -0.040613
786 0.013260
787 -0.332564
788 -0.574490
789 -0.293266
790 -0.287774
791 -0.080657
792 -0.171455
793 0.047417
794 -0.279732
795 0.121675
796 -0.029068
797 -0.078992
798 0.244984
799 -0.131418
800 0.000736
801 -0.103157
802 -0.640727
803 -0.093824
804 0.282362
805 -0.236848
806 -0.081752
807 0.009827
808 0.016943
809 -0.021927
810 -0.091324
811 0.195948
812 -0.170622
813 0.288506
814 -0.139557
815 0.297400
816 -0.086753
817 -0.101328
818 -0.106595
819 -0.125354
820 0.117168
821 -0.036496
822 -0.142130
823 -0.300985
824 -0.022779
825 -0.138303
826 -0.275292
827 -0.124016
828 -0.366145
829 -0.303477
830 -0.025892
831 -0.367585
832 0.034870
833 0.095004
834 -0.052558
835 -0.043158
836 0.051452
837 0.055028
838 -0.048649
839 -0.074317
840 0.036900
841 -0.207531
842 -0.253206
843 0.038918
844 -0.339876
845 -0.223255
846 0.110476
847 -0.205848
848 -0.061376
849 -0.228072
850 -0.219938
851 0.017790
852 -1.098831
853 -0.223097
854 0.163516
855 -0.329233
856 -0.195692
857 0.328033
858 0.012985
859 0.196719
860 -0.139022
861 -0.226524
862 0.028787
863 -0.178093
864 -0.319779
865 0.138040
866 -0.081299
867 -0.196005
868 -0.143479
869 0.157300
870 -0.194662
871 0.059553
872 -0.025591
873 -0.130350
874 -0.276008
875 0.097130
876 -0.083546
877 0.105512
878 -0.074137
879 0.056076
880 -0.149475
881 0.285987
882 -0.075362
883 -0.109899
884 -0.272715
885 -0.219769
886 -0.334441
887 0.226213
888 -0.051681
889 0.010384
890 -0.333954
891 -0.977543
892 -0.179134
893 -0.162351
894 0.138185
895 -0.093149
896 0.149017
897 0.158166
898 -0.187236
899 -0.019923
900 0.183068
901 -0.175675
902 0.077028
903 0.048061
904 0.034361
905 0.078820
906 -0.057770
907 0.161373
908 0.113633
909 0.185644
910 -0.174928
911 0.225655
912 -0.090797
913 -0.113702
914 -0.171795
915 -0.150735
916 0.079040
917 -0.098262
918 -0.236780
919 -0.297621
920 0.087635
921 0.199578
922 -0.106592
923 -0.286279
924 -0.162339
925 -0.248820
926 0.145520
927 -0.058339
928 -0.136819
929 -0.042477
930 -0.371802
931 0.244803
932 -0.012934
933 -0.059722
934 -0.123350
935 -0.071307
936 0.291840
937 0.039205
938 -0.010911
939 -0.011924
940 -0.312688
941 0.075558
942 -0.090044
943 -0.117599
944 0.154106
945 -0.332613
946 0.141847
947 0.173573
948 0.386279
949 0.004295
950 -0.005771
951 -0.059545
952 -0.120740
953 0.049627
954 -0.039211
955 -0.165920
956 -0.055319
957 0.010726
958 0.217672
959 -0.124084
960 -0.061874
961 -0.115275
962 -0.019068
963 -0.026860
964 0.101697
965 -0.057222
966 -0.084334
967 0.425245
968 0.167810
969 -0.195602
970 -0.101827
971 0.109013
972 0.185653
973 0.140711
974 -0.088362
975 0.158014
976 -0.532650
977 0.243110
978 -0.617365
979 0.148755
980 0.000646
981 -0.249512
982 -0.261163
983 -0.449415
984 -0.198855
985 -0.094592
986 -0.065392
987 -0.042064
988 0.113704
989 0.119509
990 -0.085133
991 0.011487
992 -0.114653
993 -0.392528
994 -0.072567
995 0.241064
996 -0.222283
997 0.067860
998 -0.133079
999 -0.093421
1000 0.222593
1001 -0.180018
1002 -0.074497
1003 -0.009113
1004 -0.166843
1005 -0.181090
1006 -0.253413
1007 -0.233904
1008 0.048396
1009 -0.217555
1010 -0.044622
1011 0.096612
1012 0.072626
1013 0.481588
1014 0.080603
1015 -0.366540
1016 -0.208667
1017 0.169660
1018 -0.030442
1019 -0.325350
1020 0.094112
1021 0.019055
1022 0.055723
1023 -0.363771
1024 -0.120698
1025 -0.126936
1026 -0.292676
1027 -0.144231
1028 -0.214117
1029 -0.072533
1030 -0.263847
1031 -0.004974
1032 0.398453
1033 0.021619
1034 0.063475
1035 0.099242
1036 -0.068827
1037 0.067808
1038 -0.224658
1039 -0.200701
1040 0.115043
1041 0.073902
1042 -0.015489
1043 0.157402
1044 -0.159893
1045 -0.291229
1046 0.444198
1047 -0.016162
1048 -0.169358
1049 0.032837
1050 -0.248449
1051 -0.027097
1052 0.154126
1053 -0.223335
1054 -0.318948
1055 -0.011603
1056 -0.042977
1057 -0.065097
1058 -0.106591
1059 -0.216420
1060 -0.169667
1061 0.361533
1062 0.033340
1063 -0.156679
1064 -0.350395
1065 -0.489316
1066 -0.049689
1067 0.213138
1068 0.022635
1069 -0.188673
1070 -0.287106
1071 0.089596
1072 -0.022348
1073 -0.346829
1074 -0.176426
1075 -0.110376
1076 0.050581
1077 -0.441298
1078 0.024421
1079 0.025119
1080 -0.222003
1081 -0.013283
1082 -0.261520
1083 -0.254965
1084 -0.199208
1085 -0.268874
1086 -0.138195
1087 -0.269500
1088 -0.152563
1089 -0.319420
1090 -0.347024
1091 0.047977
1092 0.472403
1093 -0.062159
1094 -0.019994
1095 -0.190330
1096 0.107615
1097 0.233570
1098 -0.057795
1099 -0.370459
1100 0.233336
1101 0.004840
1102 -0.287063
1103 0.244365
1104 -0.196515
1105 -0.206416
1106 -0.118099
1107 -0.166231
1108 0.217500
1109 -0.091408
1110 0.002019
1111 0.360213
1112 -0.233383
1113 0.208477
1114 -0.196984
1115 -0.725058
1116 -0.131199
1117 0.086893
1118 -0.081553
1119 -0.092725
1120 -0.011897
1121 0.015348
1122 0.080457
1123 0.237562
1124 0.236902
1125 -0.194888
1126 0.380912
1127 0.175914
1128 -0.124452
1129 -0.036994
1130 0.060369
1131 -0.186674
1132 0.307043
1133 0.059477
1134 0.091030
1135 0.202996
1136 0.015382
1137 -0.118510
1138 -0.197850
1139 -0.308957
1140 0.186540
1141 0.080950
1142 0.346392
1143 -0.023525
1144 0.192112
1145 0.189448
1146 0.081019
1147 0.193467
1148 -0.186401
1149 0.095800
1150 0.087196
1151 -0.234138
1152 -0.468832
1153 0.067077
1154 -0.083966
1155 -0.097239
1156 -0.023299
1157 -0.359885
1158 -0.051167
1159 -0.109929
1160 -0.006021
1161 -0.119096
1162 0.018989
1163 -0.099618
1164 -0.023459
1165 -0.021223
1166 0.068749
1167 -0.242456
1168 0.181968
1169 0.237844
1170 -0.309221
1171 0.186967
1172 0.078759
1173 -0.037431
1174 0.064673
1175 -0.089732
1176 -0.346992
1177 0.008490
1178 -0.364692
1179 0.203177
1180 -0.137846
1181 -0.302547
1182 0.379571
1183 -0.228234
1184 0.048473
1185 0.162696
1186 -0.051962
1187 0.095888
1188 -0.267362
1189 0.111929
1190 -0.088034
1191 -0.230339
1192 -0.244353
1193 0.356322
1194 -0.116629
1195 -0.140366
1196 -0.041402
1197 -0.241144
1198 0.212250
1199 -0.080655
1200 -0.067950
1201 -0.280620
1202 -0.024123
1203 0.333749
1204 -0.129576
1205 -0.043018
1206 0.087601
1207 -0.410818
1208 0.087495
1209 0.165572
1210 -0.048379
1211 0.139227
1212 0.014670
1213 0.341020
1214 -0.193136
1215 -0.019357
0 -0.468164
1 -0.483042
2 0.382581
3 -0.055864
4 -0.076985
5 -0.257604
6 0.129455
7 -0.025538
8 0.203011
9 0.181183
10 0.046851
11 0.393605
12 0.456524
13 0.024158
14 0.160979
15 0.130312
16 0.048202
17 0.081555
18 0.125727
19 0.348680
20 -0.404849
21 0.125080
22 0.076678
23 0.139512
24 -0.574318
25 0.206224
26 -0.302378
27 0.174927
28 0.122559
29 0.001361
30 0.229050
31 0.399817
32 -0.290569
33 -0.530677
34 -0.576937
35 0.167864
36 0.181681
37 -0.069355
38 -0.075553
39 0.095162
40 -0.132747
41 -0.466470
42 -0.196417
43 0.186648
44 -0.179680
45 0.120213
46 -0.015812
47 0.050940
48 -0.411059
49 -0.077856
50 -0.064480
51 -0.203959
52 -0.092082
53 0.032263
54 -0.258060
55 -0.254827
56 -0.194433
57 -0.036368
58 -0.003072
59 -0.150084
60 -0.129557
61 -0.066456
62 0.337914
63 -0.219802
64 -0.223834
65 0.043904
66 -0.115656
67 -0.175531
68 0.054064
69 -0.404084
70 0.091078
71 0.115197
72 0.131715
73 -0.382616
74 -0.217524
75 -0.281184
76 -0.296885
77 -0.236345
78 0.140312
79 -0.130692
80 0.067060
81 -0.040634
82 -0.105085
83 -0.241779
84 0.128685
85 0.029037
86 -0.379796
87 -0.154876
88 -0.248861
89 -0.074619
90 0.048676
91 0.239334
92 -0.020490
93 -0.074436
94 -0.032378
95 -0.032377
96 0.044188
97 -0.173681
98 -0.101282
99 -0.477431
100 -0.682890
101 -0.059576
102 0.130179
103 -0.279961
104 0.362665
105 0.113151
106 -0.114489
107 -0.275650
108 -0.110393
109 -0.167457
110 -0.237931
111 0.105154
112 -0.377416
113 0.000399
114 -0.031142
115 -0.074864
116 -0.159503
117 -0.092246
118 -0.387718
119 -0.340125
120 -0.269058
121 -0.020604
122 0.334288
123 0.170119
124 -0.094131
125 0.146062
126 -0.295488
127 0.117331
128 0.149207
129 0.290665
130 -0.585668
131 -0.121904
132 0.244309
133 0.346308
134 -0.087146
135 0.161894
136 -0.033387
137 -0.274967
138 0.105205
139 0.266567
140 -0.120204
141 0.111364
142 -0.084330
143 -0.027278
144 0.267617
145 0.152611
146 -0.310338
147 0.359247
148 0.007666
149 -0.102131
150 -0.111776
151 -0.080674
152 -0.172491
153 0.011279
154 0.078435
155 -0.214641
156 0.020550
157 0.038431
158 -0.293145
159 -0.220200
160 -0.110087
161 -0.489212
162 0.160282
163 -0.082322
164 -0.182305
165 -0.619847
166 -0.221290
167 -0.020916
168 -0.032604
169 -0.175427
170 0.420799
171 -0.125107
172 -0.278903
173 0.258945
174 0.269036
175 -0.039696
176 0.079922
177 -0.212648
178 -0.179734
179 -0.108583
180 -0.158759
181 -0.326433
182 0.300842
183 -0.003463
184 0.012003
185 -0.427673
186 0.037310
187 0.055357
188 0.734603
189 -0.143393
190 0.077151
191 -0.012682
192 -0.418349
193 -0.184828
194 0.053657
195 0.077783
196 -0.083162
197 -0.094386
198 0.108926
199 0.075867
200 0.167723
201 -0.239592
202 0.127885
203 -0.088301
204 0.021221
205 0.135957
206 -0.645474
207 -0.389371
208 0.085083
209 -0.510870
210 0.522822
211 0.076008
212 0.242912
213 -0.272819
214 -0.271807
215 -0.449382
216 0.323795
217 -0.348584
218 0.101247
219 -0.028459
220 -0.164921
221 0.081662
222 -0.258526
223 -0.351752
224 -0.131788
225 0.160131
226 -0.157817
227 -0.597337
228 -0.305869
229 -0.067572
230 -0.110962
231 -0.119938
232 -0.215827
233 0.059059
234 -0.183474
235 -0.060498
236 -0.174978
237 0.089551
238 -0.029592
239 -0.007050
240 0.135505
241 -0.076058
242 0.174209
243 0.066017
244 -0.007911
245 -0.100556
246 -0.647862
247 -0.004678
248 -0.139224
249 -0.116587
250 -0.145448
251 0.056681
252 -0.065556
253 -0.163071
254 0.043607
255 0.088744
256 -0.062979
257 -0.267417
258 -0.197565
259 0.315433
260 -0.216071
261 -0.099975
262 -0.091807
263 -0.097924
264 -0.303502
265 0.076083
266 -0.197009
267 -0.362378
268 -0.799192
269 -0.135309
270 -0.029623
271 -0.267478
272 0.107030
273 0.330495
274 -0.311966
275 -0.267843
276 -0.728900
277 -0.009863
278 -0.199364
279 -0.224548
280 -0.133842
281 -0.167177
282 -0.170846
283 0.036473
284 0.103388
285 0.209991
286 -0.125787
287 -0.268909
288 -0.055719
289 0.092805
290 -0.184979
291 0.000483
292 -0.137087
293 -0.025867
294 -0.267801
295 0.002920
296 -0.085357
297 -0.122429
298 0.031437
299 -0.010533
300 0.076063
301 -0.438780
302 -0.014351
303 -0.059450
304 -0.047386
305 -0.293278
306 -0.053933
307 -0.205797
308 -0.068487
309 0.060384
310 0.025589
311 -0.172228
312 -0.121825
313 -0.259426
314 -0.133121
315 -0.105794
316 -0.028311
317 0.039747
318 -0.094886
319 -0.144442
320 -0.077830
321 -0.186247
322 -0.236439
323 -0.233691
324 -0.066945
325 -0.042081
326 -0.200751
327 0.112590
328 -0.121115
329 -0.110781
330 0.055699
331 -0.149827
332 -0.194763
333 -0.263584
334 -0.040573
335 0.192254
336 0.184444
337 -0.082217
338 -0.023982
339 0.272206
340 -0.375159
341 0.039657
342 0.064894
343 0.167950
344 0.027620
345 -0.044493
346 0.077811
347 -0.469056
348 -0.135683
349 -0.125218
350 -0.049694
351 -0.151525
352 0.033965
353 -0.029104
354 0.049146
355 -0.189097
356 -0.133372
357 0.196368
358 -0.059494
359 -0.232414
360 -0.652082
361 -0.014545
362 0.014593
363 0.117272
364 0.167628
365 0.168445
366 -0.082208
367 0.027915
368 0.028799
369 0.055916
370 -0.166179
371 0.083019
372 0.000379
373 -0.150988
374 0.128869
375 0.005731
376 -0.196018
377 0.003137
378 -0.305711
379 -0.193580
380 -0.571291
381 0.156016
382 -0.183439
383 -0.065579
384 -0.182727
385 -0.041316
386 -0.007134
387 0.029315
388 -0.103472
389 -0.319242
390 -0.217394
391 0.070464
392 -0.112606
393 -0.011104
394 -0.085401
395 -0.038462
396 -0.017113
397 -0.014237
398 0.077758
399 -0.165376
400 0.231003
401 0.038589
402 0.187286
403 -0.292576
404 -0.250115
405 0.071872
406 0.035098
407 -0.045145
408 -0.079708
409 0.157655
410 -0.162445
411 -0.344021
412 -0.078450
413 -0.205888
414 0.125087
415 -0.152360
416 0.106013
417 0.133323
418 -0.176721
419 -0.032963
420 -0.130445
421 -0.257592
422 -0.360043
423 -0.008977
424 -0.449245
425 -0.219954
426 -0.918709
427 -0.158369
428 -0.206306
429 -0.372445
430 -0.027986
431 -0.037786
432 -0.184712
433 -0.142066
434 0.053441
435 0.020129
436 -0.188680
437 -0.215191
438 0.090898
439 -0.163737
440 -0.232266
441 -0.129728
442 -0.451171
443 -0.154617
444 -0.191193
445 -0.118986
446 -0.470029
447 -0.426213
448 -0.078828
449 -0.111647
450 -0.066958
451 -0.038788
452 -0.077418
453 -0.146389
454 0.085350
455 -0.249421
456 -0.048006
457 -0.429504
458 -0.201939
459 -0.064284
460 0.126982
461 0.186854
462 0.112727
463 0.026127
464 0.245550
465 -0.250107
466 0.059268
467 -0.088151
468 -0.163848
469 -0.372769
470 -0.424760
471 0.115987
472 0.214037
473 0.070188
474 -0.059784
475 0.031558
476 0.008634
477 -0.381287
478 -0.321702
479 0.572751
480 -0.631010
481 -0.158826
482 -0.247885
483 -0.023873
484 -0.307754
485 -0.165373
486 -0.038546
487 -0.120474
488 -0.036813
489 -0.285146
490 -0.379274
491 0.110173
492 -0.278238
493 0.155703
494 -0.352398
495 -0.218758
496 -0.412489
497 -0.113343
498 0.019568
499 0.017515
500 -0.565994
501 -0.047625
502 -0.271594
503 -0.181758
504 -0.073328
505 -0.585989
506 0.029792
507 0.042760
508 -0.032039
509 -0.249366
510 -0.175125
511 -0.134690
512 -0.275749
513 0.110021
514 0.245491
515 -0.258377
516 0.106348
517 0.006948
518 0.090334
519 0.331718
520 -0.201448
521 -0.008070
522 0.410795
523 0.166092
524 0.199095
525 0.104020
526 0.035799
527 0.213810
528 -0.150505
529 -0.017449
530 0.153372
531 0.191953
532 -0.044026
533 -0.105613
534 -0.425879
535 0.263317
536 -0.009155
537 0.311997
538 -0.081094
539 0.481603
540 0.542109
541 -0.121534
542 -0.078029
543 -0.122080
544 -0.005778
545 -0.237394
546 -0.118285
547 0.232556
548 0.072841
549 0.007084
550 0.071169
551 -0.165867
552 0.070653
553 0.313564
554 0.002346
555 0.065271
556 0.127094
557 0.010435
558 0.103776
559 0.026329
560 0.658496
561 0.003854
562 0.082829
563 -0.054388
564 -0.113547
565 0.029019
566 -0.191986
567 0.088970
568 -0.029552
569 -0.077203
570 -0.073793
571 0.028720
572 -0.024394
573 -0.052047
574 -0.017753
575 -0.093390
576 -1.246209
577 -0.023222
578 0.053882
579 -0.003961
580 0.058505
581 -0.057570
582 0.030447
583 0.428455
584 -0.555755
585 0.030556
586 0.151046
587 0.288274
588 -0.062230
589 -0.055650
590 -0.184196
591 0.127547
592 0.109357
593 -0.057594
594 0.000799
595 -0.183817
596 -0.120338
597 0.049787
598 -0.007640
599 -0.618754
600 -0.160017
601 0.041800
602 -0.017177
603 -0.050675
604 0.066067
605 0.027615
606 0.040934
607 -0.048015
608 -0.041106
609 -0.081487
610 0.000071
611 0.031750
612 -0.094315
613 0.093322
614 -0.083394
615 -0.029371
616 0.164918
617 -0.004558
618 -0.000174
619 0.073274
620 -0.061690
621 -0.104938
622 -0.002837
623 0.106415
624 0.044118
625 0.068267
626 -0.036140
627 -0.094118
628 0.131290
629 0.152859
630 0.048206
631 0.003723
632 0.050567
633 -0.080114
634 0.030002
635 -0.078214
636 -0.024838
637 0.057897
638 0.008655
639 -0.081518
640 0.102558
641 -0.106485
642 -0.020586
643 -0.106164
644 -0.149407
645 -0.106371
646 -0.106645
647 0.102140
648 -0.006278
649 -0.139209
650 0.074924
651 0.063007
652 0.518354
653 -0.398516
654 0.315758
655 -0.088440
656 -0.049598
657 -0.234614
658 -0.056079
659 0.279842
660 -0.115214
661 0.000358
662 0.082996
663 0.036037
664 -0.398843
665 0.552542
666 -0.206108
667 0.142006
668 -0.023805
669 -0.010651
670 -0.093316
671 -0.129628
672 -0.216028
673 0.099278
674 0.244992
675 -0.030911
676 0.014918
677 0.088617
678 -0.100414
679 -0.301727
680 -0.342124
681 0.128264
682 0.150320
683 0.234335
684 -0.071445
685 -0.406507
686 -0.050587
687 0.242252
688 -0.109168
689 -0.073251
690 -0.263146
691 -0.648519
692 0.021980
693 0.299969
694 0.034570
695 0.008163
696 0.571546
697 -0.232393
698 0.041424
699 -0.098925
700 0.074041
701 -0.185274
702 -0.337792
703 -0.303813
704 0.012779
705 -0.532952
706 0.175319
707 -0.737478
708 0.012423
709 -0.206772
710 0.441935
711 0.035874
712 0.200782
713 -0.079102
714 0.199579
715 0.184407
716 -0.091806
717 -0.196128
718 -0.081158
719 0.147141
720 -0.007720
721 -0.084047
722 0.274188
723 -0.425239
724 -0.120925
725 -0.092262
726 -0.172968
727 -0.063254
728 0.041861
729 0.302781
730 0.028509
731 0.371325
732 -0.069127
733 -0.423059
734 0.137931
735 -0.023060
736 -0.481368
737 -0.108422
738 -0.251613
739 -0.139115
740 0.121011
741 -0.027377
742 -0.284887
743 0.099747
744 -0.016144
745 -0.305949
746 0.032763
747 0.108196
748 -0.398786
749 -0.198179
750 0.102224
751 -0.063891
752 0.213837
753 -0.187583
754 -0.301560
755 -0.402089
756 -0.381575
757 0.060529
758 -0.026335
759 -0.500449
760 -0.388131
761 -0.025270
762 -0.446541
763 -0.027671
764 0.145258
765 0.085182
766 -0.389051
767 0.188520
768 0.140434
769 -0.417493
770 -0.104946
771 -0.355073
772 -0.110096
773 0.209886
774 0.037142
775 0.068640
776 -0.322440
777 -0.513994
778 0.241294
779 0.224456
780 -0.092161
781 -0.597407
782 -0.276071
783 -0.096280
784 0.147297
785 -0.040613
786 0.013260
787 -0.332564
788 -0.574490
789 -0.293266
790 -0.287774
791 -0.080657
792 -0.171455
793 0.047417
794 -0.279732
795 0.121675
796 -0.029068
797 -0.078992
798 0.244984
799 -0.131418
800 0.000736
801 -0.103157
802 -0.640727
803 -0.093824
804 0.282362
805 -0.236848
806 -0.081752
807 0.009827
808 0.016943
809 -0.021927
810 -0.091324
811 0.195948
812 -0.170622
813 0.288506
814 -0.139557
815 0.297400
816 -0.086753
817 -0.101328
818 -0.106595
819 -0.125354
820 0.117168
821 -0.036496
822 -0.142130
823 -0.300985
824 -0.022779
825 -0.138303
826 -0.275292
827 -0.124016
828 -0.366145
829 -0.303477
830 -0.025892
831 -0.367585
832 0.034870
833 0.095004
834 -0.052558
835 -0.043158
836 0.051452
837 0.055028
838 -0.048649
839 -0.074317
840 0.036900
841 -0.207531
842 -0.253206
843 0.038918
844 -0.339876
845 -0.223255
846 0.110476
847 -0.205848
848 -0.061376
849 -0.228072
850 -0.219938
851 0.017790
852 -1.098831
853 -0.223097
854 0.163516
855 -0.329233
856 -0.195692
857 0.328033
858 0.012985
859 0.196719
860 -0.139022
861 -0.226524
862 0.028787
863 -0.178093
864 -0.319779
865 0.138040
866 -0.081299
867 -0.196005
868 -0.143479
869 0.157300
870 -0.194662
871 0.059553
872 -0.025591
873 -0.130350
874 -0.276008
875 0.097130
876 -0.083546
877 0.105512
878 -0.074137
879 0.056076
880 -0.149475
881 0.285987
882 -0.075362
883 -0.109899
884 -0.272715
885 -0.219769
886 -0.334441
887 0.226213
888 -0.051681
889 0.010384
890 -0.333954
891 -0.977543
892 -0.179134
893 -0.162351
894 0.138185
895 -0.093149
896 0.149017
897 0.158166
898 -0.187236
899 -0.019923
900 0.183068
901 -0.175675
902 0.077028
903 0.048061
904 0.034361
905 0.078820
906 -0.057770
907 0.161373
908 0.113633
909 0.185644
910 -0.174928
911 0.225655
912 -0.090797
913 -0.113702
914 -0.171795
915 -0.150735
916 0.079040
917 -0.098262
918 -0.236780
919 -0.297621
920 0.087635
921 0.199578
922 -0.106592
923 -0.286279
924 -0.162339
925 -0.248820
926 0.145520
927 -0.058339
928 -0.136819
929 -0.042477
930 -0.371802
931 0.244803
932 -0.012934
933 -0.059722
934 -0.123350
935 -0.071307
936 0.291840
937 0.039205
938 -0.010911
939 -0.011924
940 -0.312688
941 0.075558
942 -0.090044
943 -0.117599
944 0.154106
945 -0.332613
946 0.141847
947 0.173573
948 0.386279
949 0.004295
950 -0.005771
951 -0.059545
952 -0.120740
953 0.049627
954 -0.039211
955 -0.165920
956 -0.055319
957 0.010726
958 0.217672
959 -0.124084
960 -0.061874
961 -0.115275
962 -0.019068
963 -0.026860
964 0.101697
965 -0.057222
966 -0.084334
967 0.425245
968 0.167810
969 -0.195602
970 -0.101827
971 0.109013
972 0.185653
973 0.140711
974 -0.088362
975 0.158014
976 -0.532650
977 0.243110
978 -0.617365
979 0.148755
980 0.000646
981 -0.249512
982 -0.261163
983 -0.449415
984 -0.198855
985 -0.094592
986 -0.065392
987 -0.042064
988 0.113704
989 0.119509
990 -0.085133
991 0.011487
992 -0.114653
993 -0.392528
994 -0.072567
995 0.241064
996 -0.222283
997 0.067860
998 -0.133079
999 -0.093421
1000 0.222593
1001 -0.180018
1002 -0.074497
1003 -0.009113
1004 -0.166843
1005 -0.181090
1006 -0.253413
1007 -0.233904
1008 0.048396
1009 -0.217555
1010 -0.044622
1011 0.096612
1012 0.072626
1013 0.481588
1014 0.080603
1015 -0.366540
1016 -0.208667
1017 0.169660
1018 -0.030442
1019 -0.325350
1020 0.094112
1021 0.019055
1022 0.055723
1023 -0.363771
1024 -0.120698
1025 -0.126936
1026 -0.292676
1027 -0.144231
1028 -0.214117
1029 -0.072533
1030 -0.263847
1031 -0.004974
1032 0.398453
1033 0.021619
1034 0.063475
1035 0.099242
1036 -0.068827
1037 0.067808
1038 -0.224658
1039 -0.200701
1040 0.115043
1041 0.073902
1042 -0.015489
1043 0.157402
1044 -0.159893
1045 -0.291229
1046 0.444198
1047 -0.016162
1048 -0.169358
1049 0.032837
1050 -0.248449
1051 -0.027097
1052 0.154126
1053 -0.223335
1054 -0.318948
1055 -0.011603
1056 -0.042977
1057 -0.065097
1058 -0.106591
1059 -0.216420
1060 -0.169667
1061 0.361533
1062 0.033340
1063 -0.156679
1064 -0.350395
1065 -0.489316
1066 -0.049689
1067 0.213138
1068 0.022635
1069 -0.188673
1070 -0.287106
1071 0.089596
1072 -0.022348
1073 -0.346829
1074 -0.176426
1075 -0.110376
1076 0.050581
1077 -0.441298
1078 0.024421
1079 0.025119
1080 -0.222003
1081 -0.013283
1082 -0.261520
1083 -0.254965
1084 -0.199208
1085 -0.268874
1086 -0.138195
1087 -0.269500
1088 -0.152563
1089 -0.319420
1090 -0.347024
1091 0.047977
1092 0.472403
1093 -0.062159
1094 -0.019994
1095 -0.190330
1096 0.107615
1097 0.233570
1098 -0.057795
1099 -0.370459
1100 0.233336
1101 0.004840
1102 -0.287063
1103 0.244365
1104 -0.196515
1105 -0.206416
1106 -0.118099
1107 -0.166231
1108 0.217500
1109 -0.091408
1110 0.002019
1111 0.360213
1112 -0.233383
1113 0.208477
1114 -0.196984
1115 -0.725058
1116 -0.131199
1117 0.086893
1118 -0.081553
1119 -0.092725
1120 -0.011897
1121 0.015348
1122 0.080457
1123 0.237562
1124 0.236902
1125 -0.194888
1126 0.380912
1127 0.175914
1128 -0.124452
1129 -0.036994
1130 0.060369
1131 -0.186674
1132 0.307043
1133 0.059477
1134 0.091030
1135 0.202996
1136 0.015382
1137 -0.118510
1138 -0.197850
1139 -0.308957
1140 0.186540
1141 0.080950
1142 0.346392
1143 -0.023525
1144 0.192112
1145 0.189448
1146 0.081019
1147 0.193467
1148 -0.186401
1149 0.095800
1150 0.087196
1151 -0.234138
1152 -0.468832
1153 0.067077
1154 -0.083966
1155 -0.097239
1156 -0.023299
1157 -0.359885
1158 -0.051167
1159 -0.109929
1160 -0.006021
1161 -0.119096
1162 0.018989
1163 -0.099618
1164 -0.023459
1165 -0.021223
1166 0.068749
1167 -0.242456
1168 0.181968
1169 0.237844
1170 -0.309221
1171 0.186967
1172 0.078759
1173 -0.037431
1174 0.064673
1175 -0.089732
1176 -0.346992
1177 0.008490
1178 -0.364692
1179 0.203177
1180 -0.137846
1181 -0.302547
1182 0.379571
1183 -0.228234
1184 0.048473
1185 0.162696
1186 -0.051962
1187 0.095888
1188 -0.267362
1189 0.111929
1190 -0.088034
1191 -0.230339
1192 -0.244353
1193 0.356322
1194 -0.116629
1195 -0.140366
1196 -0.041402
1197 -0.241144
1198 0.212250
1199 -0.080655
1200 -0.067950
1201 -0.280620
1202 -0.024123
1203 0.333749
1204 -0.129576
1205 -0.043018
1206 0.087601
1207 -0.410818
1208 0.087495
1209 0.165572
1210 -0.048379
1211 0.139227
1212 0.014670
1213 0.341020
1214 -0.193136
1215 -0.019357
0 -0.468164
1 -0.451049
2 -0.371737
3 0.009133
4 -0.439052
5 -0.106166
6 -0.047346
7 0.082520
8 0.162720
9 -0.262132
10 0.042680
11 0.400644
12 0.224133
13 0.186619
14 0.127155
15 -0.174697
16 -0.017701
17 -0.138307
18 -0.219289
19 -0.486749
20 0.212991
21 0.207366
22 0.017119
23 -0.155391
24 -0.108006
25 -0.558919
26 -0.146650
27 0.146387
28 0.104274
29 -0.145259
30 0.480073
31 -0.200339
32 -0.355989
33 0.021743
34 -0.202291
35 0.230227
36 0.010069
37 0.286630
38 0.142218
39 0.371213
40 -0.054325
41 0.043661
42 0.019235
43 -0.096853
44 -0.065498
45 -0.009718
46 0.099104
47 -0.307907
48 0.038897
49 0.252611
50 0.041442
51 -0.256826
52 -0.026982
53 -0.080776
54 -0.077268
55 -0.156257
56 -0.068624
57 -0.201167
58 0.097783
59 -0.553316
60 -0.032397
61 -0.028926
62 -0.002990
63 0.140632
64 -0.084571
65 0.074399
66 -0.155848
67 0.171556
68 0.089582
69 -0.358019
70 0.059498
71 -0.223766
72 -0.360827
73 -0.079822
74 0.108927
75 0.069395
76 0.075169
77 -0.347484
78 -0.166391
79 -0.040283
80 0.006493
81 0.095485
82 -0.238909
83 -0.048589
84 -0.057340
85 -0.071362
86 0.029404
87 0.081857
88 0.000008
89 -0.005067
90 0.057301
91 -0.077015
92 -0.809840
93 0.583548
94 -0.155494
95 -0.029303
96 -0.029255
97 -0.003356
98 0.214380
99 -0.104491
100 -0.130640
101 0.197602
102 -0.198711
103 -0.245932
104 -0.167836
105 -0.255678
106 -0.193562
107 -0.286443
108 -0.122805
109 0.068276
110 -0.085435
111 0.602164
112 -0.342457
113 0.213557
114 0.029002
115 0.042675
116 0.043742
117 -0.605517
118 -0.126744
119 -0.503593
120 -0.012569
121 -0.146253
122 -0.109724
123 0.027770
124 -0.046322
125 -0.164396
126 0.075118
127 -0.063189
128 -0.123464
129 -0.355773
130 0.118339
131 0.374699
132 -0.366184
133 -0.125169
134 -0.179294
135 -0.114443
136 -0.085029
137 -0.244105
138 -0.231492
139 -0.054095
140 0.011223
141 -0.185331
142 -0.107104
143 0.269364
144 -0.151844
145 -0.158356
146 -0.264167
147 0.291753
148 0.074929
149 0.124718
150 -0.226118
151 -0.007039
152 -0.289721
153 -0.037837
154 -0.143078
155 -0.563540
156 -0.121737
157 -0.021080
158 -0.046718
159 -0.136876
160 0.235222
161 0.106291
162 -0.249360
163 -0.104394
164 -0.149975
165 0.035967
166 -0.256370
167 0.121856
168 -0.013230
169 0.108803
170 0.195652
171 -0.182034
172 -0.206605
173 -0.297679
174 -0.148596
175 -0.283231
176 0.392577
177 0.021285
178 0.406661
179 0.022912
180 -0.266522
181 -0.070893
182 0.237999
183 -0.147012
184 0.089332
185 0.143647
186 0.066100
187 -0.063381
188 -0.095243
189 0.039457
190 0.234373
191 -0.113253
192 0.217557
193 0.124868
194 0.051146
195 -0.142268
196 0.439195
197 -0.554307
198 -0.338383
199 0.021219
200 -0.421427
201 0.180468
202 -0.470294
203 -0.105793
204 0.189379
205 -0.065038
206 -0.107976
207 -0.104398
208 0.014356
209 -0.060702
210 0.104686
211 -0.024509
212 0.132573
213 0.083120
214 0.312113
215 -0.393463
216 -0.348465
217 0.188247
218 0.052998
219 -0.307308
220 0.221494
221 0.218502
222 0.095821
223 0.141978
224 0.141995
225 -0.034486
226 -0.133009
227 -0.358165
228 0.210262
229 0.294770
230 -0.191989
231 0.073393
232 0.217596
233 0.021611
234 -0.002835
235 0.044594
236 -0.172121
237 0.017180
238 -0.019814
239 0.045163
240 -0.008134
241 -0.006292
242 -0.026292
243 0.119791
244 0.194549
245 0.280995
246 -0.181615
247 0.205602
248 0.003392
249 -0.122188
250 -0.127411
251 -0.059739
252 0.124131
253 0.026002
254 0.009686
255 0.114253
256 -0.061690
257 -0.151775
258 0.273655
259 0.022348
260 -0.322058
261 0.040603
262 -0.060459
263 0.307129
264 -1.512181
265 -1.053456
266 -0.024701
267 0.261688
268 0.125726
269 -0.011962
270 0.348903
271 -0.049365
272 0.002338
273 -1.052285
274 -0.099499
275 -0.016709
276 0.079726
277 0.104498
278 -0.001327
279 0.047720
280 0.288800
281 0.126212
282 0.113462
283 0.002874
284 -0.065070
285 -0.062127
286 0.016257
287 -0.065066
288 0.122748
289 -0.056696
290 -0.149171
291 0.010759
292 0.042016
293 0.018157
294 0.156521
295 0.090630
296 0.120541
297 -0.048323
298 0.039434
299 -0.356030
300 -0.155295
301 0.029569
302 0.056018
303 0.381189
304 -0.016442
305 0.105588
306 -0.302925
307 -0.141877
308 0.210118
309 0.059500
310 0.113996
311 -0.048846
312 0.130112
313 0.024494
314 0.158256
315 0.053802
316 0.084150
317 0.121228
318 -0.002297
319 0.079196
320 0.055358
321 0.006569
322 0.031655
323 0.302533
324 0.248352
325 0.207300
326 0.081966
327 0.210977
328 -0.075937
329 0.022503
330 -0.008702
331 -0.036384
332 0.086455
333 0.040542
334 0.032672
335 0.070849
336 0.256742
337 0.226033
338 -0.031129
339 -0.015511
340 0.084600
341 0.108268
342 0.087286
343 -0.038080
344 0.083423
345 0.366336
346 0.114125
347 0.056828
348 0.078062
349 -0.057177
350 -0.164657
351 -0.045869
352 -0.002083
353 0.032498
354 0.100538
355 0.013583
356 0.029571
357 0.013645
358 -0.002911
359 -0.020563
360 0.039681
361 0.291899
362 0.276134
363 -0.009595
364 0.141316
365 0.114809
366 0.130617
367 -0.087458
368 -0.037216
369 0.190914
370 0.059818
371 0.121843
372 0.027542
373 -0.050560
374 -0.014763
375 0.442562
376 0.022737
377 0.056140
378 0.144734
379 -0.155255
380 -0.014883
381 0.220117
382 0.012362
383 0.135888
384 0.083079
385 -0.000001
386 0.144002
387 0.091693
388 0.085736
389 0.065753
390 0.265596
391 -0.055134
392 -0.019118
393 -0.042792
394 0.031042
395 0.037984
396 -0.008214
397 0.121161
398 0.001062
399 0.052445
400 -0.002317
401 0.227758
402 0.158123
403 0.229895
404 0.294623
405 0.232383
406 0.023987
407 0.046577
408 -0.052585
409 -0.185125
410 0.030284
411 0.186967
412 -0.175276
413 0.091733
414 0.029552
415 0.163044
416 0.132631
417 0.010962
418 -0.057661
419 0.133786
420 -0.101617
421 0.325613
422 -0.104481
423 0.059180
424 -0.102324
425 -0.185360
426 0.160907
427 -0.075468
428 0.098691
429 0.097374
430 0.173113
431 -0.142623
432 -0.049977
433 -0.040388
434 0.005663
435 0.080421
436 -0.076191
437 -0.029482
438 0.075649
439 -0.029664
440 0.092273
441 0.091687
442 0.087855
443 -0.272366
444 -0.155558
445 -0.199713
446 -0.169683
447 -0.050903
448 -0.002959
449 -0.015194
450 -0.080842
451 -0.082429
452 0.233656
453 0.054774
454 -0.171847
455 0.087995
456 -0.195112
457 0.068796
458 -0.124263
459 -0.063993
460 -0.036802
461 -0.028160
462 0.058745
463 0.072847
464 0.138923
465 -0.032775
466 -0.204605
467 -0.009686
468 0.027464
469 -0.163194
470 0.154121
471 0.077086
472 0.102652
473 0.121448
474 0.006206
475 0.013482
476 0.001537
477 -0.132151
478 0.025382
479 -0.523837
480 0.050757
481 -0.030448
482 -0.145566
483 0.047509
484 0.099961
485 -0.141429
486 0.139782
487 -0.019509
488 0.014213
489 -0.005237
490 0.051184
491 -0.057666
492 -0.037109
493 0.161680
494 0.185400
495 0.081102
496 -0.155447
497 0.020502
498 -0.072811
499 -0.066519
500 0.073074
501 0.046439
502 -0.085374
503 -0.075400
504 0.141042
505 0.119164
506 0.091939
507 -0.189436
508 -0.100293
509 -0.072636
510 -0.425594
511 -0.106801
512 -0.061944
513 0.181506
514 0.197738
515 -0.065051
516 0.106092
517 0.012107
518 -0.098961
519 0.111700
520 0.158636
521 -0.018015
522 -0.019640
523 -0.131777
524 -0.000678
525 -0.031637
526 -0.037192
527 0.156172
528 0.055265
529 -0.038182
530 -0.039712
531 -0.091456
532 0.030374
533 0.024097
534 -0.024925
535 0.171542
536 0.085358
537 -0.037075
538 -0.002240
539 0.193774
540 -1.214497
541 0.017291
542 -0.086989
543 0.107793
544 0.032457
545 -0.018792
546 0.007317
547 0.063297
548 -0.136068
549 -0.073008
550 -0.162061
551 0.097108
552 0.050136
553 -0.200666
554 0.069551
555 0.452901
556 0.058546
557 0.076238
558 -0.118348
559 0.186907
560 -0.089600
561 -0.203337
562 0.100626
563 0.138817
564 -0.176439
565 -0.009546
566 -0.040871
567 -0.043285
568 0.151138
569 0.096256
570 -0.086307
571 0.017185
572 0.103373
573 -0.115914
574 0.045346
575 -0.105817
576 -0.041329
577 -0.119982
578 0.046108
579 -0.018526
580 0.159822
581 0.229519
582 0.061300
583 0.057624
584 -0.179543
585 -0.210391
586 0.365069
587 0.166525
588 0.125535
589 -0.094264
590 -0.112964
591 0.420760
592 0.152498
593 0.590516
594 -0.258392
595 0.147321
596 0.085075
597 -0.157513
598 -0.079932
599 0.265610
600 -0.259222
601 -0.193166
602 -0.027622
603 -0.321996
604 -0.275430
605 -0.015931
606 -0.320858
607 -0.026113
608 0.099608
609 0.148242
610 0.399668
611 0.310852
612 0.190793
613 0.252481
614 0.189172
615 0.905716
616 0.057381
617 -0.097943
618 -0.223393
619 -0.352835
620 -0.155363
621 0.310953
622 -0.115292
623 0.096439
624 -0.181808
625 -0.099162
626 -0.122200
627 0.265131
628 0.021792
629 0.023386
630 -0.127474
631 -0.150422
632 -0.408275
633 -0.235504
634 -0.119216
635 0.002206
636 0.042115
637 -0.374374
638 0.137508
639 -0.167149
640 -0.133312
641 0.025250
642 -0.332874
643 -0.169405
644 -0.273326
645 0.162443
646 -0.336960
647 0.108060
648 -0.272008
649 -0.191671
650 -0.052522
651 0.107191
652 -0.144805
653 -0.256827
654 0.068427
655 -0.101361
656 0.180421
657 -0.139591
658 0.119503
659 0.102089
660 0.058448
661 -0.224112
662 -0.214047
663 -0.143896
664 0.067287
665 -0.274462
666 -0.140344
667 0.188358
668 0.069852
669 -0.527602
670 -0.106091
671 -0.188991
672 -0.199214
673 0.127014
674 -0.054220
675 -0.305796
676 -0.060191
677 0.085263
678 0.475810
679 -0.263072
680 0.007750
681 0.207817
682 0.008063
683 0.270080
684 0.116683
685 -0.343967
686 -0.141440
687 -0.378109
688 0.072917
689 -0.181059
690 0.235221
691 -0.028527
692 -0.422975
693 0.068191
694 -0.008370
695 0.251741
696 0.216133
697 -0.503147
698 0.087452
699 -0.215028
700 0.558470
701 -0.061775
702 -0.024548
703 -0.145390
704 -0.218206
705 0.091683
706 -0.154231
707 0.322402
708 0.063894
709 -0.207207
710 0.035465
711 0.228062
712 -0.412800
713 -0.035390
714 -0.523282
715 -0.208511
716 0.269531
717 0.395896
718 0.154563
719 -0.394284
720 -0.203736
721 0.141250
722 -0.114853
723 -0.220216
724 -0.035817
725 -0.365765
726 0.255452
727 -0.256929
728 -0.080331
729 0.038254
730 0.154868
731 -0.045524
732 0.347597
733 0.384372
734 0.154663
735 0.053211
736 0.160653
737 -0.438422
738 -0.254745
739 -0.055353
740 0.131333
741 0.166996
742 -0.019051
743 -0.011425
744 -0.119782
745 0.028576
746 -0.065472
747 0.134617
748 -0.097637
749 -0.082750
750 0.251407
751 -0.114418
752 0.232679
753 0.076341
754 0.211529
755 0.084900
756 -0.024154
757 0.183272
758 -0.186700
759 0.050074
760 0.045129
761 -1.068810
762 0.081960
763 -0.144249
764 0.018696
765 0.162591
766 0.006188
767 -0.330193
768 -0.066615
769 -0.107815
770 0.198197
771 0.146729
772 -0.356148
773 0.283861
774 0.120192
775 -0.027971
776 0.132465
777 0.149462
778 -0.215552
779 -0.289377
780 0.328569
781 -0.379434
782 -0.013023
783 0.064220
784 -0.410057
785 0.024962
786 -0.273982
787 0.564912
788 0.018943
789 0.163529
790 -0.130069
791 -0.012608
792 0.182108
793 -0.089620
794 0.006948
795 0.230172
796 0.084735
797 -0.517720
798 0.312992
799 -0.252495
800 -0.023407
801 -0.082621
802 0.039022
803 0.054218
804 -0.138927
805 -0.521786
806 -0.031040
807 0.294718
808 -0.181787
809 -0.029943
810 0.051637
811 0.288593
812 0.060739
813 -0.279048
814 0.216129
815 0.011753
816 0.000204
817 -0.093483
818 0.095552
819 -0.083740
820 -0.032991
821 -0.206752
822 0.054882
823 -0.234701
824 0.032316
825 0.316787
826 0.079612
827 0.176937
828 -0.067857
829 0.153791
830 0.031642
831 -0.240789
832 0.098831
833 0.162787
834 0.046618
835 0.035001
836 -0.009919
837 -0.051459
838 -0.199907
839 0.117819
840 0.108181
841 -0.204941
842 -0.266941
843 -0.439926
844 -0.221754
845 -0.103984
846 -0.094510
847 0.173985
848 -0.114448
849 -0.051908
850 0.397174
851 0.110976
852 -0.178517
853 -0.363773
854 -0.052042
855 0.008117
856 -0.339218
857 -0.442963
858 -0.048631
859 0.020257
860 -0.404682
861 -0.361403
862 -0.088205
863 0.196295
864 -0.308512
865 0.062927
866 -0.280806
867 -0.162170
868 0.119014
869 -0.398897
870 -0.693567
871 0.103321
872 -0.300027
873 0.109882
874 -0.556308
875 -0.161762
876 0.125203
877 0.375734
878 -0.164213
879 0.163835
880 -0.481832
881 0.215681
882 -0.035767
883 0.115374
884 0.099546
885 0.272509
886 -0.008702
887 -0.000063
888 -0.140773
889 -0.281367
890 -0.266108
891 0.022299
892 -0.381762
893 0.228570
894 0.007406
895 -0.137531
896 -0.109206
897 0.139911
898 0.029047
899 -0.332198
900 0.018496
901 -0.018789
902 -0.175884
903 -0.009143
904 -0.031378
905 0.058514
906 0.047873
907 0.319797
908 0.374629
909 -0.167515
910 -0.507884
911 -0.007065
912 0.024681
913 -0.004859
914 -0.083498
915 0.002497
916 -0.319927
917 0.055291
918 0.249914
919 -0.184746
920 -0.354107
921 -0.267939
922 -0.050863
923 0.187103
924 -0.312711
925 0.279197
926 -0.331557
927 0.201321
928 0.161677
929 0.024095
930 -0.009621
931 -0.307626
932 -0.168221
933 0.031256
934 -0.331063
935 -0.190929
936 0.012471
937 -0.253222
938 -0.154219
939 -0.141603
940 -0.419366
941 -0.156543
942 0.035864
943 0.044033
944 -0.045994
945 -0.372697
946 -0.274355
947 -0.077167
948 -0.044801
949 -0.080172
950 0.000444
951 -0.083447
952 -0.038909
953 -0.022807
954 -0.233426
955 0.011683
956 -0.157502
957 -0.368543
958 -0.175501
959 -0.192780
960 -0.813972
961 0.091445
962 -0.199729
963 0.059035
964 -0.007581
965 -0.046210
966 0.043268
967 -0.515279
968 0.096346
969 -0.061697
970 -0.243456
971 0.004884
972 -0.386255
973 0.101663
974 -0.062908
975 -0.175336
976 -0.302912
977 -0.305239
978 -0.055683
979 -0.005468
980 -0.315743
981 0.093426
982 -0.418143
983 0.048160
984 0.211779
985 0.273783
986 0.371147
987 0.228659
988 -0.113234
989 -0.163746
990 0.413762
991 0.003476
992 0.122625
993 -0.229777
994 0.103372
995 -0.107311
996 0.054382
997 -0.089027
998 -0.184105
999 -0.213572
1000 -0.298118
1001 0.214849
1002 0.043478
1003 0.247999
1004 -0.110307
1005 0.015792
1006 -0.168029
1007 0.154350
1008 -0.185664
1009 -0.331028
1010 0.265609
1011 0.075693
1012 0.093308
1013 -0.128401
1014 -0.026035
1015 0.089639
1016 -0.076507
1017 0.236718
1018 0.451259
1019 0.009520
1020 0.004670
1021 0.552995
1022 0.029670
1023 0.272891
1024 0.425027
1025 0.066383
1026 -0.119162
1027 -0.129830
1028 0.250284
1029 -0.069717
1030 -0.077666
1031 -0.023239
1032 0.137784
1033 0.024835
1034 -0.177973
1035 0.060768
1036 -0.204458
1037 -0.017273
1038 0.417558
1039 -0.157634
1040 -0.210657
1041 -0.290780
1042 -0.042178
1043 -0.084178
1044 -0.369716
1045 -0.455255
1046 -0.313631
1047 0.339595
1048 0.343617
1049 0.132320
1050 -0.181931
1051 -0.200588
1052 0.095120
1053 -0.264926
1054 -0.122345
1055 -0.286900
1056 0.086003
1057 -0.023372
1058 -0.273654
1059 -0.347138
1060 -0.023417
1061 0.120759
1062 0.111728
1063 -0.506233
1064 0.121201
1065 -0.177562
1066 0.234879
1067 -0.104060
1068 0.043957
1069 0.194062
1070 -0.026977
1071 0.302104
1072 0.042789
1073 -0.165230
1074 0.041896
1075 0.211111
1076 -0.203358
1077 0.082714
1078 0.240751
1079 0.192216
1080 0.004686
1081 -0.284199
1082 -0.470423
1083 -0.080629
1084 -0.240090
1085 0.001412
1086 -0.294921
1087 -0.457527
1088 0.037230
1089 0.185874
1090 -0.190749
1091 0.246664
1092 -0.074806
1093 -0.383456
1094 0.248925
1095 -0.040557
1096 -0.294061
1097 0.876402
1098 -0.081333
1099 0.211287
1100 -0.260206
1101 0.048745
1102 -0.117246
1103 -0.105746
1104 0.255006
1105 0.120032
1106 -0.256645
1107 -0.229162
1108 -0.042766
1109 0.050455
1110 -0.098207
1111 -0.064088
1112 -0.178737
1113 0.304464
1114 -0.188092
1115 -0.132737
1116 0.065620
1117 0.026946
1118 -0.106666
1119 -0.054069
1120 -0.180097
1121 -0.158175
1122 -0.133668
1123 -0.204040
1124 -0.184340
1125 -0.200639
1126 0.027121
1127 -0.126167
1128 0.089684
1129 0.052519
1130 -0.095575
1131 0.144837
1132 -0.079978
1133 -0.085374
1134 0.140991
1135 -0.372846
1136 -0.062965
1137 0.025186
1138 0.050513
1139 -0.045132
1140 0.021841
1141 -0.121238
1142 0.091805
1143 -0.286660
1144 0.058010
1145 0.097950
1146 -0.490654
1147 -0.294028
1148 -0.028483
1149 0.359514
1150 -0.215016
1151 -0.498013
1152 0.008829
1153 0.229684
1154 -0.023323
1155 -0.238909
1156 0.458756
1157 -0.018733
1158 0.079064
1159 0.074785
1160 -0.249817
1161 -0.343359
1162 -0.470776
1163 -0.051607
1164 -0.561597
1165 -0.029074
1166 0.046287
1167 0.091193
1168 0.217047
1169 -0.111743
1170 -0.166763
1171 0.202294
1172 -0.113111
1173 0.257064
1174 -0.946815
1175 0.105454
1176 -0.052326
1177 0.556421
1178 -0.108017
1179 -0.274394
1180 0.462105
1181 0.140540
1182 -0.137338
1183 0.097754
1184 -0.186929
1185 0.262850
1186 0.049487
1187 0.035266
1188 0.200907
1189 -0.008974
1190 -0.217493
1191 -0.058531
1192 -0.010695
1193 -0.139719
1194 0.097991
1195 0.075247
1196 -0.843479
1197 -0.058515
1198 0.114782
1199 -0.167182
1200 -0.060915
1201 -0.026845
1202 0.257770
1203 0.118129
1204 -0.657373
1205 0.126551
1206 0.129503
1207 -0.198499
1208 0.296994
1209 0.051236
1210 -0.248519
1211 0.057963
1212 -0.312002
1213 0.018164
1214 -0.191458
1215 -0.114743
1216 -0.181993
1217 -0.255738
1218 -0.045732
1219 -0.037564
1220 0.402426
1221 -0.323572
1222 -0.089397
1223 0.042998
0 -0.468164
1 -0.451049
2 -0.371737
3 0.009133
4 -0.439052
5 -0.106166
6 -0.047346
7 0.082520
8 0.162720
9 -0.262132
10 0.042680
11 0.400644
12 0.224133
13 0.186619
14 0.127155
15 -0.174697
16 -0.017701
17 -0.138307
18 -0.219289
19 -0.486749
20 0.212991
21 0.207366
22 0.017119
23 -0.155391
24 -0.108006
25 -0.558919
26 -0.146650
27 0.146387
28 0.104274
29 -0.145259
30 0.480073
31 -0.200339
32 -0.355989
33 0.021743
34 -0.202291
35 0.230227
36 0.010069
37 0.286630
38 0.142218
39 0.371213
40 -0.054325
41 0.043661
42 0.019235
43 -0.096853
44 -0.065498
45 -0.009718
46 0.099104
47 -0.307907
48 0.038897
49 0.252611
50 0.041442
51 -0.256826
52 -0.026982
53 -0.080776
54 -0.077268
55 -0.156257
56 -0.068624
57 -0.201167
58 0.097783
59 -0.553316
60 -0.032397
61 -0.028926
62 -0.002990
63 0.140632
64 -0.084571
65 0.074399
66 -0.155848
67 0.171556
68 0.089582
69 -0.358019
70 0.059498
71 -0.223766
72 -0.360827
73 -0.079822
74 0.108927
75 0.069395
76 0.075169
77 -0.347484
78 -0.166391
79 -0.040283
80 0.006493
81 0.095485
82 -0.238909
83 -0.048589
84 -0.057340
85 -0.071362
86 0.029404
87 0.081857
88 0.000008
89 -0.005067
90 0.057301
91 -0.077015
92 -0.809840
93 0.583548
94 -0.155494
95 -0.029303
96 -0.029255
97 -0.003356
98 0.214380
99 -0.104491
100 -0.130640
101 0.197602
102 -0.198711
103 -0.245932
104 -0.167836
105 -0.255678
106 -0.193562
107 -0.286443
108 -0.122805
109 0.068276
110 -0.085435
111 0.602164
112 -0.342457
113 0.213557
114 0.029002
115 0.042675
116 0.043742
117 -0.605517
118 -0.126744
119 -0.503593
120 -0.012569
121 -0.146253
122 -0.109724
123 0.027770
124 -0.046322
125 -0.164396
126 0.075118
127 -0.063189
128 -0.123464
129 -0.355773
130 0.118339
131 0.374699
132 -0.366184
133 -0.125169
134 -0.179294
135 -0.114443
136 -0.085029
137 -0.244105
138 -0.231492
139 -0.054095
140 0.011223
141 -0.185331
142 -0.107104
143 0.269364
144 -0.151844
145 -0.158356
146 -0.264167
147 0.291753
148 0.074929
149 0.124718
150 -0.226118
151 -0.007039
152 -0.289721
153 -0.037837
154 -0.143078
155 -0.563540
156 -0.121737
157 -0.021080
158 -0.046718
159 -0.136876
160 0.235222
161 0.106291
162 -0.249360
163 -0.104394
164 -0.149975
165 0.035967
166 -0.256370
167 0.121856
168 -0.013230
169 0.108803
170 0.195652
171 -0.182034
172 -0.206605
173 -0.297679
174 -0.148596
175 -0.283231
176 0.392577
177 0.021285
178 0.406661
179 0.022912
180 -0.266522
181 -0.070893
182 0.237999
183 -0.147012
184 0.089332
185 0.143647
186 0.066100
187 -0.063381
188 -0.095243
189 0.039457
190 0.234373
191 -0.113253
192 0.217557
193 0.124868
194 0.051146
195 -0.142268
196 0.439195
197 -0.554307
198 -0.338383
199 0.021219
200 -0.421427
201 0.180468
202 -0.470294
203 -0.105793
204 0.189379
205 -0.065038
206 -0.107976
207 -0.104398
208 0.014356
209 -0.060702
210 0.104686
211 -0.024509
212 0.132573
213 0.083120
214 0.312113
215 -0.393463
216 -0.348465
217 0.188247
218 0.052998
219 -0.307308
220 0.221494
221 0.218502
222 0.095821
223 0.141978
224 0.141995
225 -0.034486
226 -0.133009
227 -0.358165
228 0.210262
229 0.294770
230 -0.191989
231 0.073393
232 0.217596
233 0.021611
234 -0.002835
235 0.044594
236 -0.172121
237 0.017180
238 -0.019814
239 0.045163
240 -0.008134
241 -0.006292
242 -0.026292
243 0.119791
244 0.194549
245 0.280995
246 -0.181615
247 0.205602
248 0.003392
249 -0.122188
250 -0.127411
251 -0.059739
252 0.124131
253 0.026002
254 0.009686
255 0.114253
256 -0.061690
257 -0.151775
258 0.273655
259 0.022348
260 -0.322058
261 0.040603
262 -0.060459
263 0.307129
264 -1.512181
265 -1.053456
266 -0.024701
267 0.261688
268 0.125726
269 -0.011962
270 0.348903
271 -0.049365
272 0.002338
273 -1.052285
274 -0.099499
275 -0.016709
276 0.079726
277 0.104498
278 -0.001327
279 0.047720
280 0.288800
281 0.126212
282 0.113462
283 0.002874
284 -0.065070
285 -0.062127
286 0.016257
287 -0.065066
288 0.122748
289 -0.056696
290 -0.149171
291 0.010759
292 0.042016
293 0.018157
294 0.156521
295 0.090630
296 0.120541
297 -0.048323
298 0.039434
299 -0.356030
300 -0.155295
301 0.029569
302 0.056018
303 0.381189
304 -0.016442
305 0.105588
306 -0.302925
307 -0.141877
308 0.210118
309 0.059500
310 0.113996
311 -0.048846
312 0.130112
313 0.024494
314 0.158256
315 0.053802
316 0.084150
317 0.121228
318 -0.002297
319 0.079196
320 0.055358
321 0.006569
322 0.031655
323 0.302533
324 0.248352
325 0.207300
326 0.081966
327 0.210977
328 -0.075937
329 0.022503
330 -0.008702
331 -0.036384
332 0.086455
333 0.040542
334 0.032672
335 0.070849
336 0.256742
337 0.226033
338 -0.031129
339 -0.015511
340 0.084600
341 0.108268
342 0.087286
343 -0.038080
344 0.083423
345 0.366336
346 0.114125
347 0.056828
348 0.078062
349 -0.057177
350 -0.164657
351 -0.045869
352 -0.002083
353 0.032498
354 0.100538
355 0.013583
356 0.029571
357 0.013645
358 -0.002911
359 -0.020563
360 0.039681
361 0.291899
362 0.276134
363 -0.009595
364 0.141316
365 0.114809
366 0.130617
367 -0.087458
368 -0.037216
369 0.190914
370 0.059818
371 0.121843
372 0.027542
373 -0.050560
374 -0.014763
375 0.442562
376 0.022737
377 0.056140
378 0.144734
379 -0.155255
380 -0.014883
381 0.220117
382 0.012362
383 0.135888
384 0.083079
385 -0.000001
386 0.144002
387 0.091693
388 0.085736
389 0.065753
390 0.265596
391 -0.055134
392 -0.019118
393 -0.042792
394 0.031042
395 0.037984
396 -0.008214
397 0.121161
398 0.001062
399 0.052445
400 -0.002317
401 0.227758
402 0.158123
403 0.229895
404 0.294623
405 0.232383
406 0.023987
407 0.046577
408 -0.052585
409 -0.185125
410 0.030284
411 0.186967
412 -0.175276
413 0.091733
414 0.029552
415 0.163044
416 0.132631
417 0.010962
418 -0.057661
419 0.133786
420 -0.101617
421 0.325613
422 -0.104481
423 0.059180
424 -0.102324
425 -0.185360
426 0.160907
427 -0.075468
428 0.098691
429 0.097374
430 0.173113
431 -0.142623
432 -0.049977
433 -0.040388
434 0.005663
435 0.080421
436 -0.076191
437 -0.029482
438 0.075649
439 -0.029664
440 0.092273
441 0.091687
442 0.087855
443 -0.272366
444 -0.155558
445 -0.199713
446 -0.169683
447 -0.050903
448 -0.002959
449 -0.015194
450 -0.080842
451 -0.082429
452 0.233656
453 0.054774
454 -0.171847
455 0.087995
456 -0.195112
457 0.068796
458 -0.124263
459 -0.063993
460 -0.036802
461 -0.028160
462 0.058745
463 0.072847
464 0.138923
465 -0.032775
466 -0.204605
467 -0.009686
468 0.027464
469 -0.163194
470 0.154121
471 0.077086
472 0.102652
473 0.121448
474 0.006206
475 0.013482
476 0.001537
477 -0.132151
478 0.025382
479 -0.523837
480 0.050757
481 -0.030448
482 -0.145566
483 0.047509
484 0.099961
485 -0.141429
486 0.139782
487 -0.019509
488 0.014213
489 -0.005237
490 0.051184
491 -0.057666
492 -0.037109
493 0.161680
494 0.185400
495 0.081102
496 -0.155447
497 0.020502
498 -0.072811
499 -0.066519
500 0.073074
501 0.046439
502 -0.085374
503 -0.075400
504 0.141042
505 0.119164
506 0.091939
507 -0.189436
508 -0.100293
509 -0.072636
510 -0.425594
511 -0.106801
512 -0.061944
513 0.181506
514 0.197738
515 -0.065051
516 0.106092
517 0.012107
518 -0.098961
519 0.111700
520 0.158636
521 -0.018015
522 -0.019640
523 -0.131777
524 -0.000678
525 -0.031637
526 -0.037192
527 0.156172
528 0.055265
529 -0.038182
530 -0.039712
531 -0.091456
532 0.030374
533 0.024097
534 -0.024925
535 0.171542
536 0.085358
537 -0.037075
538 -0.002240
539 0.193774
540 -1.214497
541 0.017291
542 -0.086989
543 0.107793
544 0.032457
545 -0.018792
546 0.007317
547 0.063297
548 -0.136068
549 -0.073008
550 -0.162061
551 0.097108
552 0.050136
553 -0.200666
554 0.069551
555 0.452901
556 0.058546
557 0.076238
558 -0.118348
559 0.186907
560 -0.089600
561 -0.203337
562 0.100626
563 0.138817
564 -0.176439
565 -0.009546
566 -0.040871
567 -0.043285
568 0.151138
569 0.096256
570 -0.086307
571 0.017185
572 0.103373
573 -0.115914
574 0.045346
575 -0.105817
576 -0.041329
577 -0.119982
578 0.046108
579 -0.018526
580 0.159822
581 0.229519
582 0.061300
583 0.057624
584 -0.179543
585 -0.210391
586 0.365069
587 0.166525
588 0.125535
589 -0.094264
590 -0.112964
591 0.420760
592 0.152498
593 0.590516
594 -0.258392
595 0.147321
596 0.085075
597 -0.157513
598 -0.079932
599 0.265610
600 -0.259222
601 -0.193166
602 -0.027622
603 -0.321996
604 -0.275430
605 -0.015931
606 -0.320858
607 -0.026113
608 0.099608
609 0.148242
610 0.399668
611 0.310852
612 0.190793
613 0.252481
614 0.189172
615 0.905716
616 0.057381
617 -0.097943
618 -0.223393
619 -0.352835
620 -0.155363
621 0.310953
622 -0.115292
623 0.096439
624 -0.181808
625 -0.099162
626 -0.122200
627 0.265131
628 0.021792
629 0.023386
630 -0.127474
631 -0.150422
632 -0.408275
633 -0.235504
634 -0.119216
635 0.002206
636 0.042115
637 -0.374374
638 0.137508
639 -0.167149
640 -0.133312
641 0.025250
642 -0.332874
643 -0.169405
644 -0.273326
645 0.162443
646 -0.336960
647 0.108060
648 -0.272008
649 -0.191671
650 -0.052522
651 0.107191
652 -0.144805
653 -0.256827
654 0.068427
655 -0.101361
656 0.180421
657 -0.139591
658 0.119503
659 0.102089
660 0.058448
661 -0.224112
662 -0.214047
663 -0.143896
664 0.067287
665 -0.274462
666 -0.140344
667 0.188358
668 0.069852
669 -0.527602
670 -0.106091
671 -0.188991
672 -0.199214
673 0.127014
674 -0.054220
675 -0.305796
676 -0.060191
677 0.085263
678 0.475810
679 -0.263072
680 0.007750
681 0.207817
682 0.008063
683 0.270080
684 0.116683
685 -0.343967
686 -0.141440
687 -0.378109
688 0.072917
689 -0.181059
690 0.235221
691 -0.028527
692 -0.422975
693 0.068191
694 -0.008370
695 0.251741
696 0.216133
697 -0.503147
698 0.087452
699 -0.215028
700 0.558470
701 -0.061775
702 -0.024548
703 -0.145390
704 -0.218206
705 0.091683
706 -0.154231
707 0.322402
708 0.063894
709 -0.207207
710 0.035465
711 0.228062
712 -0.412800
713 -0.035390
714 -0.523282
715 -0.208511
716 0.269531
717 0.395896
718 0.154563
719 -0.394284
720 -0.203736
721 0.141250
722 -0.114853
723 -0.220216
724 -0.035817
725 -0.365765
726 0.255452
727 -0.256929
728 -0.080331
729 0.038254
730 0.154868
731 -0.045524
732 0.347597
733 0.384372
734 0.154663
735 0.053211
736 0.160653
737 -0.438422
738 -0.254745
739 -0.055353
740 0.131333
741 0.166996
742 -0.019051
743 -0.011425
744 -0.119782
745 0.028576
746 -0.065472
747 0.134617
748 -0.097637
749 -0.082750
750 0.251407
751 -0.114418
752 0.232679
753 0.076341
754 0.211529
755 0.084900
756 -0.024154
757 0.183272
758 -0.186700
759 0.050074
760 0.045129
761 -1.068810
762 0.081960
763 -0.144249
764 0.018696
765 0.162591
766 0.006188
767 -0.330193
768 -0.066615
769 -0.107815
770 0.198197
771 0.146729
772 -0.356148
773 0.283861
774 0.120192
775 -0.027971
776 0.132465
777 0.149462
778 -0.215552
779 -0.289377
780 0.328569
781 -0.379434
782 -0.013023
783 0.064220
784 -0.410057
785 0.024962
786 -0.273982
787 0.564912
788 0.018943
789 0.163529
790 -0.130069
791 -0.012608
792 0.182108
793 -0.089620
794 0.006948
795 0.230172
796 0.084735
797 -0.517720
798 0.312992
799 -0.252495
800 -0.023407
801 -0.082621
802 0.039022
803 0.054218
804 -0.138927
805 -0.521786
806 -0.031040
807 0.294718
808 -0.181787
809 -0.029943
810 0.051637
811 0.288593
812 0.060739
813 -0.279048
814 0.216129
815 0.011753
816 0.000204
817 -0.093483
818 0.095552
819 -0.083740
820 -0.032991
821 -0.206752
822 0.054882
823 -0.234701
824 0.032316
825 0.316787
826 0.079612
827 0.176937
828 -0.067857
829 0.153791
830 0.031642
831 -0.240789
832 0.098831
833 0.162787
834 0.046618
835 0.035001
836 -0.009919
837 -0.051459
838 -0.199907
839 0.117819
840 0.108181
841 -0.204941
842 -0.266941
843 -0.439926
844 -0.221754
845 -0.103984
846 -0.094510
847 0.173985
848 -0.114448
849 -0.051908
850 0.397174
851 0.110976
852 -0.178517
853 -0.363773
854 -0.052042
855 0.008117
856 -0.339218
857 -0.442963
858 -0.048631
859 0.020257
860 -0.404682
861 -0.361403
862 -0.088205
863 0.196295
864 -0.308512
865 0.062927
866 -0.280806
867 -0.162170
868 0.119014
869 -0.398897
870 -0.693567
871 0.103321
872 -0.300027
873 0.109882
874 -0.556308
875 -0.161762
876 0.125203
877 0.375734
878 -0.164213
879 0.163835
880 -0.481832
881 0.215681
882 -0.035767
883 0.115374
884 0.099546
885 0.272509
886 -0.008702
887 -0.000063
888 -0.140773
889 -0.281367
890 -0.266108
891 0.022299
892 -0.381762
893 0.228570
894 0.007406
895 -0.137531
896 -0.109206
897 0.139911
898 0.029047
899 -0.332198
900 0.018496
901 -0.018789
902 -0.175884
903 -0.009143
904 -0.031378
905 0.058514
906 0.047873
907 0.319797
908 0.374629
909 -0.167515
910 -0.507884
911 -0.007065
912 0.024681
913 -0.004859
914 -0.083498
915 0.002497
916 -0.319927
917 0.055291
918 0.249914
919 -0.184746
920 -0.354107
921 -0.267939
922 -0.050863
923 0.187103
924 -0.312711
925 0.279197
926 -0.331557
927 0.201321
928 0.161677
929 0.024095
930 -0.009621
931 -0.307626
932 -0.168221
933 0.031256
934 -0.331063
935 -0.190929
936 0.012471
937 -0.253222
938 -0.154219
939 -0.141603
940 -0.419366
941 -0.156543
942 0.035864
943 0.044033
944 -0.045994
945 -0.372697
946 -0.274355
947 -0.077167
948 -0.044801
949 -0.080172
950 0.000444
951 -0.083447
952 -0.038909
953 -0.022807
954 -0.233426
955 0.011683
956 -0.157502
957 -0.368543
958 -0.175501
959 -0.192780
960 -0.813972
961 0.091445
962 -0.199729
963 0.059035
964 -0.007581
965 -0.046210
966 0.043268
967 -0.515279
968 0.096346
969 -0.061697
970 -0.243456
971 0.004884
972 -0.386255
973 0.101663
974 -0.062908
975 -0.175336
976 -0.302912
977 -0.305239
978 -0.055683
979 -0.005468
980 -0.315743
981 0.093426
982 -0.418143
983 0.048160
984 0.211779
985 0.273783
986 0.371147
987 0.228659
988 -0.113234
989 -0.163746
990 0.413762
991 0.003476
992 0.122625
993 -0.229777
994 0.103372
995 -0.107311
996 0.054382
997 -0.089027
998 -0.184105
999 -0.213572
1000 -0.298118
1001 0.214849
1002 0.043478
1003 0.247999
1004 -0.110307
1005 0.015792
1006 -0.168029
1007 0.154350
1008 -0.185664
1009 -0.331028
1010 0.265609
1011 0.075693
1012 0.093308
1013 -0.128401
1014 -0.026035
1015 0.089639
1016 -0.076507
1017 0.236718
1018 0.451259
1019 0.009520
1020 0.004670
1021 0.552995
1022 0.029670
1023 0.272891
1024 0.425027
1025 0.066383
1026 -0.119162
1027 -0.129830
1028 0.250284
1029 -0.069717
1030 -0.077666
1031 -0.023239
1032 0.137784
1033 0.024835
1034 -0.177973
1035 0.060768
1036 -0.204458
1037 -0.017273
1038 0.417558
1039 -0.157634
1040 -0.210657
1041 -0.290780
1042 -0.042178
1043 -0.084178
1044 -0.369716
1045 -0.455255
1046 -0.313631
1047 0.339595
1048 0.343617
1049 0.132320
1050 -0.181931
1051 -0.200588
1052 0.095120
1053 -0.264926
1054 -0.122345
1055 -0.286900
1056 0.086003
1057 -0.023372
1058 -0.273654
1059 -0.347138
1060 -0.023417
1061 0.120759
1062 0.111728
1063 -0.506233
1064 0.121201
1065 -0.177562
1066 0.234879
1067 -0.104060
1068 0.043957
1069 0.194062
1070 -0.026977
1071 0.302104
1072 0.042789
1073 -0.165230
1074 0.041896
1075 0.211111
1076 -0.203358
1077 0.082714
1078 0.240751
1079 0.192216
1080 0.004686
1081 -0.284199
1082 -0.470423
1083 -0.080629
1084 -0.240090
1085 0.001412
1086 -0.294921
1087 -0.457527
1088 0.037230
1089 0.185874
1090 -0.190749
1091 0.246664
1092 -0.074806
1093 -0.383456
1094 0.248925
1095 -0.040557
1096 -0.294061
1097 0.876402
1098 -0.081333
1099 0.211287
1100 -0.260206
1101 0.048745
1102 -0.117246
1103 -0.105746
1104 0.255006
1105 0.120032
1106 -0.256645
1107 -0.229162
1108 -0.042766
1109 0.050455
1110 -0.098207
1111 -0.064088
1112 -0.178737
1113 0.304464
1114 -0.188092
1115 -0.132737
1116 0.065620
1117 0.026946
1118 -0.106666
1119 -0.054069
1120 -0.180097
1121 -0.158175
1122 -0.133668
1123 -0.204040
1124 -0.184340
1125 -0.200639
1126 0.027121
1127 -0.126167
1128 0.089684
1129 0.052519
1130 -0.095575
1131 0.144837
1132 -0.079978
1133 -0.085374
1134 0.140991
1135 -0.372846
1136 -0.062965
1137 0.025186
1138 0.050513
1139 -0.045132
1140 0.021841
1141 -0.121238
1142 0.091805
1143 -0.286660
1144 0.058010
1145 0.097950
1146 -0.490654
1147 -0.294028
1148 -0.028483
1149 0.359514
1150 -0.215016
1151 -0.498013
1152 0.008829
1153 0.229684
1154 -0.023323
1155 -0.238909
1156 0.458756
1157 -0.018733
1158 0.079064
1159 0.074785
1160 -0.249817
1161 -0.343359
1162 -0.470776
1163 -0.051607
1164 -0.561597
1165 -0.029074
1166 0.046287
1167 0.091193
1168 0.217047
1169 -0.111743
1170 -0.166763
1171 0.202294
1172 -0.113111
1173 0.257064
1174 -0.946815
1175 0.105454
1176 -0.052326
1177 0.556421
1178 -0.108017
1179 -0.274394
1180 0.462105
1181 0.140540
1182 -0.137338
1183 0.097754
1184 -0.186929
1185 0.262850
1186 0.049487
1187 0.035266
1188 0.200907
1189 -0.008974
1190 -0.217493
1191 -0.058531
1192 -0.010695
1193 -0.139719
1194 0.097991
1195 0.075247
1196 -0.843479
1197 -0.058515
1198 0.114782
1199 -0.167182
1200 -0.060915
1201 -0.026845
1202 0.257770
1203 0.118129
1204 -0.657373
1205 0.126551
1206 0.129503
1207 -0.198499
1208 0.296994
1209 0.051236
1210 -0.248519
1211 0.057963
1212 -0.312002
1213 0.018164
1214 -0.191458
1215 -0.114743
1216 -0.181993
1217 -0.255738
1218 -0.045732
1219 -0.037564
1220 0.402426
1221 -0.323572
1222 -0.089397
1223 0.042998
0 -0.468164
1 -0.451049
2 -0.371737
3 0.009133
4 -0.439052
5 -0.106166
6 -0.047346
7 0.082520
8 0.162720
9 -0.262132
10 0.042680
11 0.400644
12 0.224133
13 0.186619
14 0.127155
15 -0.174697
16 -0.017701
17 -0.138307
18 -0.219289
19 -0.486749
20 0.212991
21 0.207366
22 0.017119
23 -0.155391
24 -0.108006
25 -0.558919
26 -0.146650
27 0.146387
28 0.104274
29 -0.145259
30 0.480073
31 -0.200339
32 -0.355989
33 0.021743
34 -0.202291
35 0.230227
36 0.010069
37 0.286630
38 0.142218
39 0.371213
40 -0.054325
41 0.043661
42 0.019235
43 -0.096853
44 -0.065498
45 -0.009718
46 0.099104
47 -0.307907
48 0.038897
49 0.252611
50 0.041442
51 -0.256826
52 -0.026982
53 -0.080776
54 -0.077268
55 -0.156257
56 -0.068624
57 -0.201167
58 0.097783
59 -0.553316
60 -0.032397
61 -0.028926
62 -0.002990
63 0.140632
64 -0.084571
65 0.074399
66 -0.155848
67 0.171556
68 0.089582
69 -0.358019
70 0.059498
71 -0.223766
72 -0.360827
73 -0.079822
74 0.108927
75 0.069395
76 0.075169
77 -0.347484
78 -0.166391
79 -0.040283
80 0.006493
81 0.095485
82 -0.238909
83 -0.048589
84 -0.057340
85 -0.071362
86 0.029404
87 0.081857
88 0.000008
89 -0.005067
90 0.057301
91 -0.077015
92 -0.809840
93 0.583548
94 -0.155494
95 -0.029303
96 -0.029255
97 -0.003356
98 0.214380
99 -0.104491
100 -0.130640
101 0.197602
102 -0.198711
103 -0.245932
104 -0.167836
105 -0.255678
106 -0.193562
107 -0.286443
108 -0.122805
109 0.068276
110 -0.085435
111 0.602164
112 -0.342457
113 0.213557
114 0.029002
115 0.042675
116 0.043742
117 -0.605517
118 -0.126744
119 -0.503593
120 -0.012569
121 -0.146253
122 -0.109724
123 0.027770
124 -0.046322
125 -0.164396
126 0.075118
127 -0.063189
128 -0.123464
129 -0.355773
130 0.118339
131 0.374699
132 -0.366184
133 -0.125169
134 -0.179294
135 -0.114443
136 -0.085029
137 -0.244105
138 -0.231492
139 -0.054095
140 0.011223
141 -0.185331
142 -0.107104
143 0.269364
144 -0.151844
145 -0.158356
146 -0.264167
147 0.291753
148 0.074929
149 0.124718
150 -0.226118
151 -0.007039
152 -0.289721
153 -0.037837
154 -0.143078
155 -0.563540
156 -0.121737
157 -0.021080
158 -0.046718
159 -0.136876
160 0.235222
161 0.106291
162 -0.249360
163 -0.104394
164 -0.149975
165 0.035967
166 -0.256370
167 0.121856
168 -0.013230
169 0.108803
170 0.195652
171 -0.182034
172 -0.206605
173 -0.297679
174 -0.148596
175 -0.283231
176 0.392577
177 0.021285
178 0.406661
179 0.022912
180 -0.266522
181 -0.070893
182 0.237999
183 -0.147012
184 0.089332
185 0.143647
186 0.066100
187 -0.063381
188 -0.095243
189 0.039457
190 0.234373
191 -0.113253
192 0.217557
193 0.124868
194 0.051146
195 -0.142268
196 0.439195
197 -0.554307
198 -0.338383
199 0.021219
200 -0.421427
201 0.180468
202 -0.470294
203 -0.105793
204 0.189379
205 -0.065038
206 -0.107976
207 -0.104398
208 0.014356
209 -0.060702
210 0.104686
211 -0.024509
212 0.132573
213 0.083120
214 0.312113
215 -0.393463
216 -0.348465
217 0.188247
218 0.052998
219 -0.307308
220 0.221494
221 0.218502
222 0.095821
223 0.141978
224 0.141995
225 -0.034486
226 -0.133009
227 -0.358165
228 0.210262
229 0.294770
230 -0.191989
231 0.073393
232 0.217596
233 0.021611
234 -0.002835
235 0.044594
236 -0.172121
237 0.017180
238 -0.019814
239 0.045163
240 -0.008134
241 -0.006292
242 -0.026292
243 0.119791
244 0.194549
245 0.280995
246 -0.181615
247 0.205602
248 0.003392
249 -0.122188
250 -0.127411
251 -0.059739
252 0.124131
253 0.026002
254 0.009686
255 0.114253
256 -0.061690
257 -0.151775
258 0.273655
259 0.022348
260 -0.322058
261 0.040603
262 -0.060459
263 0.307129
264 -1.512181
265 -1.053456
266 -0.024701
267 0.261688
268 0.125726
269 -0.011962
270 0.348903
271 -0.049365
272 0.002338
273 -1.052285
274 -0.099499
275 -0.016709
276 0.079726
277 0.104498
278 -0.001327
279 0.047720
280 0.288800
281 0.126212
282 0.113462
283 0.002874
284 -0.065070
285 -0.062127
286 0.016257
287 -0.065066
288 0.122748
289 -0.056696
290 -0.149171
291 0.010759
292 0.042016
293 0.018157
294 0.156521
295 0.090630
296 0.120541
297 -0.048323
298 0.039434
299 -0.356030
300 -0.155295
301 0.029569
302 0.056018
303 0.381189
304 -0.016442
305 0.105588
306 -0.302925
307 -0.141877
308 0.210118
309 0.059500
310 0.113996
311 -0.048846
312 0.130112
313 0.024494
314 0.158256
315 0.053802
316 0.084150
317 0.121228
318 -0.002297
319 0.079196
320 0.055358
321 0.006569
322 0.031655
323 0.302533
324 0.248352
325 0.207300
326 0.081966
327 0.210977
328 -0.075937
329 0.022503
330 -0.008702
331 -0.036384
332 0.086455
333 0.040542
334 0.032672
335 0.070849
336 0.256742
337 0.226033
338 -0.031129
339 -0.015511
340 0.084600
341 0.108268
342 0.087286
343 -0.038080
344 0.083423
345 0.366336
346 0.114125
347 0.056828
348 0.078062
349 -0.057177
350 -0.164657
351 -0.045869
352 -0.002083
353 0.032498
354 0.100538
355 0.013583
356 0.029571
357 0.013645
358 -0.002911
359 -0.020563
360 0.039681
361 0.291899
362 0.276134
363 -0.009595
364 0.141316
365 0.114809
366 0.130617
367 -0.087458
368 -0.037216
369 0.190914
370 0.059818
371 0.121843
372 0.027542
373 -0.050560
374 -0.014763
375 0.442562
376 0.022737
377 0.056140
378 0.144734
379 -0.155255
380 -0.014883
381 0.220117
382 0.012362
383 0.135888
384 0.083079
385 -0.000001
386 0.144002
387 0.091693
388 0.085736
389 0.065753
390 0.265596
391 -0.055134
392 -0.019118
393 -0.042792
394 0.031042
395 0.037984
396 -0.008214
397 0.121161
398 0.001062
399 0.052445
400 -0.002317
401 0.227758
402 0.158123
403 0.229895
404 0.294623
405 0.232383
406 0.023987
407 0.046577
408 -0.052585
409 -0.185125
410 0.030284
411 0.186967
412 -0.175276
413 0.091733
414 0.029552
415 0.163044
416 0.132631
417 0.010962
418 -0.057661
419 0.133786
420 -0.101617
421 0.325613
422 -0.104481
423 0.059180
424 -0.102324
425 -0.185360
426 0.160907
427 -0.075468
428 0.098691
429 0.097374
430 0.173113
431 -0.142623
432 -0.049977
433 -0.040388
434 0.005663
435 0.080421
436 -0.076191
437 -0.029482
438 0.075649
439 -0.029664
440 0.092273
441 0.091687
442 0.087855
443 -0.272366
444 -0.155558
445 -0.199713
446 -0.169683
447 -0.050903
448 -0.002959
449 -0.015194
450 -0.080842
451 -0.082429
452 0.233656
453 0.054774
454 -0.171847
455 0.087995
456 -0.195112
457 0.068796
458 -0.124263
459 -0.063993
460 -0.036802
461 -0.028160
462 0.058745
463 0.072847
464 0.138923
465 -0.032775
466 -0.204605
467 -0.009686
468 0.027464
469 -0.163194
470 0.154121
471 0.077086
472 0.102652
473 0.121448
474 0.006206
475 0.013482
476 0.001537
477 -0.132151
478 0.025382
479 -0.523837
480 0.050757
481 -0.030448
482 -0.145566
483 0.047509
484 0.099961
485 -0.141429
486 0.139782
487 -0.019509
488 0.014213
489 -0.005237
490 0.051184
491 -0.057666
492 -0.037109
493 0.161680
494 0.185400
495 0.081102
496 -0.155447
497 0.020502
498 -0.072811
499 -0.066519
500 0.073074
501 0.046439
502 -0.085374
503 -0.075400
504 0.141042
505 0.119164
506 0.091939
507 -0.189436
508 -0.100293
509 -0.072636
510 -0.425594
511 -0.106801
512 -0.061944
513 0.181506
514 0.197738
515 -0.065051
516 0.106092
517 0.012107
518 -0.098961
519 0.111700
520 0.158636
521 -0.018015
522 -0.019640
523 -0.131777
524 -0.000678
525 -0.031637
526 -0.037192
527 0.156172
528 0.055265
529 -0.038182
530 -0.039712
531 -0.091456
532 0.030374
533 0.024097
534 -0.024925
535 0.171542
536 0.085358
537 -0.037075
538 -0.002240
539 0.193774
540 -1.214497
541 0.017291
542 -0.086989
543 0.107793
544 0.032457
545 -0.018792
546 0.007317
547 0.063297
548 -0.136068
549 -0.073008
550 -0.162061
551 0.097108
552 0.050136
553 -0.200666
554 0.069551
555 0.452901
556 0.058546
557 0.076238
558 -0.118348
559 0.186907
560 -0.089600
561 -0.203337
562 0.100626
563 0.138817
564 -0.176439
565 -0.009546
566 -0.040871
567 -0.043285
568 0.151138
569 0.096256
570 -0.086307
571 0.017185
572 0.103373
573 -0.115914
574 0.045346
575 -0.105817
576 -0.041329
577 -0.119982
578 0.046108
579 -0.018526
580 0.159822
581 0.229519
582 0.061300
583 0.057624
584 -0.179543
585 -0.210391
586 0.365069
587 0.166525
588 0.125535
589 -0.094264
590 -0.112964
591 0.420760
592 0.152498
593 0.590516
594 -0.258392
595 0.147321
596 0.085075
597 -0.157513
598 -0.079932
599 0.265610
600 -0.259222
601 -0.193166
602 -0.027622
603 -0.321996
604 -0.275430
605 -0.015931
606 -0.320858
607 -0.026113
608 0.099608
609 0.148242
610 0.399668
611 0.310852
612 0.190793
613 0.252481
614 0.189172
615 0.905716
616 0.057381
617 -0.097943
618 -0.223393
619 -0.352835
620 -0.155363
621 0.310953
622 -0.115292
623 0.096439
624 -0.181808
625 -0.099162
626 -0.122200
627 0.265131
628 0.021792
629 0.023386
630 -0.127474
631 -0.150422
632 -0.408275
633 -0.235504
634 -0.119216
635 0.002206
636 0.042115
637 -0.374374
638 0.137508
639 -0.167149
640 -0.133312
641 0.025250
642 -0.332874
643 -0.169405
644 -0.273326
645 0.162443
646 -0.336960
647 0.108060
648 -0.272008
649 -0.191671
650 -0.052522
651 0.107191
652 -0.144805
653 -0.256827
654 0.068427
655 -0.101361
656 0.180421
657 -0.139591
658 0.119503
659 0.102089
660 0.058448
661 -0.224112
662 -0.214047
663 -0.143896
664 0.067287
665 -0.274462
666 -0.140344
667 0.188358
668 0.069852
669 -0.527602
670 -0.106091
671 -0.188991
672 -0.199214
673 0.127014
674 -0.054220
675 -0.305796
676 -0.060191
677 0.085263
678 0.475810
679 -0.263072
680 0.007750
681 0.207817
682 0.008063
683 0.270080
684 0.116683
685 -0.343967
686 -0.141440
687 -0.378109
688 0.072917
689 -0.181059
690 0.235221
691 -0.028527
692 -0.422975
693 0.068191
694 -0.008370
695 0.251741
696 0.216133
697 -0.503147
698 0.087452
699 -0.215028
700 0.558470
701 -0.061775
702 -0.024548
703 -0.145390
704 -0.218206
705 0.091683
706 -0.154231
707 0.322402
708 0.063894
709 -0.207207
710 0.035465
711 0.228062
712 -0.412800
713 -0.035390
714 -0.523282
715 -0.208511
716 0.269531
717 0.395896
718 0.154563
719 -0.394284
720 -0.203736
721 0.141250
722 -0.114853
723 -0.220216
724 -0.035817
725 -0.365765
726 0.255452
727 -0.256929
728 -0.080331
729 0.038254
730 0.154868
731 -0.045524
732 0.347597
733 0.384372
734 0.154663
735 0.053211
736 0.160653
737 -0.438422
738 -0.254745
739 -0.055353
740 0.131333
741 0.166996
742 -0.019051
743 -0.011425
744 -0.119782
745 0.028576
746 -0.065472
747 0.134617
748 -0.097637
749 -0.082750
750 0.251407
751 -0.114418
752 0.232679
753 0.076341
754 0.211529
755 0.084900
756 -0.024154
757 0.183272
758 -0.186700
759 0.050074
760 0.045129
761 -1.068810
762 0.081960
763 -0.144249
764 0.018696
765 0.162591
766 0.006188
767 -0.330193
768 -0.066615
769 -0.107815
770 0.198197
771 0.146729
772 -0.356148
773 0.283861
774 0.120192
775 -0.027971
776 0.132465
777 0.149462
778 -0.215552
779 -0.289377
780 0.328569
781 -0.379434
782 -0.013023
783 0.064220
784 -0.410057
785 0.024962
786 -0.273982
787 0.564912
788 0.018943
789 0.163529
790 -0.130069
791 -0.012608
792 0.182108
793 -0.089620
794 0.006948
795 0.230172
796 0.084735
797 -0.517720
798 0.312992
799 -0.252495
800 -0.023407
801 -0.082621
802 0.039022
803 0.054218
804 -0.138927
805 -0.521786
806 -0.031040
807 0.294718
808 -0.181787
809 -0.029943
810 0.051637
811 0.288593
812 0.060739
813 -0.279048
814 0.216129
815 0.011753
816 0.000204
817 -0.093483
818 0.095552
819 -0.083740
820 -0.032991
821 -0.206752
822 0.054882
823 -0.234701
824 0.032316
825 0.316787
826 0.079612
827 0.176937
828 -0.067857
829 0.153791
830 0.031642
831 -0.240789
832 0.098831
833 0.162787
834 0.046618
835 0.035001
836 -0.009919
837 -0.051459
838 -0.199907
839 0.117819
840 0.108181
841 -0.204941
842 -0.266941
843 -0.439926
844 -0.221754
845 -0.103984
846 -0.094510
847 0.173985
848 -0.114448
849 -0.051908
850 0.397174
851 0.110976
852 -0.178517
853 -0.363773
854 -0.052042
855 0.008117
856 -0.339218
857 -0.442963
858 -0.048631
859 0.020257
860 -0.404682
861 -0.361403
862 -0.088205
863 0.196295
864 -0.308512
865 0.062927
866 -0.280806
867 -0.162170
868 0.119014
869 -0.398897
870 -0.693567
871 0.103321
872 -0.300027
873 0.109882
874 -0.556308
875 -0.161762
876 0.125203
877 0.375734
878 -0.164213
879 0.163835
880 -0.481832
881 0.215681
882 -0.035767
883 0.115374
884 0.099546
885 0.272509
886 -0.008702
887 -0.000063
888 -0.140773
889 -0.281367
890 -0.266108
891 0.022299
892 -0.381762
893 0.228570
894 0.007406
895 -0.137531
896 -0.109206
897 0.139911
898 0.029047
899 -0.332198
900 0.018496
901 -0.018789
902 -0.175884
903 -0.009143
904 -0.031378
905 0.058514
906 0.047873
907 0.319797
908 0.374629
909 -0.167515
910 -0.507884
911 -0.007065
912 0.024681
913 -0.004859
914 -0.083498
915 0.002497
916 -0.319927
917 0.055291
918 0.249914
919 -0.184746
920 -0.354107
921 -0.267939
922 -0.050863
923 0.187103
924 -0.312711
925 0.279197
926 -0.331557
927 0.201321
928 0.161677
929 0.024095
930 -0.009621
931 -0.307626
932 -0.168221
933 0.031256
934 -0.331063
935 -0.190929
936 0.012471
937 -0.253222
938 -0.154219
939 -0.141603
940 -0.419366
941 -0.156543
942 0.035864
943 0.044033
944 -0.045994
945 -0.372697
946 -0.274355
947 -0.077167
948 -0.044801
949 -0.080172
950 0.000444
951 -0.083447
952 -0.038909
953 -0.022807
954 -0.233426
955 0.011683
956 -0.157502
957 -0.368543
958 -0.175501
959 -0.192780
960 -0.813972
961 0.091445
962 -0.199729
963 0.059035
964 -0.007581
965 -0.046210
966 0.043268
967 -0.515279
968 0.096346
969 -0.061697
970 -0.243456
971 0.004884
972 -0.386255
973 0.101663
974 -0.062908
975 -0.175336
976 -0.302912
977 -0.305239
978 -0.055683
979 -0.005468
980 -0.315743
981 0.093426
982 -0.418143
983 0.048160
984 0.211779
985 0.273783
986 0.371147
987 0.228659
988 -0.113234
989 -0.163746
990 0.413762
991 0.003476
992 0.122625
993 -0.229777
994 0.103372
995 -0.107311
996 0.054382
997 -0.089027
998 -0.184105
999 -0.213572
1000 -0.298118
1001 0.214849
1002 0.043478
1003 0.247999
1004 -0.110307
1005 0.015792
1006 -0.168029
1007 0.154350
1008 -0.185664
1009 -0.331028
1010 0.265609
1011 0.075693
1012 0.093308
1013 -0.128401
1014 -0.026035
1015 0.089639
1016 -0.076507
1017 0.236718
1018 0.451259
1019 0.009520
1020 0.004670
1021 0.552995
1022 0.029670
1023 0.272891
1024 0.425027
1025 0.066383
1026 -0.119162
1027 -0.129830
1028 0.250284
1029 -0.069717
1030 -0.077666
1031 -0.023239
1032 0.137784
1033 0.024835
1034 -0.177973
1035 0.060768
1036 -0.204458
1037 -0.017273
1038 0.417558
1039 -0.157634
1040 -0.210657
1041 -0.290780
1042 -0.042178
1043 -0.084178
1044 -0.369716
1045 -0.455255
1046 -0.313631
1047 0.339595
1048 0.343617
1049 0.132320
1050 -0.181931
1051 -0.200588
1052 0.095120
1053 -0.264926
1054 -0.122345
1055 -0.286900
1056 0.086003
1057 -0.023372
1058 -0.273654
1059 -0.347138
1060 -0.023417
1061 0.120759
1062 0.111728
1063 -0.506233
1064 0.121201
1065 -0.177562
1066 0.234879
1067 -0.104060
1068 0.043957
1069 0.194062
1070 -0.026977
1071 0.302104
1072 0.042789
1073 -0.165230
1074 0.041896
1075 0.211111
1076 -0.203358
1077 0.082714
1078 0.240751
1079 0.192216
1080 0.004686
1081 -0.284199
1082 -0.470423
1083 -0.080629
1084 -0.240090
1085 0.001412
1086 -0.294921
1087 -0.457527
1088 0.037230
1089 0.185874
1090 -0.190749
1091 0.246664
1092 -0.074806
1093 -0.383456
1094 0.248925
1095 -0.040557
1096 -0.294061
1097 0.876402
1098 -0.081333
1099 0.211287
1100 -0.260206
1101 0.048745
1102 -0.117246
1103 -0.105746
1104 0.255006
1105 0.120032
1106 -0.256645
1107 -0.229162
1108 -0.042766
1109 0.050455
1110 -0.098207
1111 -0.064088
1112 -0.178737
1113 0.304464
1114 -0.188092
1115 -0.132737
1116 0.065620
1117 0.026946
1118 -0.106666
1119 -0.054069
1120 -0.180097
1121 -0.158175
1122 -0.133668
1123 -0.204040
1124 -0.184340
1125 -0.200639
1126 0.027121
1127 -0.126167
1128 0.089684
1129 0.052519
1130 -0.095575
1131 0.144837
1132 -0.079978
1133 -0.085374
1134 0.140991
1135 -0.372846
1136 -0.062965
1137 0.025186
1138 0.050513
1139 -0.045132
1140 0.021841
1141 -0.121238
1142 0.091805
1143 -0.286660
1144 0.058010
1145 0.097950
1146 -0.490654
1147 -0.294028
1148 -0.028483
1149 0.359514
1150 -0.215016
1151 -0.498013
1152 0.008829
1153 0.229684
1154 -0.023323
1155 -0.238909
1156 0.458756
1157 -0.018733
1158 0.079064
1159 0.074785
1160 -0.249817
1161 -0.343359
1162 -0.470776
1163 -0.051607
1164 -0.561597
1165 -0.029074
1166 0.046287
1167 0.091193
1168 0.217047
1169 -0.111743
1170 -0.166763
1171 0.202294
1172 -0.113111
1173 0.257064
1174 -0.946815
1175 0.105454
1176 -0.052326
1177 0.556421
1178 -0.108017
1179 -0.274394
1180 0.462105
1181 0.140540
1182 -0.137338
1183 0.097754
1184 -0.186929
1185 0.262850
1186 0.049487
1187 0.035266
1188 0.200907
1189 -0.008974
1190 -0.217493
1191 -0.058531
1192 -0.010695
1193 -0.139719
1194 0.097991
1195 0.075247
1196 -0.843479
1197 -0.058515
1198 0.114782
1199 -0.167182
1200 -0.060915
1201 -0.026845
1202 0.257770
1203 0.118129
1204 -0.657373
1205 0.126551
1206 0.129503
1207 -0.198499
1208 0.296994
1209 0.051236
1210 -0.248519
1211 0.057963
1212 -0.312002
1213 0.018164
1214 -0.191458
1215 -0.114743
1216 -0.181993
1217 -0.255738
1218 -0.045732
1219 -0.037564
1220 0.402426
1221 -0.323572
1222 -0.089397
1223 0.042998
