0 0.040655
1 -0.368595
2 -0.064902
3 -0.212620
4 -0.318694
5 -0.079902
6 -0.090558
7 -0.065977
8 0.059759
9 -0.235626
10 0.106871
11 0.477920
12 -0.134023
13 0.124544
14 0.189832
15 0.374787
16 -0.101459
17 -0.068840
18 0.055080
19 0.125522
20 0.274145
21 -0.106915
22 -0.203788
23 0.069077
24 0.464802
25 0.253237
26 0.127473
27 -0.194507
28 0.233397
29 -0.008585
30 0.423694
31 -0.227268
32 0.439483
33 0.377281
34 0.749872
35 0.144788
36 -0.099046
37 0.021537
38 -0.436160
39 -0.066627
40 -0.237828
41 0.072201
42 0.117100
43 0.497771
44 0.321510
45 0.067468
46 -0.470483
47 -0.017975
48 -0.076846
49 -0.145353
50 0.164057
51 0.158186
52 0.341843
53 0.213368
54 -0.008551
55 0.240852
56 0.299472
57 0.156771
58 0.196686
59 -0.038042
60 0.031562
61 0.196609
62 0.048407
63 0.711467
64 0.400659
65 -0.033432
66 0.143211
67 -0.039598
68 -0.231043
69 0.069209
70 -0.120504
71 0.116558
72 -0.034611
73 0.256043
74 -0.043460
75 0.087170
76 0.016573
77 -0.342568
78 -0.326397
79 -0.358035
80 0.091607
81 -0.085380
82 0.153000
83 0.131037
84 -0.155644
85 0.431481
86 0.203932
87 0.160950
88 0.300608
89 -0.011153
90 0.380158
91 -0.071611
92 0.068221
93 0.177546
94 -0.306559
95 0.178604
96 0.369323
97 0.188376
98 -0.005474
99 0.413522
100 0.653946
101 -0.057547
102 -0.088617
103 0.231829
104 0.015960
105 0.115306
106 0.403906
107 0.228985
108 0.128741
109 0.485107
110 0.286107
111 -0.206856
112 0.143604
113 -0.063550
114 0.229623
115 0.043294
116 -0.072308
117 -0.440253
118 -0.060097
119 0.264516
120 0.027791
121 0.384676
122 -0.113763
123 -0.047651
124 0.017708
125 0.020177
126 0.019369
127 0.236417
128 -0.303983
129 -0.171267
130 0.153986
131 -0.157923
132 0.213334
133 0.107855
134 0.114777
135 -0.000920
136 -0.016202
137 0.065479
138 0.107387
139 -0.069459
140 0.077135
141 0.141462
142 0.018865
143 -0.055435
144 -0.189604
145 -0.081224
146 -0.219276
147 -0.572405
148 -0.326107
149 0.168166
150 -0.137934
151 0.186481
152 -0.005342
153 -0.031268
154 0.290063
155 -0.230895
156 -0.057534
157 0.037500
158 0.030488
159 0.445674
160 0.074613
161 0.125073
162 0.013224
163 -0.158150
164 0.073603
165 0.524183
166 0.116247
167 0.273040
168 -0.174255
169 -0.259795
170 -0.172599
171 0.308239
172 0.279911
173 0.060422
174 0.027097
175 0.111980
176 0.093329
177 -0.199303
178 0.140539
179 0.181909
180 -0.062484
181 0.161792
182 -0.160741
183 -0.136430
184 -0.011681
185 1.179930
186 0.405826
187 0.024491
188 0.151324
189 -0.079463
190 0.155790
191 0.053176
192 -0.230775
193 -0.295186
194 0.674194
195 0.235398
196 -0.236605
197 -0.285947
198 -0.056499
199 0.905199
200 0.578770
201 0.559374
202 -0.178322
203 0.124863
204 0.109272
205 0.031026
206 0.405722
207 0.275609
208 0.184583
209 0.470104
210 -0.543523
211 -0.021303
212 0.147664
213 0.175957
214 -0.353023
215 0.169213
216 -0.085702
217 0.106420
218 0.487470
219 0.041905
220 0.244732
221 0.011391
222 0.241116
223 0.775864
224 -0.008845
225 -0.111369
226 -0.230127
227 1.090979
228 0.107123
229 -0.588129
230 -0.059171
231 -0.448264
232 -0.092783
233 -0.467861
234 -0.164688
235 -0.610916
236 -0.049569
237 -0.109534
238 -0.205350
239 -0.473222
240 -0.144262
241 -0.392201
242 0.134399
243 -0.383814
244 -0.030891
245 -0.367211
246 1.039213
247 -0.327639
248 -0.058385
249 -0.143865
250 -0.118982
251 -0.324224
252 0.024004
253 -0.024036
254 -0.231918
255 -0.210770
256 0.183486
257 -0.027282
258 -0.329788
259 -0.048814
260 -0.011520
261 -0.350793
262 -0.010654
263 -0.291293
264 -0.098395
265 -0.061994
266 0.074931
267 0.949703
268 1.302284
269 -0.086486
270 -0.072850
271 -0.115945
272 0.048102
273 -0.367971
274 0.030446
275 -0.289793
276 0.531851
277 0.143769
278 -0.336486
279 -0.683435
280 0.286621
281 0.381489
282 -0.180038
283 -0.431076
284 -0.488761
285 0.242145
286 -0.285061
287 -0.413727
288 -0.166349
289 0.156577
290 0.074672
291 0.015325
292 0.015148
293 0.232808
294 0.251365
295 0.184557
296 -0.658824
297 0.027290
298 -0.303612
299 -0.006704
300 -0.801747
301 -0.055766
302 -0.105344
303 -0.177127
304 -0.525904
305 -0.105498
306 -0.167217
307 0.148483
308 -0.337021
309 -0.294824
310 -0.136879
311 0.049946
312 0.000065
313 0.704851
314 0.076751
315 -0.026263
316 0.025943
317 0.028162
318 0.319961
319 0.021716
320 0.034651
321 -0.216467
322 -0.074328
323 -0.076625
324 -0.254578
325 -0.391825
326 -0.473282
327 -0.004213
328 -0.101593
329 -0.748220
330 -0.601433
331 0.263107
332 0.191954
333 -0.248320
334 -0.107070
335 0.077700
336 -0.525795
337 -0.245397
338 0.041989
339 0.139829
340 0.292957
341 -0.326205
342 -0.535325
343 0.020931
344 -0.240369
345 -0.388367
346 -0.745955
347 0.520018
348 -0.044733
349 -0.804176
350 -0.515782
351 0.336932
352 0.198790
353 -0.482841
354 -0.672439
355 0.032060
356 0.418076
357 -0.453219
358 -0.408293
359 -0.025225
360 0.904028
361 -0.361085
362 -0.398946
363 -0.442365
364 -0.115389
365 0.096321
366 -0.510345
367 -0.338346
368 0.041393
369 0.101453
370 -0.346088
371 -0.397446
372 0.681551
373 0.204617
374 -0.396278
375 -0.390469
376 -0.010272
377 0.447528
378 0.227211
379 -0.113416
380 0.863554
381 0.188168
382 0.519509
383 -0.403257
384 -0.257852
385 -0.145408
386 0.038100
387 -0.498536
388 -0.090101
389 0.365321
390 0.507938
391 -0.083216
392 0.079330
393 0.163272
394 1.039820
395 -0.103848
396 -0.015448
397 -0.185290
398 -0.032815
399 -0.120047
400 0.068693
401 -0.150540
402 -0.002246
403 -0.056302
404 0.305376
405 0.057719
406 -0.173254
407 0.141243
408 0.000096
409 0.040140
410 0.151432
411 0.599573
412 -0.237440
413 -0.190690
414 0.111161
415 -0.349571
416 0.069757
417 -0.118683
418 0.256530
419 -0.318857
420 -0.011416
421 -0.755567
422 0.207913
423 0.077365
424 0.995848
425 -0.023242
426 0.971360
427 0.309618
428 0.108212
429 -0.015522
430 -0.535429
431 0.228246
432 0.008736
433 0.120834
434 0.181163
435 -0.114281
436 0.268137
437 0.009060
438 0.197127
439 0.222040
440 0.330914
441 0.396499
442 0.741030
443 0.069570
444 -0.046383
445 0.475562
446 0.503453
447 0.825755
448 -0.099563
449 0.294265
450 0.273350
451 -0.113497
452 -0.223022
453 -0.295726
454 0.024293
455 0.572133
456 0.435934
457 -0.092680
458 -0.338844
459 0.077676
460 0.093065
461 0.013183
462 -0.049074
463 -0.460212
464 0.072524
465 0.367654
466 0.320834
467 0.316747
468 0.021156
469 0.692637
470 0.279725
471 0.236768
472 -0.054352
473 -0.130523
474 0.571476
475 0.196135
476 -0.144529
477 0.006189
478 0.730619
479 0.407949
480 -0.044323
481 -0.407667
482 -0.461782
483 0.035896
484 0.466849
485 0.595218
486 -0.119045
487 -0.071052
488 -0.065904
489 0.387999
490 0.205075
491 0.368562
492 0.244823
493 0.084939
494 0.462861
495 0.310141
496 -0.213981
497 -0.395708
498 -0.411918
499 0.086194
500 0.680521
501 0.249166
502 0.111984
503 0.338710
504 -0.055384
505 0.610944
506 -0.176330
507 -0.252779
508 0.079455
509 -0.137701
510 0.251556
511 0.158021
512 -0.148749
513 -0.079474
514 0.162359
515 0.009810
516 -0.069048
517 -0.265982
518 0.327896
519 0.190207
520 -0.216164
521 0.210335
522 -0.000103
523 -0.118531
524 -0.075325
525 0.068520
526 -0.053816
527 -0.137606
528 -0.404428
529 0.410987
530 -0.046584
531 0.427559
532 0.067843
533 0.484239
534 0.652905
535 -0.005418
536 0.109623
537 0.005353
538 -0.192147
539 -0.382388
540 0.864952
541 -0.111309
542 0.046756
543 -0.197154
544 -0.044652
545 -0.160472
546 -0.136104
547 0.125177
548 -0.058104
549 0.007504
550 -0.050055
551 0.078309
552 0.341847
553 -0.147875
554 -0.002708
555 0.043114
556 0.046751
557 -0.046480
558 0.229086
559 0.019158
560 0.216870
561 0.127636
562 -0.026799
563 -0.001755
564 -0.109300
565 -0.062019
566 -0.131463
567 0.001995
568 0.026264
569 -0.047746
570 -0.018028
571 -0.023217
572 -0.021868
573 0.081152
574 0.042472
575 0.112847
576 0.159768
577 -0.053941
578 -0.118317
579 -0.146810
580 -0.079264
581 -0.372354
582 -0.117882
583 -0.477709
584 -0.303535
585 -0.105746
586 -0.098277
587 0.269578
588 -0.040026
589 0.088401
590 -0.065333
591 -0.134262
592 -0.156724
593 -0.097768
594 0.075487
595 0.029487
596 0.222270
597 -0.045267
598 0.083266
599 -0.065270
600 -0.190385
601 -0.020006
602 0.141193
603 -0.063277
604 0.025404
605 -0.220313
606 -0.064988
607 -0.046204
608 -0.048932
609 0.036482
610 -0.128772
611 -0.061450
612 -0.305811
613 -0.039602
614 -0.144132
615 -0.125539
616 0.059775
617 -0.083968
618 0.002301
619 -0.070009
620 0.081238
621 -0.180028
622 -0.124117
623 0.077112
624 -0.041241
625 -0.027997
626 -0.108433
627 -0.199234
628 -0.052182
629 0.005716
630 -0.005343
631 -0.153416
632 -0.255606
633 -0.235695
634 0.030769
635 -0.140836
636 -0.027049
637 -0.025958
638 -0.102638
639 -0.080262
640 -0.178262
641 -0.215127
642 0.264352
643 0.432473
644 -0.221720
645 -0.040713
646 -0.072765
647 -0.074181
648 0.109139
649 -0.287706
650 0.340863
651 0.108901
652 -0.058628
653 0.032180
654 0.128933
655 -0.196958
656 0.004450
657 -0.120870
658 -0.121497
659 -0.091871
660 -0.001497
661 -0.170534
662 -0.106053
663 -0.150334
664 0.221644
665 0.711958
666 0.111641
667 0.050626
668 0.053680
669 -0.115853
670 0.060095
671 0.367950
672 0.217866
673 -0.107154
674 0.040482
675 0.159666
676 0.089127
677 0.146329
678 -0.313743
679 -0.187966
680 -0.203473
681 0.063534
682 -0.280528
683 0.263712
684 -0.097309
685 -0.382828
686 -0.235483
687 0.263295
688 -0.440416
689 -0.088051
690 0.177522
691 0.048469
692 -0.340884
693 -0.240485
694 -0.113214
695 -0.094107
696 -0.161297
697 0.053690
698 -0.307987
699 -0.063830
700 0.251222
701 0.077692
702 0.191306
703 -0.048000
704 -0.483595
705 -0.180065
706 -0.083773
707 0.849751
708 0.094131
709 0.068978
710 -0.108298
711 0.076073
712 -0.303095
713 0.027208
714 0.523881
715 0.002547
716 -0.115942
717 -0.098742
718 0.188030
719 -0.103427
720 -0.108960
721 -0.053916
722 0.120274
723 0.313686
724 0.152444
725 -0.203012
726 -0.127870
727 -0.334935
728 -0.066394
729 0.106964
730 -0.186872
731 -0.073249
732 0.197203
733 0.007521
734 -0.578457
735 -0.188253
736 0.340337
737 0.671283
738 0.194169
739 0.010897
740 -0.159947
741 -0.108540
742 -0.060077
743 0.125926
744 0.146420
745 0.341305
746 -0.075162
747 0.138348
748 -0.091804
749 -0.093675
750 0.572405
751 0.186199
752 0.061873
753 0.503879
754 0.197895
755 0.468482
756 0.290274
757 -0.184185
758 0.180921
759 0.475443
760 -0.156140
761 0.162956
762 0.211840
763 0.317750
764 -0.246062
765 0.445692
766 0.128466
767 -0.250749
768 -0.310963
769 0.129976
770 -0.086729
771 0.361434
772 -0.007339
773 -0.084170
774 0.237071
775 -0.026710
776 0.175604
777 -0.321021
778 -0.068437
779 -0.147989
780 -0.088347
781 0.840228
782 0.345353
783 0.173435
784 -0.343587
785 0.433767
786 -0.255783
787 0.262917
788 0.157430
789 0.037335
790 0.569970
791 -0.137274
792 -0.015619
793 -0.039555
794 0.267781
795 0.178351
796 0.106589
797 0.282414
798 0.200043
799 0.311197
800 0.029819
801 0.073845
802 0.527426
803 -0.129248
804 -0.124006
805 0.040498
806 -0.137261
807 -0.071309
808 0.235180
809 0.156269
810 -0.001744
811 -0.339246
812 -0.145292
813 -0.096263
814 0.180530
815 -0.266327
816 -0.061032
817 0.378466
818 0.115846
819 0.200251
820 -0.295571
821 0.249387
822 0.084165
823 0.465574
824 -0.204265
825 0.018725
826 -0.106217
827 0.259161
828 0.126518
829 0.553291
830 0.009005
831 0.609464
832 0.022897
833 -0.051810
834 -0.263043
835 -0.117180
836 0.154295
837 0.109363
838 0.328971
839 -0.414678
840 0.077415
841 -0.054547
842 0.084794
843 0.256701
844 0.024876
845 0.253089
846 0.125515
847 -0.211277
848 0.185939
849 -0.109258
850 0.236635
851 0.016003
852 1.519151
853 0.121655
854 -0.140683
855 0.054291
856 -0.019190
857 0.166291
858 0.481524
859 -0.030833
860 -0.182501
861 0.111525
862 -0.070959
863 0.121344
864 0.089846
865 0.236584
866 0.299177
867 0.210500
868 0.000112
869 -0.084459
870 -0.108877
871 -0.350241
872 -0.029725
873 0.312914
874 -0.086305
875 -0.399547
876 0.348798
877 -0.075865
878 -0.213705
879 -0.275079
880 0.030026
881 0.124192
882 -0.185619
883 -0.207435
884 -0.078363
885 -0.144049
886 0.050123
887 -0.129253
888 -0.407973
889 -0.037448
890 0.170294
891 0.772568
892 0.174305
893 0.222748
894 0.213026
895 -0.378864
896 0.235179
897 -0.129567
898 -0.096397
899 -0.170012
900 -0.153604
901 0.138623
902 0.222773
903 0.110094
904 0.052082
905 0.062754
906 0.100375
907 0.092300
908 0.337968
909 0.019010
910 0.026581
911 0.081062
912 0.139313
913 0.257663
914 0.019891
915 -0.140762
916 -0.044701
917 -0.183528
918 0.176490
919 -0.052908
920 0.142462
921 0.385900
922 0.234679
923 0.245192
924 0.201196
925 0.308579
926 0.113724
927 -0.054526
928 0.166548
929 0.002447
930 -0.035992
931 -0.287197
932 -0.120113
933 0.140677
934 -0.254306
935 0.176593
936 -0.101291
937 -0.227801
938 -0.062511
939 -0.071311
940 0.060366
941 -0.481020
942 0.079454
943 -0.350369
944 0.124274
945 -0.075926
946 0.197704
947 0.075885
948 0.181078
949 0.380225
950 -0.063058
951 0.105800
952 0.140321
953 0.038239
954 -0.229505
955 0.343877
956 0.265490
957 0.029566
958 -0.094460
959 0.044520
960 0.091097
961 -0.017941
962 -0.091978
963 0.339831
964 0.244477
965 -0.083356
966 0.144443
967 0.571994
968 0.087743
969 -0.410277
970 0.169552
971 -0.181365
972 -0.033227
973 -0.255134
974 0.351401
975 0.096223
976 -0.034724
977 -0.015142
978 0.649684
979 -0.056080
980 -0.165315
981 -0.020133
982 0.110831
983 -0.093374
984 0.115401
985 -0.182091
986 -0.202615
987 0.282954
988 0.155681
989 -0.309847
990 0.346119
991 -0.287766
992 0.271258
993 0.416275
994 -0.013302
995 0.040917
996 0.580589
997 0.041850
998 0.023315
999 0.198946
1000 0.107427
1001 0.058518
1002 -0.158805
1003 -0.036914
1004 -0.011023
1005 0.003985
1006 0.721496
1007 -0.120940
1008 -0.135877
1009 -0.113987
1010 0.148461
1011 0.458035
1012 0.161040
1013 -0.587982
1014 0.109940
1015 0.212421
1016 0.192738
1017 -0.025669
1018 0.176293
1019 0.482538
1020 0.074786
1021 0.307732
1022 -0.006120
1023 0.743227
1024 -0.048694
1025 0.322119
1026 0.401533
1027 0.254980
1028 -0.039905
1029 0.154348
1030 0.185252
1031 -0.537947
1032 0.070142
1033 0.409288
1034 -0.142337
1035 -0.510586
1036 -0.235345
1037 -0.047638
1038 -0.118159
1039 0.054062
1040 0.393953
1041 0.308379
1042 -0.109905
1043 -0.099634
1044 0.268100
1045 -0.245235
1046 -0.031277
1047 0.169015
1048 0.150627
1049 -0.181160
1050 0.056297
1051 0.095977
1052 -0.127661
1053 0.235291
1054 0.152629
1055 0.070683
1056 -0.283778
1057 -0.541211
1058 -0.164705
1059 0.482683
1060 -0.267410
1061 -0.387179
1062 0.034249
1063 0.350971
1064 0.089011
1065 0.793775
1066 -0.088101
1067 -0.010748
1068 0.202416
1069 -0.171880
1070 0.002199
1071 0.069231
1072 -0.234067
1073 0.213762
1074 0.228414
1075 0.156141
1076 -0.051577
1077 -0.102376
1078 0.202215
1079 0.257790
1080 -0.049585
1081 -0.299962
1082 -0.186134
1083 0.056364
1084 -0.022431
1085 0.311914
1086 0.125842
1087 -0.169557
1088 -0.160561
1089 -0.016180
1090 0.288971
1091 0.053847
1092 0.014741
1093 0.326865
1094 0.202070
1095 0.076395
1096 0.287976
1097 0.068334
1098 0.104642
1099 0.382305
1100 -0.059079
1101 -0.216341
1102 -0.437573
1103 0.002603
1104 -0.076993
1105 -0.047041
1106 0.077497
1107 -0.184562
1108 0.016183
1109 0.080295
1110 0.286850
1111 -0.119857
1112 -0.266533
1113 0.024747
1114 -0.006372
1115 0.804450
1116 0.415587
1117 0.381670
1118 0.038162
1119 0.149680
1120 -0.212036
1121 -0.166616
1122 -0.228591
1123 -0.009621
1124 -0.396946
1125 0.144196
1126 0.052246
1127 -0.262701
1128 0.115827
1129 0.171429
1130 -0.112026
1131 0.000481
1132 0.101331
1133 0.007512
1134 -0.014027
1135 -0.220972
1136 -0.034870
1137 -0.428153
1138 -0.054402
1139 -0.342617
1140 0.272508
1141 -0.354234
1142 0.244880
1143 0.035453
1144 -0.201932
1145 -0.091082
1146 0.182510
1147 -0.044645
1148 0.615058
1149 -0.048155
1150 -0.153386
1151 -0.034850
1152 0.061199
1153 0.224155
1154 -0.049808
1155 0.545361
1156 -0.030608
1157 -0.004191
1158 -0.011798
1159 0.088446
1160 0.090902
1161 0.147284
1162 0.163236
1163 -0.091774
1164 0.042410
1165 0.232390
1166 0.134279
1167 -0.018339
1168 -0.281271
1169 0.464004
1170 0.367571
1171 0.223572
1172 -0.203936
1173 -0.351353
1174 0.326325
1175 -0.108398
1176 0.518184
1177 -0.337733
1178 0.198846
1179 -0.173096
1180 0.393072
1181 -0.272768
1182 -0.021591
1183 -0.125376
1184 0.311604
1185 0.294996
1186 0.162170
1187 0.097009
1188 0.274639
1189 0.090505
1190 -0.023961
1191 0.389280
1192 0.501352
1193 -0.207417
1194 -0.043152
1195 0.087583
1196 0.274016
1197 -0.212138
1198 0.040128
1199 0.228592
1200 0.061308
1201 0.075316
1202 -0.089147
1203 -0.289518
1204 0.165126
1205 0.051106
1206 0.326611
1207 0.592406
1208 0.126177
1209 -0.326351
1210 -0.352502
1211 -0.205169
1212 0.122817
1213 -0.262936
1214 0.390628
1215 0.193219
0 0.040655
1 -0.368595
2 -0.064902
3 -0.212620
4 -0.318694
5 -0.079902
6 -0.090558
7 -0.065977
8 0.059759
9 -0.235626
10 0.106871
11 0.477920
12 -0.134023
13 0.124544
14 0.189832
15 0.374787
16 -0.101459
17 -0.068840
18 0.055080
19 0.125522
20 0.274145
21 -0.106915
22 -0.203788
23 0.069077
24 0.464802
25 0.253237
26 0.127473
27 -0.194507
28 0.233397
29 -0.008585
30 0.423694
31 -0.227268
32 0.439483
33 0.377281
34 0.749872
35 0.144788
36 -0.099046
37 0.021537
38 -0.436160
39 -0.066627
40 -0.237828
41 0.072201
42 0.117100
43 0.497771
44 0.321510
45 0.067468
46 -0.470483
47 -0.017975
48 -0.076846
49 -0.145353
50 0.164057
51 0.158186
52 0.341843
53 0.213368
54 -0.008551
55 0.240852
56 0.299472
57 0.156771
58 0.196686
59 -0.038042
60 0.031562
61 0.196609
62 0.048407
63 0.711467
64 0.400659
65 -0.033432
66 0.143211
67 -0.039598
68 -0.231043
69 0.069209
70 -0.120504
71 0.116558
72 -0.034611
73 0.256043
74 -0.043460
75 0.087170
76 0.016573
77 -0.342568
78 -0.326397
79 -0.358035
80 0.091607
81 -0.085380
82 0.153000
83 0.131037
84 -0.155644
85 0.431481
86 0.203932
87 0.160950
88 0.300608
89 -0.011153
90 0.380158
91 -0.071611
92 0.068221
93 0.177546
94 -0.306559
95 0.178604
96 0.369323
97 0.188376
98 -0.005474
99 0.413522
100 0.653946
101 -0.057547
102 -0.088617
103 0.231829
104 0.015960
105 0.115306
106 0.403906
107 0.228985
108 0.128741
109 0.485107
110 0.286107
111 -0.206856
112 0.143604
113 -0.063550
114 0.229623
115 0.043294
116 -0.072308
117 -0.440253
118 -0.060097
119 0.264516
120 0.027791
121 0.384676
122 -0.113763
123 -0.047651
124 0.017708
125 0.020177
126 0.019369
127 0.236417
128 -0.303983
129 -0.171267
130 0.153986
131 -0.157923
132 0.213334
133 0.107855
134 0.114777
135 -0.000920
136 -0.016202
137 0.065479
138 0.107387
139 -0.069459
140 0.077135
141 0.141462
142 0.018865
143 -0.055435
144 -0.189604
145 -0.081224
146 -0.219276
147 -0.572405
148 -0.326107
149 0.168166
150 -0.137934
151 0.186481
152 -0.005342
153 -0.031268
154 0.290063
155 -0.230895
156 -0.057534
157 0.037500
158 0.030488
159 0.445674
160 0.074613
161 0.125073
162 0.013224
163 -0.158150
164 0.073603
165 0.524183
166 0.116247
167 0.273040
168 -0.174255
169 -0.259795
170 -0.172599
171 0.308239
172 0.279911
173 0.060422
174 0.027097
175 0.111980
176 0.093329
177 -0.199303
178 0.140539
179 0.181909
180 -0.062484
181 0.161792
182 -0.160741
183 -0.136430
184 -0.011681
185 1.179930
186 0.405826
187 0.024491
188 0.151324
189 -0.079463
190 0.155790
191 0.053176
192 -0.230775
193 -0.295186
194 0.674194
195 0.235398
196 -0.236605
197 -0.285947
198 -0.056499
199 0.905199
200 0.578770
201 0.559374
202 -0.178322
203 0.124863
204 0.109272
205 0.031026
206 0.405722
207 0.275609
208 0.184583
209 0.470104
210 -0.543523
211 -0.021303
212 0.147664
213 0.175957
214 -0.353023
215 0.169213
216 -0.085702
217 0.106420
218 0.487470
219 0.041905
220 0.244732
221 0.011391
222 0.241116
223 0.775864
224 -0.008845
225 -0.111369
226 -0.230127
227 1.090979
228 0.107123
229 -0.588129
230 -0.059171
231 -0.448264
232 -0.092783
233 -0.467861
234 -0.164688
235 -0.610916
236 -0.049569
237 -0.109534
238 -0.205350
239 -0.473222
240 -0.144262
241 -0.392201
242 0.134399
243 -0.383814
244 -0.030891
245 -0.367211
246 1.039213
247 -0.327639
248 -0.058385
249 -0.143865
250 -0.118982
251 -0.324224
252 0.024004
253 -0.024036
254 -0.231918
255 -0.210770
256 0.183486
257 -0.027282
258 -0.329788
259 -0.048814
260 -0.011520
261 -0.350793
262 -0.010654
263 -0.291293
264 -0.098395
265 -0.061994
266 0.074931
267 0.949703
268 1.302284
269 -0.086486
270 -0.072850
271 -0.115945
272 0.048102
273 -0.367971
274 0.030446
275 -0.289793
276 0.531851
277 0.143769
278 -0.336486
279 -0.683435
280 0.286621
281 0.381489
282 -0.180038
283 -0.431076
284 -0.488761
285 0.242145
286 -0.285061
287 -0.413727
288 -0.166349
289 0.156577
290 0.074672
291 0.015325
292 0.015148
293 0.232808
294 0.251365
295 0.184557
296 -0.658824
297 0.027290
298 -0.303612
299 -0.006704
300 -0.801747
301 -0.055766
302 -0.105344
303 -0.177127
304 -0.525904
305 -0.105498
306 -0.167217
307 0.148483
308 -0.337021
309 -0.294824
310 -0.136879
311 0.049946
312 0.000065
313 0.704851
314 0.076751
315 -0.026263
316 0.025943
317 0.028162
318 0.319961
319 0.021716
320 0.034651
321 -0.216467
322 -0.074328
323 -0.076625
324 -0.254578
325 -0.391825
326 -0.473282
327 -0.004213
328 -0.101593
329 -0.748220
330 -0.601433
331 0.263107
332 0.191954
333 -0.248320
334 -0.107070
335 0.077700
336 -0.525795
337 -0.245397
338 0.041989
339 0.139829
340 0.292957
341 -0.326205
342 -0.535325
343 0.020931
344 -0.240369
345 -0.388367
346 -0.745955
347 0.520018
348 -0.044733
349 -0.804176
350 -0.515782
351 0.336932
352 0.198790
353 -0.482841
354 -0.672439
355 0.032060
356 0.418076
357 -0.453219
358 -0.408293
359 -0.025225
360 0.904028
361 -0.361085
362 -0.398946
363 -0.442365
364 -0.115389
365 0.096321
366 -0.510345
367 -0.338346
368 0.041393
369 0.101453
370 -0.346088
371 -0.397446
372 0.681551
373 0.204617
374 -0.396278
375 -0.390469
376 -0.010272
377 0.447528
378 0.227211
379 -0.113416
380 0.863554
381 0.188168
382 0.519509
383 -0.403257
384 -0.257852
385 -0.145408
386 0.038100
387 -0.498536
388 -0.090101
389 0.365321
390 0.507938
391 -0.083216
392 0.079330
393 0.163272
394 1.039820
395 -0.103848
396 -0.015448
397 -0.185290
398 -0.032815
399 -0.120047
400 0.068693
401 -0.150540
402 -0.002246
403 -0.056302
404 0.305376
405 0.057719
406 -0.173254
407 0.141243
408 0.000096
409 0.040140
410 0.151432
411 0.599573
412 -0.237440
413 -0.190690
414 0.111161
415 -0.349571
416 0.069757
417 -0.118683
418 0.256530
419 -0.318857
420 -0.011416
421 -0.755567
422 0.207913
423 0.077365
424 0.995848
425 -0.023242
426 0.971360
427 0.309618
428 0.108212
429 -0.015522
430 -0.535429
431 0.228246
432 0.008736
433 0.120834
434 0.181163
435 -0.114281
436 0.268137
437 0.009060
438 0.197127
439 0.222040
440 0.330914
441 0.396499
442 0.741030
443 0.069570
444 -0.046383
445 0.475562
446 0.503453
447 0.825755
448 -0.099563
449 0.294265
450 0.273350
451 -0.113497
452 -0.223022
453 -0.295726
454 0.024293
455 0.572133
456 0.435934
457 -0.092680
458 -0.338844
459 0.077676
460 0.093065
461 0.013183
462 -0.049074
463 -0.460212
464 0.072524
465 0.367654
466 0.320834
467 0.316747
468 0.021156
469 0.692637
470 0.279725
471 0.236768
472 -0.054352
473 -0.130523
474 0.571476
475 0.196135
476 -0.144529
477 0.006189
478 0.730619
479 0.407949
480 -0.044323
481 -0.407667
482 -0.461782
483 0.035896
484 0.466849
485 0.595218
486 -0.119045
487 -0.071052
488 -0.065904
489 0.387999
490 0.205075
491 0.368562
492 0.244823
493 0.084939
494 0.462861
495 0.310141
496 -0.213981
497 -0.395708
498 -0.411918
499 0.086194
500 0.680521
501 0.249166
502 0.111984
503 0.338710
504 -0.055384
505 0.610944
506 -0.176330
507 -0.252779
508 0.079455
509 -0.137701
510 0.251556
511 0.158021
512 -0.148749
513 -0.079474
514 0.162359
515 0.009810
516 -0.069048
517 -0.265982
518 0.327896
519 0.190207
520 -0.216164
521 0.210335
522 -0.000103
523 -0.118531
524 -0.075325
525 0.068520
526 -0.053816
527 -0.137606
528 -0.404428
529 0.410987
530 -0.046584
531 0.427559
532 0.067843
533 0.484239
534 0.652905
535 -0.005418
536 0.109623
537 0.005353
538 -0.192147
539 -0.382388
540 0.864952
541 -0.111309
542 0.046756
543 -0.197154
544 -0.044652
545 -0.160472
546 -0.136104
547 0.125177
548 -0.058104
549 0.007504
550 -0.050055
551 0.078309
552 0.341847
553 -0.147875
554 -0.002708
555 0.043114
556 0.046751
557 -0.046480
558 0.229086
559 0.019158
560 0.216870
561 0.127636
562 -0.026799
563 -0.001755
564 -0.109300
565 -0.062019
566 -0.131463
567 0.001995
568 0.026264
569 -0.047746
570 -0.018028
571 -0.023217
572 -0.021868
573 0.081152
574 0.042472
575 0.112847
576 0.159768
577 -0.053941
578 -0.118317
579 -0.146810
580 -0.079264
581 -0.372354
582 -0.117882
583 -0.477709
584 -0.303535
585 -0.105746
586 -0.098277
587 0.269578
588 -0.040026
589 0.088401
590 -0.065333
591 -0.134262
592 -0.156724
593 -0.097768
594 0.075487
595 0.029487
596 0.222270
597 -0.045267
598 0.083266
599 -0.065270
600 -0.190385
601 -0.020006
602 0.141193
603 -0.063277
604 0.025404
605 -0.220313
606 -0.064988
607 -0.046204
608 -0.048932
609 0.036482
610 -0.128772
611 -0.061450
612 -0.305811
613 -0.039602
614 -0.144132
615 -0.125539
616 0.059775
617 -0.083968
618 0.002301
619 -0.070009
620 0.081238
621 -0.180028
622 -0.124117
623 0.077112
624 -0.041241
625 -0.027997
626 -0.108433
627 -0.199234
628 -0.052182
629 0.005716
630 -0.005343
631 -0.153416
632 -0.255606
633 -0.235695
634 0.030769
635 -0.140836
636 -0.027049
637 -0.025958
638 -0.102638
639 -0.080262
640 -0.178262
641 -0.215127
642 0.264352
643 0.432473
644 -0.221720
645 -0.040713
646 -0.072765
647 -0.074181
648 0.109139
649 -0.287706
650 0.340863
651 0.108901
652 -0.058628
653 0.032180
654 0.128933
655 -0.196958
656 0.004450
657 -0.120870
658 -0.121497
659 -0.091871
660 -0.001497
661 -0.170534
662 -0.106053
663 -0.150334
664 0.221644
665 0.711958
666 0.111641
667 0.050626
668 0.053680
669 -0.115853
670 0.060095
671 0.367950
672 0.217866
673 -0.107154
674 0.040482
675 0.159666
676 0.089127
677 0.146329
678 -0.313743
679 -0.187966
680 -0.203473
681 0.063534
682 -0.280528
683 0.263712
684 -0.097309
685 -0.382828
686 -0.235483
687 0.263295
688 -0.440416
689 -0.088051
690 0.177522
691 0.048469
692 -0.340884
693 -0.240485
694 -0.113214
695 -0.094107
696 -0.161297
697 0.053690
698 -0.307987
699 -0.063830
700 0.251222
701 0.077692
702 0.191306
703 -0.048000
704 -0.483595
705 -0.180065
706 -0.083773
707 0.849751
708 0.094131
709 0.068978
710 -0.108298
711 0.076073
712 -0.303095
713 0.027208
714 0.523881
715 0.002547
716 -0.115942
717 -0.098742
718 0.188030
719 -0.103427
720 -0.108960
721 -0.053916
722 0.120274
723 0.313686
724 0.152444
725 -0.203012
726 -0.127870
727 -0.334935
728 -0.066394
729 0.106964
730 -0.186872
731 -0.073249
732 0.197203
733 0.007521
734 -0.578457
735 -0.188253
736 0.340337
737 0.671283
738 0.194169
739 0.010897
740 -0.159947
741 -0.108540
742 -0.060077
743 0.125926
744 0.146420
745 0.341305
746 -0.075162
747 0.138348
748 -0.091804
749 -0.093675
750 0.572405
751 0.186199
752 0.061873
753 0.503879
754 0.197895
755 0.468482
756 0.290274
757 -0.184185
758 0.180921
759 0.475443
760 -0.156140
761 0.162956
762 0.211840
763 0.317750
764 -0.246062
765 0.445692
766 0.128466
767 -0.250749
768 -0.310963
769 0.129976
770 -0.086729
771 0.361434
772 -0.007339
773 -0.084170
774 0.237071
775 -0.026710
776 0.175604
777 -0.321021
778 -0.068437
779 -0.147989
780 -0.088347
781 0.840228
782 0.345353
783 0.173435
784 -0.343587
785 0.433767
786 -0.255783
787 0.262917
788 0.157430
789 0.037335
790 0.569970
791 -0.137274
792 -0.015619
793 -0.039555
794 0.267781
795 0.178351
796 0.106589
797 0.282414
798 0.200043
799 0.311197
800 0.029819
801 0.073845
802 0.527426
803 -0.129248
804 -0.124006
805 0.040498
806 -0.137261
807 -0.071309
808 0.235180
809 0.156269
810 -0.001744
811 -0.339246
812 -0.145292
813 -0.096263
814 0.180530
815 -0.266327
816 -0.061032
817 0.378466
818 0.115846
819 0.200251
820 -0.295571
821 0.249387
822 0.084165
823 0.465574
824 -0.204265
825 0.018725
826 -0.106217
827 0.259161
828 0.126518
829 0.553291
830 0.009005
831 0.609464
832 0.022897
833 -0.051810
834 -0.263043
835 -0.117180
836 0.154295
837 0.109363
838 0.328971
839 -0.414678
840 0.077415
841 -0.054547
842 0.084794
843 0.256701
844 0.024876
845 0.253089
846 0.125515
847 -0.211277
848 0.185939
849 -0.109258
850 0.236635
851 0.016003
852 1.519151
853 0.121655
854 -0.140683
855 0.054291
856 -0.019190
857 0.166291
858 0.481524
859 -0.030833
860 -0.182501
861 0.111525
862 -0.070959
863 0.121344
864 0.089846
865 0.236584
866 0.299177
867 0.210500
868 0.000112
869 -0.084459
870 -0.108877
871 -0.350241
872 -0.029725
873 0.312914
874 -0.086305
875 -0.399547
876 0.348798
877 -0.075865
878 -0.213705
879 -0.275079
880 0.030026
881 0.124192
882 -0.185619
883 -0.207435
884 -0.078363
885 -0.144049
886 0.050123
887 -0.129253
888 -0.407973
889 -0.037448
890 0.170294
891 0.772568
892 0.174305
893 0.222748
894 0.213026
895 -0.378864
896 0.235179
897 -0.129567
898 -0.096397
899 -0.170012
900 -0.153604
901 0.138623
902 0.222773
903 0.110094
904 0.052082
905 0.062754
906 0.100375
907 0.092300
908 0.337968
909 0.019010
910 0.026581
911 0.081062
912 0.139313
913 0.257663
914 0.019891
915 -0.140762
916 -0.044701
917 -0.183528
918 0.176490
919 -0.052908
920 0.142462
921 0.385900
922 0.234679
923 0.245192
924 0.201196
925 0.308579
926 0.113724
927 -0.054526
928 0.166548
929 0.002447
930 -0.035992
931 -0.287197
932 -0.120113
933 0.140677
934 -0.254306
935 0.176593
936 -0.101291
937 -0.227801
938 -0.062511
939 -0.071311
940 0.060366
941 -0.481020
942 0.079454
943 -0.350369
944 0.124274
945 -0.075926
946 0.197704
947 0.075885
948 0.181078
949 0.380225
950 -0.063058
951 0.105800
952 0.140321
953 0.038239
954 -0.229505
955 0.343877
956 0.265490
957 0.029566
958 -0.094460
959 0.044520
960 0.091097
961 -0.017941
962 -0.091978
963 0.339831
964 0.244477
965 -0.083356
966 0.144443
967 0.571994
968 0.087743
969 -0.410277
970 0.169552
971 -0.181365
972 -0.033227
973 -0.255134
974 0.351401
975 0.096223
976 -0.034724
977 -0.015142
978 0.649684
979 -0.056080
980 -0.165315
981 -0.020133
982 0.110831
983 -0.093374
984 0.115401
985 -0.182091
986 -0.202615
987 0.282954
988 0.155681
989 -0.309847
990 0.346119
991 -0.287766
992 0.271258
993 0.416275
994 -0.013302
995 0.040917
996 0.580589
997 0.041850
998 0.023315
999 0.198946
1000 0.107427
1001 0.058518
1002 -0.158805
1003 -0.036914
1004 -0.011023
1005 0.003985
1006 0.721496
1007 -0.120940
1008 -0.135877
1009 -0.113987
1010 0.148461
1011 0.458035
1012 0.161040
1013 -0.587982
1014 0.109940
1015 0.212421
1016 0.192738
1017 -0.025669
1018 0.176293
1019 0.482538
1020 0.074786
1021 0.307732
1022 -0.006120
1023 0.743227
1024 -0.048694
1025 0.322119
1026 0.401533
1027 0.254980
1028 -0.039905
1029 0.154348
1030 0.185252
1031 -0.537947
1032 0.070142
1033 0.409288
1034 -0.142337
1035 -0.510586
1036 -0.235345
1037 -0.047638
1038 -0.118159
1039 0.054062
1040 0.393953
1041 0.308379
1042 -0.109905
1043 -0.099634
1044 0.268100
1045 -0.245235
1046 -0.031277
1047 0.169015
1048 0.150627
1049 -0.181160
1050 0.056297
1051 0.095977
1052 -0.127661
1053 0.235291
1054 0.152629
1055 0.070683
1056 -0.283778
1057 -0.541211
1058 -0.164705
1059 0.482683
1060 -0.267410
1061 -0.387179
1062 0.034249
1063 0.350971
1064 0.089011
1065 0.793775
1066 -0.088101
1067 -0.010748
1068 0.202416
1069 -0.171880
1070 0.002199
1071 0.069231
1072 -0.234067
1073 0.213762
1074 0.228414
1075 0.156141
1076 -0.051577
1077 -0.102376
1078 0.202215
1079 0.257790
1080 -0.049585
1081 -0.299962
1082 -0.186134
1083 0.056364
1084 -0.022431
1085 0.311914
1086 0.125842
1087 -0.169557
1088 -0.160561
1089 -0.016180
1090 0.288971
1091 0.053847
1092 0.014741
1093 0.326865
1094 0.202070
1095 0.076395
1096 0.287976
1097 0.068334
1098 0.104642
1099 0.382305
1100 -0.059079
1101 -0.216341
1102 -0.437573
1103 0.002603
1104 -0.076993
1105 -0.047041
1106 0.077497
1107 -0.184562
1108 0.016183
1109 0.080295
1110 0.286850
1111 -0.119857
1112 -0.266533
1113 0.024747
1114 -0.006372
1115 0.804450
1116 0.415587
1117 0.381670
1118 0.038162
1119 0.149680
1120 -0.212036
1121 -0.166616
1122 -0.228591
1123 -0.009621
1124 -0.396946
1125 0.144196
1126 0.052246
1127 -0.262701
1128 0.115827
1129 0.171429
1130 -0.112026
1131 0.000481
1132 0.101331
1133 0.007512
1134 -0.014027
1135 -0.220972
1136 -0.034870
1137 -0.428153
1138 -0.054402
1139 -0.342617
1140 0.272508
1141 -0.354234
1142 0.244880
1143 0.035453
1144 -0.201932
1145 -0.091082
1146 0.182510
1147 -0.044645
1148 0.615058
1149 -0.048155
1150 -0.153386
1151 -0.034850
1152 0.061199
1153 0.224155
1154 -0.049808
1155 0.545361
1156 -0.030608
1157 -0.004191
1158 -0.011798
1159 0.088446
1160 0.090902
1161 0.147284
1162 0.163236
1163 -0.091774
1164 0.042410
1165 0.232390
1166 0.134279
1167 -0.018339
1168 -0.281271
1169 0.464004
1170 0.367571
1171 0.223572
1172 -0.203936
1173 -0.351353
1174 0.326325
1175 -0.108398
1176 0.518184
1177 -0.337733
1178 0.198846
1179 -0.173096
1180 0.393072
1181 -0.272768
1182 -0.021591
1183 -0.125376
1184 0.311604
1185 0.294996
1186 0.162170
1187 0.097009
1188 0.274639
1189 0.090505
1190 -0.023961
1191 0.389280
1192 0.501352
1193 -0.207417
1194 -0.043152
1195 0.087583
1196 0.274016
1197 -0.212138
1198 0.040128
1199 0.228592
1200 0.061308
1201 0.075316
1202 -0.089147
1203 -0.289518
1204 0.165126
1205 0.051106
1206 0.326611
1207 0.592406
1208 0.126177
1209 -0.326351
1210 -0.352502
1211 -0.205169
1212 0.122817
1213 -0.262936
1214 0.390628
1215 0.193219
0 0.040655
1 -0.368595
2 -0.064902
3 -0.212620
4 -0.318694
5 -0.079902
6 -0.090558
7 -0.065977
8 0.059759
9 -0.235626
10 0.106871
11 0.477920
12 -0.134023
13 0.124544
14 0.189832
15 0.374787
16 -0.101459
17 -0.068840
18 0.055080
19 0.125522
20 0.274145
21 -0.106915
22 -0.203788
23 0.069077
24 0.464802
25 0.253237
26 0.127473
27 -0.194507
28 0.233397
29 -0.008585
30 0.423694
31 -0.227268
32 0.439483
33 0.377281
34 0.749872
35 0.144788
36 -0.099046
37 0.021537
38 -0.436160
39 -0.066627
40 -0.237828
41 0.072201
42 0.117100
43 0.497771
44 0.321510
45 0.067468
46 -0.470483
47 -0.017975
48 -0.076846
49 -0.145353
50 0.164057
51 0.158186
52 0.341843
53 0.213368
54 -0.008551
55 0.240852
56 0.299472
57 0.156771
58 0.196686
59 -0.038042
60 0.031562
61 0.196609
62 0.048407
63 0.711467
64 0.400659
65 -0.033432
66 0.143211
67 -0.039598
68 -0.231043
69 0.069209
70 -0.120504
71 0.116558
72 -0.034611
73 0.256043
74 -0.043460
75 0.087170
76 0.016573
77 -0.342568
78 -0.326397
79 -0.358035
80 0.091607
81 -0.085380
82 0.153000
83 0.131037
84 -0.155644
85 0.431481
86 0.203932
87 0.160950
88 0.300608
89 -0.011153
90 0.380158
91 -0.071611
92 0.068221
93 0.177546
94 -0.306559
95 0.178604
96 0.369323
97 0.188376
98 -0.005474
99 0.413522
100 0.653946
101 -0.057547
102 -0.088617
103 0.231829
104 0.015960
105 0.115306
106 0.403906
107 0.228985
108 0.128741
109 0.485107
110 0.286107
111 -0.206856
112 0.143604
113 -0.063550
114 0.229623
115 0.043294
116 -0.072308
117 -0.440253
118 -0.060097
119 0.264516
120 0.027791
121 0.384676
122 -0.113763
123 -0.047651
124 0.017708
125 0.020177
126 0.019369
127 0.236417
128 -0.303983
129 -0.171267
130 0.153986
131 -0.157923
132 0.213334
133 0.107855
134 0.114777
135 -0.000920
136 -0.016202
137 0.065479
138 0.107387
139 -0.069459
140 0.077135
141 0.141462
142 0.018865
143 -0.055435
144 -0.189604
145 -0.081224
146 -0.219276
147 -0.572405
148 -0.326107
149 0.168166
150 -0.137934
151 0.186481
152 -0.005342
153 -0.031268
154 0.290063
155 -0.230895
156 -0.057534
157 0.037500
158 0.030488
159 0.445674
160 0.074613
161 0.125073
162 0.013224
163 -0.158150
164 0.073603
165 0.524183
166 0.116247
167 0.273040
168 -0.174255
169 -0.259795
170 -0.172599
171 0.308239
172 0.279911
173 0.060422
174 0.027097
175 0.111980
176 0.093329
177 -0.199303
178 0.140539
179 0.181909
180 -0.062484
181 0.161792
182 -0.160741
183 -0.136430
184 -0.011681
185 1.179930
186 0.405826
187 0.024491
188 0.151324
189 -0.079463
190 0.155790
191 0.053176
192 -0.230775
193 -0.295186
194 0.674194
195 0.235398
196 -0.236605
197 -0.285947
198 -0.056499
199 0.905199
200 0.578770
201 0.559374
202 -0.178322
203 0.124863
204 0.109272
205 0.031026
206 0.405722
207 0.275609
208 0.184583
209 0.470104
210 -0.543523
211 -0.021303
212 0.147664
213 0.175957
214 -0.353023
215 0.169213
216 -0.085702
217 0.106420
218 0.487470
219 0.041905
220 0.244732
221 0.011391
222 0.241116
223 0.775864
224 -0.008845
225 -0.111369
226 -0.230127
227 1.090979
228 0.107123
229 -0.588129
230 -0.059171
231 -0.448264
232 -0.092783
233 -0.467861
234 -0.164688
235 -0.610916
236 -0.049569
237 -0.109534
238 -0.205350
239 -0.473222
240 -0.144262
241 -0.392201
242 0.134399
243 -0.383814
244 -0.030891
245 -0.367211
246 1.039213
247 -0.327639
248 -0.058385
249 -0.143865
250 -0.118982
251 -0.324224
252 0.024004
253 -0.024036
254 -0.231918
255 -0.210770
256 0.183486
257 -0.027282
258 -0.329788
259 -0.048814
260 -0.011520
261 -0.350793
262 -0.010654
263 -0.291293
264 -0.098395
265 -0.061994
266 0.074931
267 0.949703
268 1.302284
269 -0.086486
270 -0.072850
271 -0.115945
272 0.048102
273 -0.367971
274 0.030446
275 -0.289793
276 0.531851
277 0.143769
278 -0.336486
279 -0.683435
280 0.286621
281 0.381489
282 -0.180038
283 -0.431076
284 -0.488761
285 0.242145
286 -0.285061
287 -0.413727
288 -0.166349
289 0.156577
290 0.074672
291 0.015325
292 0.015148
293 0.232808
294 0.251365
295 0.184557
296 -0.658824
297 0.027290
298 -0.303612
299 -0.006704
300 -0.801747
301 -0.055766
302 -0.105344
303 -0.177127
304 -0.525904
305 -0.105498
306 -0.167217
307 0.148483
308 -0.337021
309 -0.294824
310 -0.136879
311 0.049946
312 0.000065
313 0.704851
314 0.076751
315 -0.026263
316 0.025943
317 0.028162
318 0.319961
319 0.021716
320 0.034651
321 -0.216467
322 -0.074328
323 -0.076625
324 -0.254578
325 -0.391825
326 -0.473282
327 -0.004213
328 -0.101593
329 -0.748220
330 -0.601433
331 0.263107
332 0.191954
333 -0.248320
334 -0.107070
335 0.077700
336 -0.525795
337 -0.245397
338 0.041989
339 0.139829
340 0.292957
341 -0.326205
342 -0.535325
343 0.020931
344 -0.240369
345 -0.388367
346 -0.745955
347 0.520018
348 -0.044733
349 -0.804176
350 -0.515782
351 0.336932
352 0.198790
353 -0.482841
354 -0.672439
355 0.032060
356 0.418076
357 -0.453219
358 -0.408293
359 -0.025225
360 0.904028
361 -0.361085
362 -0.398946
363 -0.442365
364 -0.115389
365 0.096321
366 -0.510345
367 -0.338346
368 0.041393
369 0.101453
370 -0.346088
371 -0.397446
372 0.681551
373 0.204617
374 -0.396278
375 -0.390469
376 -0.010272
377 0.447528
378 0.227211
379 -0.113416
380 0.863554
381 0.188168
382 0.519509
383 -0.403257
384 -0.257852
385 -0.145408
386 0.038100
387 -0.498536
388 -0.090101
389 0.365321
390 0.507938
391 -0.083216
392 0.079330
393 0.163272
394 1.039820
395 -0.103848
396 -0.015448
397 -0.185290
398 -0.032815
399 -0.120047
400 0.068693
401 -0.150540
402 -0.002246
403 -0.056302
404 0.305376
405 0.057719
406 -0.173254
407 0.141243
408 0.000096
409 0.040140
410 0.151432
411 0.599573
412 -0.237440
413 -0.190690
414 0.111161
415 -0.349571
416 0.069757
417 -0.118683
418 0.256530
419 -0.318857
420 -0.011416
421 -0.755567
422 0.207913
423 0.077365
424 0.995848
425 -0.023242
426 0.971360
427 0.309618
428 0.108212
429 -0.015522
430 -0.535429
431 0.228246
432 0.008736
433 0.120834
434 0.181163
435 -0.114281
436 0.268137
437 0.009060
438 0.197127
439 0.222040
440 0.330914
441 0.396499
442 0.741030
443 0.069570
444 -0.046383
445 0.475562
446 0.503453
447 0.825755
448 -0.099563
449 0.294265
450 0.273350
451 -0.113497
452 -0.223022
453 -0.295726
454 0.024293
455 0.572133
456 0.435934
457 -0.092680
458 -0.338844
459 0.077676
460 0.093065
461 0.013183
462 -0.049074
463 -0.460212
464 0.072524
465 0.367654
466 0.320834
467 0.316747
468 0.021156
469 0.692637
470 0.279725
471 0.236768
472 -0.054352
473 -0.130523
474 0.571476
475 0.196135
476 -0.144529
477 0.006189
478 0.730619
479 0.407949
480 -0.044323
481 -0.407667
482 -0.461782
483 0.035896
484 0.466849
485 0.595218
486 -0.119045
487 -0.071052
488 -0.065904
489 0.387999
490 0.205075
491 0.368562
492 0.244823
493 0.084939
494 0.462861
495 0.310141
496 -0.213981
497 -0.395708
498 -0.411918
499 0.086194
500 0.680521
501 0.249166
502 0.111984
503 0.338710
504 -0.055384
505 0.610944
506 -0.176330
507 -0.252779
508 0.079455
509 -0.137701
510 0.251556
511 0.158021
512 -0.148749
513 -0.079474
514 0.162359
515 0.009810
516 -0.069048
517 -0.265982
518 0.327896
519 0.190207
520 -0.216164
521 0.210335
522 -0.000103
523 -0.118531
524 -0.075325
525 0.068520
526 -0.053816
527 -0.137606
528 -0.404428
529 0.410987
530 -0.046584
531 0.427559
532 0.067843
533 0.484239
534 0.652905
535 -0.005418
536 0.109623
537 0.005353
538 -0.192147
539 -0.382388
540 0.864952
541 -0.111309
542 0.046756
543 -0.197154
544 -0.044652
545 -0.160472
546 -0.136104
547 0.125177
548 -0.058104
549 0.007504
550 -0.050055
551 0.078309
552 0.341847
553 -0.147875
554 -0.002708
555 0.043114
556 0.046751
557 -0.046480
558 0.229086
559 0.019158
560 0.216870
561 0.127636
562 -0.026799
563 -0.001755
564 -0.109300
565 -0.062019
566 -0.131463
567 0.001995
568 0.026264
569 -0.047746
570 -0.018028
571 -0.023217
572 -0.021868
573 0.081152
574 0.042472
575 0.112847
576 0.159768
577 -0.053941
578 -0.118317
579 -0.146810
580 -0.079264
581 -0.372354
582 -0.117882
583 -0.477709
584 -0.303535
585 -0.105746
586 -0.098277
587 0.269578
588 -0.040026
589 0.088401
590 -0.065333
591 -0.134262
592 -0.156724
593 -0.097768
594 0.075487
595 0.029487
596 0.222270
597 -0.045267
598 0.083266
599 -0.065270
600 -0.190385
601 -0.020006
602 0.141193
603 -0.063277
604 0.025404
605 -0.220313
606 -0.064988
607 -0.046204
608 -0.048932
609 0.036482
610 -0.128772
611 -0.061450
612 -0.305811
613 -0.039602
614 -0.144132
615 -0.125539
616 0.059775
617 -0.083968
618 0.002301
619 -0.070009
620 0.081238
621 -0.180028
622 -0.124117
623 0.077112
624 -0.041241
625 -0.027997
626 -0.108433
627 -0.199234
628 -0.052182
629 0.005716
630 -0.005343
631 -0.153416
632 -0.255606
633 -0.235695
634 0.030769
635 -0.140836
636 -0.027049
637 -0.025958
638 -0.102638
639 -0.080262
640 -0.178262
641 -0.215127
642 0.264352
643 0.432473
644 -0.221720
645 -0.040713
646 -0.072765
647 -0.074181
648 0.109139
649 -0.287706
650 0.340863
651 0.108901
652 -0.058628
653 0.032180
654 0.128933
655 -0.196958
656 0.004450
657 -0.120870
658 -0.121497
659 -0.091871
660 -0.001497
661 -0.170534
662 -0.106053
663 -0.150334
664 0.221644
665 0.711958
666 0.111641
667 0.050626
668 0.053680
669 -0.115853
670 0.060095
671 0.367950
672 0.217866
673 -0.107154
674 0.040482
675 0.159666
676 0.089127
677 0.146329
678 -0.313743
679 -0.187966
680 -0.203473
681 0.063534
682 -0.280528
683 0.263712
684 -0.097309
685 -0.382828
686 -0.235483
687 0.263295
688 -0.440416
689 -0.088051
690 0.177522
691 0.048469
692 -0.340884
693 -0.240485
694 -0.113214
695 -0.094107
696 -0.161297
697 0.053690
698 -0.307987
699 -0.063830
700 0.251222
701 0.077692
702 0.191306
703 -0.048000
704 -0.483595
705 -0.180065
706 -0.083773
707 0.849751
708 0.094131
709 0.068978
710 -0.108298
711 0.076073
712 -0.303095
713 0.027208
714 0.523881
715 0.002547
716 -0.115942
717 -0.098742
718 0.188030
719 -0.103427
720 -0.108960
721 -0.053916
722 0.120274
723 0.313686
724 0.152444
725 -0.203012
726 -0.127870
727 -0.334935
728 -0.066394
729 0.106964
730 -0.186872
731 -0.073249
732 0.197203
733 0.007521
734 -0.578457
735 -0.188253
736 0.340337
737 0.671283
738 0.194169
739 0.010897
740 -0.159947
741 -0.108540
742 -0.060077
743 0.125926
744 0.146420
745 0.341305
746 -0.075162
747 0.138348
748 -0.091804
749 -0.093675
750 0.572405
751 0.186199
752 0.061873
753 0.503879
754 0.197895
755 0.468482
756 0.290274
757 -0.184185
758 0.180921
759 0.475443
760 -0.156140
761 0.162956
762 0.211840
763 0.317750
764 -0.246062
765 0.445692
766 0.128466
767 -0.250749
768 -0.310963
769 0.129976
770 -0.086729
771 0.361434
772 -0.007339
773 -0.084170
774 0.237071
775 -0.026710
776 0.175604
777 -0.321021
778 -0.068437
779 -0.147989
780 -0.088347
781 0.840228
782 0.345353
783 0.173435
784 -0.343587
785 0.433767
786 -0.255783
787 0.262917
788 0.157430
789 0.037335
790 0.569970
791 -0.137274
792 -0.015619
793 -0.039555
794 0.267781
795 0.178351
796 0.106589
797 0.282414
798 0.200043
799 0.311197
800 0.029819
801 0.073845
802 0.527426
803 -0.129248
804 -0.124006
805 0.040498
806 -0.137261
807 -0.071309
808 0.235180
809 0.156269
810 -0.001744
811 -0.339246
812 -0.145292
813 -0.096263
814 0.180530
815 -0.266327
816 -0.061032
817 0.378466
818 0.115846
819 0.200251
820 -0.295571
821 0.249387
822 0.084165
823 0.465574
824 -0.204265
825 0.018725
826 -0.106217
827 0.259161
828 0.126518
829 0.553291
830 0.009005
831 0.609464
832 0.022897
833 -0.051810
834 -0.263043
835 -0.117180
836 0.154295
837 0.109363
838 0.328971
839 -0.414678
840 0.077415
841 -0.054547
842 0.084794
843 0.256701
844 0.024876
845 0.253089
846 0.125515
847 -0.211277
848 0.185939
849 -0.109258
850 0.236635
851 0.016003
852 1.519151
853 0.121655
854 -0.140683
855 0.054291
856 -0.019190
857 0.166291
858 0.481524
859 -0.030833
860 -0.182501
861 0.111525
862 -0.070959
863 0.121344
864 0.089846
865 0.236584
866 0.299177
867 0.210500
868 0.000112
869 -0.084459
870 -0.108877
871 -0.350241
872 -0.029725
873 0.312914
874 -0.086305
875 -0.399547
876 0.348798
877 -0.075865
878 -0.213705
879 -0.275079
880 0.030026
881 0.124192
882 -0.185619
883 -0.207435
884 -0.078363
885 -0.144049
886 0.050123
887 -0.129253
888 -0.407973
889 -0.037448
890 0.170294
891 0.772568
892 0.174305
893 0.222748
894 0.213026
895 -0.378864
896 0.235179
897 -0.129567
898 -0.096397
899 -0.170012
900 -0.153604
901 0.138623
902 0.222773
903 0.110094
904 0.052082
905 0.062754
906 0.100375
907 0.092300
908 0.337968
909 0.019010
910 0.026581
911 0.081062
912 0.139313
913 0.257663
914 0.019891
915 -0.140762
916 -0.044701
917 -0.183528
918 0.176490
919 -0.052908
920 0.142462
921 0.385900
922 0.234679
923 0.245192
924 0.201196
925 0.308579
926 0.113724
927 -0.054526
928 0.166548
929 0.002447
930 -0.035992
931 -0.287197
932 -0.120113
933 0.140677
934 -0.254306
935 0.176593
936 -0.101291
937 -0.227801
938 -0.062511
939 -0.071311
940 0.060366
941 -0.481020
942 0.079454
943 -0.350369
944 0.124274
945 -0.075926
946 0.197704
947 0.075885
948 0.181078
949 0.380225
950 -0.063058
951 0.105800
952 0.140321
953 0.038239
954 -0.229505
955 0.343877
956 0.265490
957 0.029566
958 -0.094460
959 0.044520
960 0.091097
961 -0.017941
962 -0.091978
963 0.339831
964 0.244477
965 -0.083356
966 0.144443
967 0.571994
968 0.087743
969 -0.410277
970 0.169552
971 -0.181365
972 -0.033227
973 -0.255134
974 0.351401
975 0.096223
976 -0.034724
977 -0.015142
978 0.649684
979 -0.056080
980 -0.165315
981 -0.020133
982 0.110831
983 -0.093374
984 0.115401
985 -0.182091
986 -0.202615
987 0.282954
988 0.155681
989 -0.309847
990 0.346119
991 -0.287766
992 0.271258
993 0.416275
994 -0.013302
995 0.040917
996 0.580589
997 0.041850
998 0.023315
999 0.198946
1000 0.107427
1001 0.058518
1002 -0.158805
1003 -0.036914
1004 -0.011023
1005 0.003985
1006 0.721496
1007 -0.120940
1008 -0.135877
1009 -0.113987
1010 0.148461
1011 0.458035
1012 0.161040
1013 -0.587982
1014 0.109940
1015 0.212421
1016 0.192738
1017 -0.025669
1018 0.176293
1019 0.482538
1020 0.074786
1021 0.307732
1022 -0.006120
1023 0.743227
1024 -0.048694
1025 0.322119
1026 0.401533
1027 0.254980
1028 -0.039905
1029 0.154348
1030 0.185252
1031 -0.537947
1032 0.070142
1033 0.409288
1034 -0.142337
1035 -0.510586
1036 -0.235345
1037 -0.047638
1038 -0.118159
1039 0.054062
1040 0.393953
1041 0.308379
1042 -0.109905
1043 -0.099634
1044 0.268100
1045 -0.245235
1046 -0.031277
1047 0.169015
1048 0.150627
1049 -0.181160
1050 0.056297
1051 0.095977
1052 -0.127661
1053 0.235291
1054 0.152629
1055 0.070683
1056 -0.283778
1057 -0.541211
1058 -0.164705
1059 0.482683
1060 -0.267410
1061 -0.387179
1062 0.034249
1063 0.350971
1064 0.089011
1065 0.793775
1066 -0.088101
1067 -0.010748
1068 0.202416
1069 -0.171880
1070 0.002199
1071 0.069231
1072 -0.234067
1073 0.213762
1074 0.228414
1075 0.156141
1076 -0.051577
1077 -0.102376
1078 0.202215
1079 0.257790
1080 -0.049585
1081 -0.299962
1082 -0.186134
1083 0.056364
1084 -0.022431
1085 0.311914
1086 0.125842
1087 -0.169557
1088 -0.160561
1089 -0.016180
1090 0.288971
1091 0.053847
1092 0.014741
1093 0.326865
1094 0.202070
1095 0.076395
1096 0.287976
1097 0.068334
1098 0.104642
1099 0.382305
1100 -0.059079
1101 -0.216341
1102 -0.437573
1103 0.002603
1104 -0.076993
1105 -0.047041
1106 0.077497
1107 -0.184562
1108 0.016183
1109 0.080295
1110 0.286850
1111 -0.119857
1112 -0.266533
1113 0.024747
1114 -0.006372
1115 0.804450
1116 0.415587
1117 0.381670
1118 0.038162
1119 0.149680
1120 -0.212036
1121 -0.166616
1122 -0.228591
1123 -0.009621
1124 -0.396946
1125 0.144196
1126 0.052246
1127 -0.262701
1128 0.115827
1129 0.171429
1130 -0.112026
1131 0.000481
1132 0.101331
1133 0.007512
1134 -0.014027
1135 -0.220972
1136 -0.034870
1137 -0.428153
1138 -0.054402
1139 -0.342617
1140 0.272508
1141 -0.354234
1142 0.244880
1143 0.035453
1144 -0.201932
1145 -0.091082
1146 0.182510
1147 -0.044645
1148 0.615058
1149 -0.048155
1150 -0.153386
1151 -0.034850
1152 0.061199
1153 0.224155
1154 -0.049808
1155 0.545361
1156 -0.030608
1157 -0.004191
1158 -0.011798
1159 0.088446
1160 0.090902
1161 0.147284
1162 0.163236
1163 -0.091774
1164 0.042410
1165 0.232390
1166 0.134279
1167 -0.018339
1168 -0.281271
1169 0.464004
1170 0.367571
1171 0.223572
1172 -0.203936
1173 -0.351353
1174 0.326325
1175 -0.108398
1176 0.518184
1177 -0.337733
1178 0.198846
1179 -0.173096
1180 0.393072
1181 -0.272768
1182 -0.021591
1183 -0.125376
1184 0.311604
1185 0.294996
1186 0.162170
1187 0.097009
1188 0.274639
1189 0.090505
1190 -0.023961
1191 0.389280
1192 0.501352
1193 -0.207417
1194 -0.043152
1195 0.087583
1196 0.274016
1197 -0.212138
1198 0.040128
1199 0.228592
1200 0.061308
1201 0.075316
1202 -0.089147
1203 -0.289518
1204 0.165126
1205 0.051106
1206 0.326611
1207 0.592406
1208 0.126177
1209 -0.326351
1210 -0.352502
1211 -0.205169
1212 0.122817
1213 -0.262936
1214 0.390628
1215 0.193219
0 0.040655
1 -0.249088
2 -0.542907
3 -0.304492
4 0.042207
5 -0.042722
6 0.014182
7 0.231740
8 -0.291891
9 -0.402806
10 0.058412
11 0.506882
12 0.137560
13 -0.004524
14 -0.443416
15 -0.041795
16 0.318026
17 0.136619
18 0.167455
19 0.317915
20 0.031119
21 0.058764
22 -0.075295
23 -0.086431
24 -0.160992
25 0.046966
26 0.186007
27 0.003536
28 -0.005324
29 -0.271937
30 -0.054625
31 -0.068081
32 -0.191939
33 0.152904
34 -0.035016
35 0.275399
36 -0.079965
37 0.296352
38 -0.017658
39 -0.241261
40 0.909140
41 -0.211707
42 0.163627
43 -0.109073
44 -0.096889
45 -0.008256
46 -0.182324
47 0.165763
48 -0.349441
49 -0.037033
50 0.162997
51 0.298851
52 0.231897
53 -0.187915
54 -0.440459
55 -0.086006
56 -0.153513
57 0.081017
58 0.018988
59 0.202048
60 -0.193785
61 0.088849
62 -0.082746
63 0.173964
64 -0.096299
65 0.190819
66 -0.124301
67 0.104725
68 0.104254
69 -0.045362
70 -0.105248
71 0.189161
72 0.598196
73 -0.325168
74 0.054520
75 0.221729
76 0.186128
77 0.104587
78 0.277669
79 -0.294536
80 0.189648
81 0.396826
82 -0.149560
83 -0.312119
84 -0.076910
85 0.278912
86 -0.273588
87 0.326383
88 -0.167284
89 0.017113
90 -0.006443
91 -0.320499
92 1.285093
93 -0.182503
94 0.246472
95 0.331549
96 -0.370305
97 0.286193
98 0.059503
99 0.010269
100 -0.023335
101 -0.091549
102 0.221625
103 -0.121964
104 -0.133692
105 -0.144676
106 0.321026
107 -0.132679
108 -0.218215
109 0.037852
110 -0.001794
111 0.543340
112 -0.034975
113 -0.080575
114 -0.210716
115 0.120543
116 0.144807
117 -0.324952
118 -0.396110
119 -0.333870
120 -0.141018
121 -0.122780
122 0.134087
123 -0.034769
124 0.065249
125 0.050015
126 -0.137750
127 0.012529
128 -0.157218
129 -0.053990
130 -0.032780
131 0.012057
132 -0.564114
133 -0.555179
134 0.055139
135 0.145365
136 -0.808978
137 0.086340
138 0.502260
139 -0.012981
140 -0.297571
141 0.485840
142 0.784784
143 -0.101033
144 0.070455
145 0.103935
146 0.090511
147 -0.005388
148 0.015838
149 -0.239754
150 0.181406
151 0.191337
152 -0.084894
153 0.198897
154 -0.247025
155 0.082431
156 -0.249460
157 0.012164
158 0.316080
159 0.128253
160 0.023086
161 0.099414
162 -0.194009
163 -0.025513
164 -0.045094
165 -0.149088
166 0.254531
167 0.011362
168 -0.139969
169 0.116729
170 0.254854
171 0.496059
172 -0.303491
173 -0.016339
174 -0.334906
175 0.187341
176 0.380290
177 -0.318325
178 -0.021818
179 0.167714
180 -0.380715
181 0.080559
182 0.004785
183 0.246538
184 -0.006597
185 0.175134
186 -0.100492
187 0.121718
188 0.076744
189 0.244085
190 0.084489
191 0.453763
192 0.081520
193 -0.038879
194 0.312535
195 0.177645
196 0.028253
197 0.049651
198 0.037897
199 -0.003031
200 0.098634
201 -0.097544
202 -0.272428
203 -0.419801
204 0.219224
205 -0.165601
206 0.028664
207 0.127958
208 -0.265839
209 -0.112470
210 0.112037
211 0.190552
212 0.128776
213 -0.004844
214 0.024446
215 -0.135699
216 0.583568
217 -0.072118
218 -0.082314
219 -0.235999
220 -0.300883
221 0.083361
222 -0.269740
223 0.007433
224 0.263232
225 -0.380026
226 0.151250
227 0.576995
228 -0.083227
229 0.330794
230 0.691826
231 -0.003262
232 0.047506
233 -0.071333
234 -0.087655
235 -0.107964
236 -0.042495
237 -0.072928
238 -0.047927
239 -0.008346
240 -0.069654
241 -0.094341
242 0.175553
243 0.163330
244 0.960494
245 -0.331933
246 0.146155
247 0.121042
248 0.143275
249 0.067921
250 0.045452
251 0.652392
252 0.435908
253 -0.028080
254 -0.037830
255 0.162690
256 0.168996
257 -0.033298
258 1.132429
259 0.694746
260 -0.057099
261 0.287090
262 0.237269
263 1.020322
264 2.322104
265 1.986765
266 0.141365
267 0.065365
268 0.113707
269 0.092992
270 0.389476
271 0.004844
272 0.482416
273 2.435674
274 0.440285
275 0.106192
276 -0.454714
277 0.688625
278 0.154322
279 0.154447
280 -0.045315
281 -0.158219
282 0.020718
283 -0.003766
284 1.247995
285 -0.422139
286 0.161976
287 0.003697
288 -0.032266
289 -0.037000
290 -0.136393
291 0.055681
292 -0.143834
293 -0.052608
294 0.087504
295 -0.112234
296 -0.088043
297 -0.275397
298 0.603010
299 1.789216
300 0.026545
301 0.052830
302 0.741120
303 0.198672
304 0.008955
305 0.338213
306 0.273984
307 -0.360893
308 0.033146
309 0.005763
310 -0.160750
311 0.069530
312 -0.055433
313 -0.250395
314 -0.135427
315 -0.153980
316 0.239708
317 0.135470
318 -0.096985
319 -0.095781
320 0.048963
321 -0.116552
322 0.034060
323 -0.036679
324 -0.145336
325 0.098803
326 -0.016033
327 0.457749
328 0.077058
329 -0.137158
330 -0.140941
331 0.273356
332 0.002549
333 -0.104461
334 -0.014021
335 0.112319
336 -0.389474
337 0.067997
338 -0.210625
339 -0.060277
340 0.315175
341 -0.125710
342 0.137526
343 -0.163693
344 -0.027973
345 0.089009
346 -0.052904
347 -0.057029
348 -0.206723
349 0.007588
350 0.120446
351 0.352513
352 -0.030065
353 -0.032493
354 -0.057208
355 0.035057
356 -0.200286
357 -0.131784
358 -0.075328
359 -0.013379
360 0.957639
361 0.085372
362 -0.079347
363 -0.132921
364 0.152036
365 -0.094636
366 -0.063143
367 0.250906
368 -0.187030
369 0.060913
370 0.334666
371 -0.136030
372 -0.123957
373 0.022140
374 0.094179
375 0.751576
376 0.149981
377 0.059841
378 -0.104400
379 -0.081114
380 -0.098777
381 -0.076963
382 -0.285102
383 -0.100176
384 -0.090995
385 0.073718
386 -0.198512
387 -0.090684
388 -0.088378
389 -0.087169
390 0.314376
391 -0.169616
392 0.009902
393 -0.118127
394 -0.088558
395 0.064235
396 -0.287093
397 -0.135298
398 -0.099688
399 -0.134807
400 -0.081745
401 -0.002361
402 -0.089697
403 -0.143607
404 0.256694
405 0.033186
406 -0.117770
407 -0.033530
408 -0.153622
409 -0.081554
410 -0.013222
411 0.511828
412 -0.151550
413 0.099222
414 0.010518
415 0.142757
416 -0.305543
417 -0.122863
418 0.064180
419 -0.155582
420 0.103692
421 0.497837
422 0.029024
423 -0.080061
424 0.073021
425 -0.068105
426 0.104118
427 0.163438
428 -0.098746
429 -0.007543
430 0.140079
431 0.397844
432 0.037295
433 0.122676
434 -0.010865
435 -0.038114
436 -0.020068
437 -0.096066
438 -0.121607
439 -0.122447
440 0.046928
441 -0.182189
442 -0.102825
443 -0.263324
444 0.084618
445 -0.060206
446 0.176368
447 -0.021101
448 -0.053833
449 -0.217849
450 0.293160
451 -0.014160
452 -0.066722
453 -0.058778
454 -0.018091
455 0.061702
456 -0.083411
457 -0.054893
458 0.132210
459 -0.036565
460 -0.026211
461 -0.078927
462 -0.183388
463 -0.239718
464 -0.112144
465 0.158768
466 -0.004493
467 -0.093405
468 0.019447
469 0.118524
470 -0.065718
471 0.005648
472 -0.423463
473 0.241459
474 -0.102757
475 -0.001004
476 -0.107604
477 0.114164
478 0.061908
479 0.106501
480 -0.262936
481 0.051567
482 -0.063526
483 0.027534
484 -0.003307
485 -0.150930
486 -0.278314
487 0.017936
488 -0.111399
489 -0.096287
490 -0.023912
491 0.097083
492 0.057019
493 0.131296
494 0.092913
495 0.163790
496 0.215266
497 -0.048920
498 -0.107788
499 -0.077543
500 -0.043257
501 -0.026916
502 -0.015451
503 -0.131700
504 -0.006841
505 -0.006435
506 -0.349963
507 0.000959
508 0.102925
509 0.118586
510 -0.162931
511 -0.348622
512 -0.363545
513 -0.009893
514 -0.272545
515 0.074118
516 0.114163
517 -0.118071
518 -0.077468
519 -0.088488
520 0.064176
521 -0.173641
522 -0.141927
523 -0.128273
524 0.008044
525 -0.093912
526 0.104690
527 0.124316
528 -0.077764
529 0.026613
530 -0.085959
531 -0.003955
532 -0.033294
533 0.193906
534 -0.412330
535 -0.051530
536 -0.051928
537 -0.096084
538 -0.048145
539 -0.221870
540 0.491564
541 0.128787
542 -0.023101
543 0.017287
544 -0.130965
545 0.094389
546 -0.087640
547 0.166510
548 -0.128589
549 -0.025622
550 -0.083116
551 -0.039678
552 -0.123207
553 -0.362723
554 -0.173747
555 0.096366
556 -0.079163
557 -0.139299
558 -0.050562
559 0.044253
560 0.012161
561 -0.073408
562 0.112304
563 0.026170
564 -0.072978
565 0.039650
566 0.099387
567 0.224828
568 -0.221564
569 -0.091938
570 -0.094017
571 -0.125190
572 -0.049089
573 -0.241848
574 -0.167274
575 0.045683
576 0.067082
577 -0.065208
578 0.352094
579 0.191251
580 0.219033
581 0.123656
582 0.144355
583 0.185579
584 0.371534
585 0.452328
586 -0.235847
587 0.034339
588 -0.291744
589 0.108414
590 -0.132043
591 0.265317
592 -0.019507
593 -0.081211
594 -0.027593
595 0.036252
596 -0.004411
597 0.139218
598 -0.210027
599 0.011026
600 0.102312
601 -0.056442
602 -0.037445
603 -0.093121
604 0.198744
605 -0.341148
606 0.161804
607 -0.001207
608 0.521491
609 0.079833
610 0.234757
611 -0.089451
612 0.380690
613 0.218951
614 0.401337
615 -0.048055
616 0.238654
617 -0.095378
618 -0.336016
619 -0.257615
620 0.013746
621 -0.153016
622 -0.207263
623 0.229740
624 0.398705
625 0.093019
626 0.076192
627 -0.235569
628 0.316940
629 0.370403
630 0.289203
631 0.274527
632 0.540173
633 0.533763
634 0.051189
635 0.376287
636 -0.070412
637 0.151333
638 0.543582
639 -0.030106
640 0.400915
641 -0.018219
642 -0.043929
643 -0.030846
644 -0.128613
645 0.229551
646 0.662940
647 0.275931
648 0.299527
649 0.158064
650 0.212166
651 -0.066804
652 0.304009
653 0.322411
654 0.322442
655 0.488293
656 -0.012508
657 0.394471
658 -0.123647
659 -0.193030
660 0.408615
661 0.110504
662 -0.006004
663 0.275597
664 0.110715
665 0.479787
666 0.192423
667 -0.100184
668 0.084866
669 0.587642
670 0.046708
671 0.303490
672 0.159369
673 0.021507
674 0.038242
675 -0.049539
676 -0.218428
677 -0.175515
678 0.063030
679 0.270499
680 0.415257
681 0.366916
682 0.151519
683 -0.141626
684 0.154406
685 -0.420404
686 0.110486
687 -0.498133
688 0.294535
689 -0.114023
690 -0.037442
691 -0.187674
692 0.223385
693 -0.020196
694 0.662039
695 -0.137961
696 -0.091718
697 0.660533
698 0.037094
699 0.021976
700 -0.022230
701 0.075657
702 0.045458
703 0.345841
704 0.480335
705 -0.012797
706 0.519256
707 -0.185611
708 0.208080
709 0.151965
710 -0.180522
711 -0.293293
712 0.115071
713 0.186683
714 0.267982
715 -0.098808
716 -0.361436
717 -0.210127
718 -0.148336
719 0.605792
720 0.174700
721 0.133185
722 0.475560
723 -0.020333
724 0.067306
725 -0.154248
726 -0.251882
727 -0.125037
728 0.135434
729 0.098873
730 0.149628
731 -0.034334
732 -0.426200
733 0.273831
734 0.235925
735 0.123631
736 0.275927
737 0.724997
738 -0.101379
739 -0.284173
740 0.172048
741 0.241705
742 -0.105240
743 -0.048725
744 0.215717
745 -0.104942
746 0.012681
747 0.018142
748 0.180223
749 0.108056
750 0.437078
751 0.091490
752 0.124152
753 -0.115992
754 0.054237
755 -0.215359
756 -0.111957
757 -0.329077
758 -0.250482
759 0.291137
760 -0.576792
761 1.467823
762 -0.112591
763 -0.014911
764 0.165108
765 0.374043
766 0.020712
767 -0.160400
768 0.508574
769 0.003167
770 -0.568745
771 -0.294133
772 -0.073991
773 0.013623
774 -0.074514
775 0.218567
776 -0.111899
777 -0.404065
778 0.239453
779 0.117705
780 -0.036858
781 -0.141599
782 -0.079345
783 0.043725
784 0.197129
785 0.054656
786 0.513208
787 0.369877
788 0.355210
789 0.126307
790 0.057245
791 -0.412466
792 -0.355514
793 -0.194443
794 -0.008428
795 -0.066027
796 0.022096
797 0.605437
798 -0.423758
799 -0.392971
800 0.220325
801 0.479952
802 0.127751
803 0.332012
804 -0.006092
805 0.356999
806 0.336687
807 0.006032
808 0.049552
809 0.166134
810 0.271481
811 -0.196092
812 -0.317521
813 0.500301
814 -0.289110
815 0.062981
816 -0.010059
817 0.106884
818 -0.145625
819 -0.189823
820 -0.209640
821 0.068769
822 0.162229
823 0.600940
824 -0.383512
825 -0.076736
826 0.136098
827 -0.468935
828 0.050297
829 -0.226150
830 0.383934
831 0.200625
832 -0.025808
833 -0.032251
834 -0.018487
835 -0.290948
836 -0.235312
837 -0.337921
838 -0.081179
839 0.137227
840 0.136010
841 0.095786
842 -0.156535
843 0.222772
844 -0.143737
845 0.197685
846 0.027360
847 -0.031167
848 0.208547
849 0.418160
850 0.185021
851 0.036547
852 0.351643
853 0.230581
854 -0.148367
855 0.405193
856 0.039323
857 0.538405
858 0.329897
859 0.485639
860 -0.118240
861 0.114476
862 0.118462
863 0.184277
864 0.317983
865 -0.084549
866 -0.100510
867 0.175706
868 -0.304932
869 0.075226
870 0.845695
871 -0.161874
872 -0.277782
873 -0.035755
874 0.526766
875 0.126086
876 -0.062186
877 -0.099885
878 0.028975
879 0.455319
880 0.233295
881 0.223382
882 0.215291
883 0.096831
884 0.229094
885 0.082165
886 0.221571
887 0.185009
888 0.138579
889 0.468652
890 -0.124569
891 0.363056
892 0.438285
893 0.007555
894 0.030952
895 -0.209647
896 -0.071278
897 0.395225
898 0.065120
899 -0.089991
900 0.251430
901 -0.023482
902 -0.060383
903 0.121690
904 0.182550
905 0.427603
906 0.114538
907 0.318885
908 0.088432
909 0.527067
910 0.699197
911 0.393347
912 -0.172764
913 -0.030359
914 0.016636
915 -0.255068
916 0.567408
917 0.169450
918 -0.147166
919 -0.205613
920 -0.157486
921 0.002240
922 0.009109
923 -0.261887
924 -0.326906
925 -0.154320
926 -0.198137
927 0.155712
928 0.147496
929 0.317985
930 0.235948
931 -0.015491
932 0.437779
933 0.040042
934 0.259226
935 -0.214852
936 -0.014327
937 -0.285899
938 0.207424
939 -0.064742
940 0.682927
941 0.177242
942 0.201157
943 0.130072
944 0.016054
945 0.362457
946 -0.069332
947 -0.177121
948 -0.439600
949 -0.338041
950 0.495907
951 0.014743
952 -0.083665
953 0.367767
954 0.087165
955 -0.360833
956 0.060326
957 0.060189
958 -0.193254
959 0.282910
960 0.800612
961 -0.008945
962 0.116095
963 0.203782
964 -0.140353
965 -0.186838
966 -0.029513
967 0.607309
968 0.095276
969 0.387966
970 0.212342
971 0.189448
972 0.074911
973 0.020148
974 0.341877
975 0.293502
976 0.201109
977 0.291265
978 0.024804
979 -0.286291
980 -0.285846
981 -0.144323
982 0.055759
983 -0.309224
984 0.116785
985 -0.172358
986 0.000096
987 -0.205970
988 -0.226420
989 0.119234
990 0.082397
991 -0.112020
992 -0.194324
993 0.133773
994 0.028399
995 0.202119
996 0.140233
997 -0.262014
998 0.218541
999 -0.002445
1000 0.227891
1001 -0.303366
1002 0.208937
1003 -0.112246
1004 0.270896
1005 -0.021332
1006 -0.090625
1007 0.303945
1008 0.481607
1009 0.266091
1010 0.198408
1011 -0.090682
1012 -0.085866
1013 0.387660
1014 0.278088
1015 0.118595
1016 -0.006440
1017 -0.549347
1018 -0.072466
1019 0.314071
1020 0.031513
1021 -0.076268
1022 0.142406
1023 -0.516236
1024 -0.106312
1025 0.242305
1026 -0.041167
1027 0.081523
1028 0.008666
1029 0.020011
1030 -0.101624
1031 0.027664
1032 0.101483
1033 -0.096177
1034 0.228753
1035 -0.102563
1036 -0.287271
1037 0.477571
1038 0.047542
1039 -0.014518
1040 0.172740
1041 0.118283
1042 0.233565
1043 0.029555
1044 0.000964
1045 0.161442
1046 -0.263561
1047 -0.326959
1048 -0.112069
1049 -0.157276
1050 0.043371
1051 0.218843
1052 -0.033061
1053 0.260541
1054 0.123041
1055 0.156058
1056 0.310129
1057 0.170674
1058 -0.182709
1059 0.397137
1060 0.162863
1061 0.193994
1062 0.208938
1063 -0.121741
1064 0.132231
1065 -0.385059
1066 0.261796
1067 0.070842
1068 -0.181624
1069 -0.230788
1070 0.015218
1071 0.006347
1072 0.164623
1073 -0.103332
1074 0.471360
1075 0.185908
1076 -0.062259
1077 -0.025716
1078 -0.063664
1079 0.083244
1080 0.164603
1081 0.020157
1082 -0.006609
1083 -0.184149
1084 0.449885
1085 0.025207
1086 0.292651
1087 0.082183
1088 -0.088448
1089 -0.027839
1090 -0.015625
1091 -0.050852
1092 0.154701
1093 -0.117055
1094 -0.208697
1095 0.337976
1096 0.509939
1097 0.978616
1098 0.385062
1099 0.164224
1100 0.200541
1101 0.046797
1102 0.503396
1103 -0.221925
1104 0.174021
1105 -0.115168
1106 0.155192
1107 0.178303
1108 0.403300
1109 0.373066
1110 -0.325496
1111 0.185074
1112 0.139475
1113 0.478105
1114 -0.057653
1115 0.376841
1116 -0.248025
1117 -0.129273
1118 -0.053188
1119 0.243730
1120 0.260941
1121 -0.053989
1122 0.134062
1123 0.102107
1124 -0.255908
1125 0.457743
1126 -0.158844
1127 -0.013480
1128 0.008655
1129 0.045777
1130 0.176854
1131 -0.079962
1132 -0.500389
1133 -0.285020
1134 -0.058960
1135 0.662576
1136 0.092926
1137 -0.140144
1138 0.135380
1139 -0.172433
1140 -0.169173
1141 -0.195556
1142 0.149004
1143 -0.065626
1144 -0.286819
1145 -0.187444
1146 -0.269082
1147 -0.287437
1148 -0.074347
1149 0.337509
1150 -0.464453
1151 0.208976
1152 0.394387
1153 -0.000811
1154 0.807337
1155 0.164630
1156 0.257692
1157 -0.098674
1158 0.177468
1159 -0.290260
1160 0.356524
1161 -0.313952
1162 -0.108330
1163 0.201241
1164 0.693650
1165 -0.578495
1166 -0.134640
1167 -0.057534
1168 0.174557
1169 0.143754
1170 0.063224
1171 -0.098127
1172 -0.307749
1173 0.942338
1174 0.833381
1175 -0.401739
1176 -0.093780
1177 0.181528
1178 -0.028602
1179 -0.089559
1180 -0.064052
1181 -0.244924
1182 0.022037
1183 -0.379967
1184 -0.389084
1185 0.235434
1186 -0.004670
1187 0.000831
1188 -0.082080
1189 0.396816
1190 0.234630
1191 -0.107622
1192 0.017203
1193 0.200398
1194 0.158900
1195 0.140939
1196 0.848221
1197 -0.197082
1198 0.209342
1199 0.113751
1200 0.049808
1201 0.221754
1202 0.000027
1203 -0.036688
1204 0.725363
1205 0.206773
1206 0.016477
1207 -0.055404
1208 -0.155209
1209 -0.027165
1210 0.163361
1211 0.193565
1212 -0.739525
1213 0.177340
1214 -0.380451
1215 -0.047315
1216 -0.063436
1217 0.280648
1218 0.379605
1219 0.003131
1220 0.062173
1221 0.088175
1222 -0.157017
1223 0.194095
0 0.040655
1 -0.249088
2 -0.542907
3 -0.304492
4 0.042207
5 -0.042722
6 0.014182
7 0.231740
8 -0.291891
9 -0.402806
10 0.058412
11 0.506882
12 0.137560
13 -0.004524
14 -0.443416
15 -0.041795
16 0.318026
17 0.136619
18 0.167455
19 0.317915
20 0.031119
21 0.058764
22 -0.075295
23 -0.086431
24 -0.160992
25 0.046966
26 0.186007
27 0.003536
28 -0.005324
29 -0.271937
30 -0.054625
31 -0.068081
32 -0.191939
33 0.152904
34 -0.035016
35 0.275399
36 -0.079965
37 0.296352
38 -0.017658
39 -0.241261
40 0.909140
41 -0.211707
42 0.163627
43 -0.109073
44 -0.096889
45 -0.008256
46 -0.182324
47 0.165763
48 -0.349441
49 -0.037033
50 0.162997
51 0.298851
52 0.231897
53 -0.187915
54 -0.440459
55 -0.086006
56 -0.153513
57 0.081017
58 0.018988
59 0.202048
60 -0.193785
61 0.088849
62 -0.082746
63 0.173964
64 -0.096299
65 0.190819
66 -0.124301
67 0.104725
68 0.104254
69 -0.045362
70 -0.105248
71 0.189161
72 0.598196
73 -0.325168
74 0.054520
75 0.221729
76 0.186128
77 0.104587
78 0.277669
79 -0.294536
80 0.189648
81 0.396826
82 -0.149560
83 -0.312119
84 -0.076910
85 0.278912
86 -0.273588
87 0.326383
88 -0.167284
89 0.017113
90 -0.006443
91 -0.320499
92 1.285093
93 -0.182503
94 0.246472
95 0.331549
96 -0.370305
97 0.286193
98 0.059503
99 0.010269
100 -0.023335
101 -0.091549
102 0.221625
103 -0.121964
104 -0.133692
105 -0.144676
106 0.321026
107 -0.132679
108 -0.218215
109 0.037852
110 -0.001794
111 0.543340
112 -0.034975
113 -0.080575
114 -0.210716
115 0.120543
116 0.144807
117 -0.324952
118 -0.396110
119 -0.333870
120 -0.141018
121 -0.122780
122 0.134087
123 -0.034769
124 0.065249
125 0.050015
126 -0.137750
127 0.012529
128 -0.157218
129 -0.053990
130 -0.032780
131 0.012057
132 -0.564114
133 -0.555179
134 0.055139
135 0.145365
136 -0.808978
137 0.086340
138 0.502260
139 -0.012981
140 -0.297571
141 0.485840
142 0.784784
143 -0.101033
144 0.070455
145 0.103935
146 0.090511
147 -0.005388
148 0.015838
149 -0.239754
150 0.181406
151 0.191337
152 -0.084894
153 0.198897
154 -0.247025
155 0.082431
156 -0.249460
157 0.012164
158 0.316080
159 0.128253
160 0.023086
161 0.099414
162 -0.194009
163 -0.025513
164 -0.045094
165 -0.149088
166 0.254531
167 0.011362
168 -0.139969
169 0.116729
170 0.254854
171 0.496059
172 -0.303491
173 -0.016339
174 -0.334906
175 0.187341
176 0.380290
177 -0.318325
178 -0.021818
179 0.167714
180 -0.380715
181 0.080559
182 0.004785
183 0.246538
184 -0.006597
185 0.175134
186 -0.100492
187 0.121718
188 0.076744
189 0.244085
190 0.084489
191 0.453763
192 0.081520
193 -0.038879
194 0.312535
195 0.177645
196 0.028253
197 0.049651
198 0.037897
199 -0.003031
200 0.098634
201 -0.097544
202 -0.272428
203 -0.419801
204 0.219224
205 -0.165601
206 0.028664
207 0.127958
208 -0.265839
209 -0.112470
210 0.112037
211 0.190552
212 0.128776
213 -0.004844
214 0.024446
215 -0.135699
216 0.583568
217 -0.072118
218 -0.082314
219 -0.235999
220 -0.300883
221 0.083361
222 -0.269740
223 0.007433
224 0.263232
225 -0.380026
226 0.151250
227 0.576995
228 -0.083227
229 0.330794
230 0.691826
231 -0.003262
232 0.047506
233 -0.071333
234 -0.087655
235 -0.107964
236 -0.042495
237 -0.072928
238 -0.047927
239 -0.008346
240 -0.069654
241 -0.094341
242 0.175553
243 0.163330
244 0.960494
245 -0.331933
246 0.146155
247 0.121042
248 0.143275
249 0.067921
250 0.045452
251 0.652392
252 0.435908
253 -0.028080
254 -0.037830
255 0.162690
256 0.168996
257 -0.033298
258 1.132429
259 0.694746
260 -0.057099
261 0.287090
262 0.237269
263 1.020322
264 2.322104
265 1.986765
266 0.141365
267 0.065365
268 0.113707
269 0.092992
270 0.389476
271 0.004844
272 0.482416
273 2.435674
274 0.440285
275 0.106192
276 -0.454714
277 0.688625
278 0.154322
279 0.154447
280 -0.045315
281 -0.158219
282 0.020718
283 -0.003766
284 1.247995
285 -0.422139
286 0.161976
287 0.003697
288 -0.032266
289 -0.037000
290 -0.136393
291 0.055681
292 -0.143834
293 -0.052608
294 0.087504
295 -0.112234
296 -0.088043
297 -0.275397
298 0.603010
299 1.789216
300 0.026545
301 0.052830
302 0.741120
303 0.198672
304 0.008955
305 0.338213
306 0.273984
307 -0.360893
308 0.033146
309 0.005763
310 -0.160750
311 0.069530
312 -0.055433
313 -0.250395
314 -0.135427
315 -0.153980
316 0.239708
317 0.135470
318 -0.096985
319 -0.095781
320 0.048963
321 -0.116552
322 0.034060
323 -0.036679
324 -0.145336
325 0.098803
326 -0.016033
327 0.457749
328 0.077058
329 -0.137158
330 -0.140941
331 0.273356
332 0.002549
333 -0.104461
334 -0.014021
335 0.112319
336 -0.389474
337 0.067997
338 -0.210625
339 -0.060277
340 0.315175
341 -0.125710
342 0.137526
343 -0.163693
344 -0.027973
345 0.089009
346 -0.052904
347 -0.057029
348 -0.206723
349 0.007588
350 0.120446
351 0.352513
352 -0.030065
353 -0.032493
354 -0.057208
355 0.035057
356 -0.200286
357 -0.131784
358 -0.075328
359 -0.013379
360 0.957639
361 0.085372
362 -0.079347
363 -0.132921
364 0.152036
365 -0.094636
366 -0.063143
367 0.250906
368 -0.187030
369 0.060913
370 0.334666
371 -0.136030
372 -0.123957
373 0.022140
374 0.094179
375 0.751576
376 0.149981
377 0.059841
378 -0.104400
379 -0.081114
380 -0.098777
381 -0.076963
382 -0.285102
383 -0.100176
384 -0.090995
385 0.073718
386 -0.198512
387 -0.090684
388 -0.088378
389 -0.087169
390 0.314376
391 -0.169616
392 0.009902
393 -0.118127
394 -0.088558
395 0.064235
396 -0.287093
397 -0.135298
398 -0.099688
399 -0.134807
400 -0.081745
401 -0.002361
402 -0.089697
403 -0.143607
404 0.256694
405 0.033186
406 -0.117770
407 -0.033530
408 -0.153622
409 -0.081554
410 -0.013222
411 0.511828
412 -0.151550
413 0.099222
414 0.010518
415 0.142757
416 -0.305543
417 -0.122863
418 0.064180
419 -0.155582
420 0.103692
421 0.497837
422 0.029024
423 -0.080061
424 0.073021
425 -0.068105
426 0.104118
427 0.163438
428 -0.098746
429 -0.007543
430 0.140079
431 0.397844
432 0.037295
433 0.122676
434 -0.010865
435 -0.038114
436 -0.020068
437 -0.096066
438 -0.121607
439 -0.122447
440 0.046928
441 -0.182189
442 -0.102825
443 -0.263324
444 0.084618
445 -0.060206
446 0.176368
447 -0.021101
448 -0.053833
449 -0.217849
450 0.293160
451 -0.014160
452 -0.066722
453 -0.058778
454 -0.018091
455 0.061702
456 -0.083411
457 -0.054893
458 0.132210
459 -0.036565
460 -0.026211
461 -0.078927
462 -0.183388
463 -0.239718
464 -0.112144
465 0.158768
466 -0.004493
467 -0.093405
468 0.019447
469 0.118524
470 -0.065718
471 0.005648
472 -0.423463
473 0.241459
474 -0.102757
475 -0.001004
476 -0.107604
477 0.114164
478 0.061908
479 0.106501
480 -0.262936
481 0.051567
482 -0.063526
483 0.027534
484 -0.003307
485 -0.150930
486 -0.278314
487 0.017936
488 -0.111399
489 -0.096287
490 -0.023912
491 0.097083
492 0.057019
493 0.131296
494 0.092913
495 0.163790
496 0.215266
497 -0.048920
498 -0.107788
499 -0.077543
500 -0.043257
501 -0.026916
502 -0.015451
503 -0.131700
504 -0.006841
505 -0.006435
506 -0.349963
507 0.000959
508 0.102925
509 0.118586
510 -0.162931
511 -0.348622
512 -0.363545
513 -0.009893
514 -0.272545
515 0.074118
516 0.114163
517 -0.118071
518 -0.077468
519 -0.088488
520 0.064176
521 -0.173641
522 -0.141927
523 -0.128273
524 0.008044
525 -0.093912
526 0.104690
527 0.124316
528 -0.077764
529 0.026613
530 -0.085959
531 -0.003955
532 -0.033294
533 0.193906
534 -0.412330
535 -0.051530
536 -0.051928
537 -0.096084
538 -0.048145
539 -0.221870
540 0.491564
541 0.128787
542 -0.023101
543 0.017287
544 -0.130965
545 0.094389
546 -0.087640
547 0.166510
548 -0.128589
549 -0.025622
550 -0.083116
551 -0.039678
552 -0.123207
553 -0.362723
554 -0.173747
555 0.096366
556 -0.079163
557 -0.139299
558 -0.050562
559 0.044253
560 0.012161
561 -0.073408
562 0.112304
563 0.026170
564 -0.072978
565 0.039650
566 0.099387
567 0.224828
568 -0.221564
569 -0.091938
570 -0.094017
571 -0.125190
572 -0.049089
573 -0.241848
574 -0.167274
575 0.045683
576 0.067082
577 -0.065208
578 0.352094
579 0.191251
580 0.219033
581 0.123656
582 0.144355
583 0.185579
584 0.371534
585 0.452328
586 -0.235847
587 0.034339
588 -0.291744
589 0.108414
590 -0.132043
591 0.265317
592 -0.019507
593 -0.081211
594 -0.027593
595 0.036252
596 -0.004411
597 0.139218
598 -0.210027
599 0.011026
600 0.102312
601 -0.056442
602 -0.037445
603 -0.093121
604 0.198744
605 -0.341148
606 0.161804
607 -0.001207
608 0.521491
609 0.079833
610 0.234757
611 -0.089451
612 0.380690
613 0.218951
614 0.401337
615 -0.048055
616 0.238654
617 -0.095378
618 -0.336016
619 -0.257615
620 0.013746
621 -0.153016
622 -0.207263
623 0.229740
624 0.398705
625 0.093019
626 0.076192
627 -0.235569
628 0.316940
629 0.370403
630 0.289203
631 0.274527
632 0.540173
633 0.533763
634 0.051189
635 0.376287
636 -0.070412
637 0.151333
638 0.543582
639 -0.030106
640 0.400915
641 -0.018219
642 -0.043929
643 -0.030846
644 -0.128613
645 0.229551
646 0.662940
647 0.275931
648 0.299527
649 0.158064
650 0.212166
651 -0.066804
652 0.304009
653 0.322411
654 0.322442
655 0.488293
656 -0.012508
657 0.394471
658 -0.123647
659 -0.193030
660 0.408615
661 0.110504
662 -0.006004
663 0.275597
664 0.110715
665 0.479787
666 0.192423
667 -0.100184
668 0.084866
669 0.587642
670 0.046708
671 0.303490
672 0.159369
673 0.021507
674 0.038242
675 -0.049539
676 -0.218428
677 -0.175515
678 0.063030
679 0.270499
680 0.415257
681 0.366916
682 0.151519
683 -0.141626
684 0.154406
685 -0.420404
686 0.110486
687 -0.498133
688 0.294535
689 -0.114023
690 -0.037442
691 -0.187674
692 0.223385
693 -0.020196
694 0.662039
695 -0.137961
696 -0.091718
697 0.660533
698 0.037094
699 0.021976
700 -0.022230
701 0.075657
702 0.045458
703 0.345841
704 0.480335
705 -0.012797
706 0.519256
707 -0.185611
708 0.208080
709 0.151965
710 -0.180522
711 -0.293293
712 0.115071
713 0.186683
714 0.267982
715 -0.098808
716 -0.361436
717 -0.210127
718 -0.148336
719 0.605792
720 0.174700
721 0.133185
722 0.475560
723 -0.020333
724 0.067306
725 -0.154248
726 -0.251882
727 -0.125037
728 0.135434
729 0.098873
730 0.149628
731 -0.034334
732 -0.426200
733 0.273831
734 0.235925
735 0.123631
736 0.275927
737 0.724997
738 -0.101379
739 -0.284173
740 0.172048
741 0.241705
742 -0.105240
743 -0.048725
744 0.215717
745 -0.104942
746 0.012681
747 0.018142
748 0.180223
749 0.108056
750 0.437078
751 0.091490
752 0.124152
753 -0.115992
754 0.054237
755 -0.215359
756 -0.111957
757 -0.329077
758 -0.250482
759 0.291137
760 -0.576792
761 1.467823
762 -0.112591
763 -0.014911
764 0.165108
765 0.374043
766 0.020712
767 -0.160400
768 0.508574
769 0.003167
770 -0.568745
771 -0.294133
772 -0.073991
773 0.013623
774 -0.074514
775 0.218567
776 -0.111899
777 -0.404065
778 0.239453
779 0.117705
780 -0.036858
781 -0.141599
782 -0.079345
783 0.043725
784 0.197129
785 0.054656
786 0.513208
787 0.369877
788 0.355210
789 0.126307
790 0.057245
791 -0.412466
792 -0.355514
793 -0.194443
794 -0.008428
795 -0.066027
796 0.022096
797 0.605437
798 -0.423758
799 -0.392971
800 0.220325
801 0.479952
802 0.127751
803 0.332012
804 -0.006092
805 0.356999
806 0.336687
807 0.006032
808 0.049552
809 0.166134
810 0.271481
811 -0.196092
812 -0.317521
813 0.500301
814 -0.289110
815 0.062981
816 -0.010059
817 0.106884
818 -0.145625
819 -0.189823
820 -0.209640
821 0.068769
822 0.162229
823 0.600940
824 -0.383512
825 -0.076736
826 0.136098
827 -0.468935
828 0.050297
829 -0.226150
830 0.383934
831 0.200625
832 -0.025808
833 -0.032251
834 -0.018487
835 -0.290948
836 -0.235312
837 -0.337921
838 -0.081179
839 0.137227
840 0.136010
841 0.095786
842 -0.156535
843 0.222772
844 -0.143737
845 0.197685
846 0.027360
847 -0.031167
848 0.208547
849 0.418160
850 0.185021
851 0.036547
852 0.351643
853 0.230581
854 -0.148367
855 0.405193
856 0.039323
857 0.538405
858 0.329897
859 0.485639
860 -0.118240
861 0.114476
862 0.118462
863 0.184277
864 0.317983
865 -0.084549
866 -0.100510
867 0.175706
868 -0.304932
869 0.075226
870 0.845695
871 -0.161874
872 -0.277782
873 -0.035755
874 0.526766
875 0.126086
876 -0.062186
877 -0.099885
878 0.028975
879 0.455319
880 0.233295
881 0.223382
882 0.215291
883 0.096831
884 0.229094
885 0.082165
886 0.221571
887 0.185009
888 0.138579
889 0.468652
890 -0.124569
891 0.363056
892 0.438285
893 0.007555
894 0.030952
895 -0.209647
896 -0.071278
897 0.395225
898 0.065120
899 -0.089991
900 0.251430
901 -0.023482
902 -0.060383
903 0.121690
904 0.182550
905 0.427603
906 0.114538
907 0.318885
908 0.088432
909 0.527067
910 0.699197
911 0.393347
912 -0.172764
913 -0.030359
914 0.016636
915 -0.255068
916 0.567408
917 0.169450
918 -0.147166
919 -0.205613
920 -0.157486
921 0.002240
922 0.009109
923 -0.261887
924 -0.326906
925 -0.154320
926 -0.198137
927 0.155712
928 0.147496
929 0.317985
930 0.235948
931 -0.015491
932 0.437779
933 0.040042
934 0.259226
935 -0.214852
936 -0.014327
937 -0.285899
938 0.207424
939 -0.064742
940 0.682927
941 0.177242
942 0.201157
943 0.130072
944 0.016054
945 0.362457
946 -0.069332
947 -0.177121
948 -0.439600
949 -0.338041
950 0.495907
951 0.014743
952 -0.083665
953 0.367767
954 0.087165
955 -0.360833
956 0.060326
957 0.060189
958 -0.193254
959 0.282910
960 0.800612
961 -0.008945
962 0.116095
963 0.203782
964 -0.140353
965 -0.186838
966 -0.029513
967 0.607309
968 0.095276
969 0.387966
970 0.212342
971 0.189448
972 0.074911
973 0.020148
974 0.341877
975 0.293502
976 0.201109
977 0.291265
978 0.024804
979 -0.286291
980 -0.285846
981 -0.144323
982 0.055759
983 -0.309224
984 0.116785
985 -0.172358
986 0.000096
987 -0.205970
988 -0.226420
989 0.119234
990 0.082397
991 -0.112020
992 -0.194324
993 0.133773
994 0.028399
995 0.202119
996 0.140233
997 -0.262014
998 0.218541
999 -0.002445
1000 0.227891
1001 -0.303366
1002 0.208937
1003 -0.112246
1004 0.270896
1005 -0.021332
1006 -0.090625
1007 0.303945
1008 0.481607
1009 0.266091
1010 0.198408
1011 -0.090682
1012 -0.085866
1013 0.387660
1014 0.278088
1015 0.118595
1016 -0.006440
1017 -0.549347
1018 -0.072466
1019 0.314071
1020 0.031513
1021 -0.076268
1022 0.142406
1023 -0.516236
1024 -0.106312
1025 0.242305
1026 -0.041167
1027 0.081523
1028 0.008666
1029 0.020011
1030 -0.101624
1031 0.027664
1032 0.101483
1033 -0.096177
1034 0.228753
1035 -0.102563
1036 -0.287271
1037 0.477571
1038 0.047542
1039 -0.014518
1040 0.172740
1041 0.118283
1042 0.233565
1043 0.029555
1044 0.000964
1045 0.161442
1046 -0.263561
1047 -0.326959
1048 -0.112069
1049 -0.157276
1050 0.043371
1051 0.218843
1052 -0.033061
1053 0.260541
1054 0.123041
1055 0.156058
1056 0.310129
1057 0.170674
1058 -0.182709
1059 0.397137
1060 0.162863
1061 0.193994
1062 0.208938
1063 -0.121741
1064 0.132231
1065 -0.385059
1066 0.261796
1067 0.070842
1068 -0.181624
1069 -0.230788
1070 0.015218
1071 0.006347
1072 0.164623
1073 -0.103332
1074 0.471360
1075 0.185908
1076 -0.062259
1077 -0.025716
1078 -0.063664
1079 0.083244
1080 0.164603
1081 0.020157
1082 -0.006609
1083 -0.184149
1084 0.449885
1085 0.025207
1086 0.292651
1087 0.082183
1088 -0.088448
1089 -0.027839
1090 -0.015625
1091 -0.050852
1092 0.154701
1093 -0.117055
1094 -0.208697
1095 0.337976
1096 0.509939
1097 0.978616
1098 0.385062
1099 0.164224
1100 0.200541
1101 0.046797
1102 0.503396
1103 -0.221925
1104 0.174021
1105 -0.115168
1106 0.155192
1107 0.178303
1108 0.403300
1109 0.373066
1110 -0.325496
1111 0.185074
1112 0.139475
1113 0.478105
1114 -0.057653
1115 0.376841
1116 -0.248025
1117 -0.129273
1118 -0.053188
1119 0.243730
1120 0.260941
1121 -0.053989
1122 0.134062
1123 0.102107
1124 -0.255908
1125 0.457743
1126 -0.158844
1127 -0.013480
1128 0.008655
1129 0.045777
1130 0.176854
1131 -0.079962
1132 -0.500389
1133 -0.285020
1134 -0.058960
1135 0.662576
1136 0.092926
1137 -0.140144
1138 0.135380
1139 -0.172433
1140 -0.169173
1141 -0.195556
1142 0.149004
1143 -0.065626
1144 -0.286819
1145 -0.187444
1146 -0.269082
1147 -0.287437
1148 -0.074347
1149 0.337509
1150 -0.464453
1151 0.208976
1152 0.394387
1153 -0.000811
1154 0.807337
1155 0.164630
1156 0.257692
1157 -0.098674
1158 0.177468
1159 -0.290260
1160 0.356524
1161 -0.313952
1162 -0.108330
1163 0.201241
1164 0.693650
1165 -0.578495
1166 -0.134640
1167 -0.057534
1168 0.174557
1169 0.143754
1170 0.063224
1171 -0.098127
1172 -0.307749
1173 0.942338
1174 0.833381
1175 -0.401739
1176 -0.093780
1177 0.181528
1178 -0.028602
1179 -0.089559
1180 -0.064052
1181 -0.244924
1182 0.022037
1183 -0.379967
1184 -0.389084
1185 0.235434
1186 -0.004670
1187 0.000831
1188 -0.082080
1189 0.396816
1190 0.234630
1191 -0.107622
1192 0.017203
1193 0.200398
1194 0.158900
1195 0.140939
1196 0.848221
1197 -0.197082
1198 0.209342
1199 0.113751
1200 0.049808
1201 0.221754
1202 0.000027
1203 -0.036688
1204 0.725363
1205 0.206773
1206 0.016477
1207 -0.055404
1208 -0.155209
1209 -0.027165
1210 0.163361
1211 0.193565
1212 -0.739525
1213 0.177340
1214 -0.380451
1215 -0.047315
1216 -0.063436
1217 0.280648
1218 0.379605
1219 0.003131
1220 0.062173
1221 0.088175
1222 -0.157017
1223 0.194095
0 0.040655
1 -0.249088
2 -0.542907
3 -0.304492
4 0.042207
5 -0.042722
6 0.014182
7 0.231740
8 -0.291891
9 -0.402806
10 0.058412
11 0.506882
12 0.137560
13 -0.004524
14 -0.443416
15 -0.041795
16 0.318026
17 0.136619
18 0.167455
19 0.317915
20 0.031119
21 0.058764
22 -0.075295
23 -0.086431
24 -0.160992
25 0.046966
26 0.186007
27 0.003536
28 -0.005324
29 -0.271937
30 -0.054625
31 -0.068081
32 -0.191939
33 0.152904
34 -0.035016
35 0.275399
36 -0.079965
37 0.296352
38 -0.017658
39 -0.241261
40 0.909140
41 -0.211707
42 0.163627
43 -0.109073
44 -0.096889
45 -0.008256
46 -0.182324
47 0.165763
48 -0.349441
49 -0.037033
50 0.162997
51 0.298851
52 0.231897
53 -0.187915
54 -0.440459
55 -0.086006
56 -0.153513
57 0.081017
58 0.018988
59 0.202048
60 -0.193785
61 0.088849
62 -0.082746
63 0.173964
64 -0.096299
65 0.190819
66 -0.124301
67 0.104725
68 0.104254
69 -0.045362
70 -0.105248
71 0.189161
72 0.598196
73 -0.325168
74 0.054520
75 0.221729
76 0.186128
77 0.104587
78 0.277669
79 -0.294536
80 0.189648
81 0.396826
82 -0.149560
83 -0.312119
84 -0.076910
85 0.278912
86 -0.273588
87 0.326383
88 -0.167284
89 0.017113
90 -0.006443
91 -0.320499
92 1.285093
93 -0.182503
94 0.246472
95 0.331549
96 -0.370305
97 0.286193
98 0.059503
99 0.010269
100 -0.023335
101 -0.091549
102 0.221625
103 -0.121964
104 -0.133692
105 -0.144676
106 0.321026
107 -0.132679
108 -0.218215
109 0.037852
110 -0.001794
111 0.543340
112 -0.034975
113 -0.080575
114 -0.210716
115 0.120543
116 0.144807
117 -0.324952
118 -0.396110
119 -0.333870
120 -0.141018
121 -0.122780
122 0.134087
123 -0.034769
124 0.065249
125 0.050015
126 -0.137750
127 0.012529
128 -0.157218
129 -0.053990
130 -0.032780
131 0.012057
132 -0.564114
133 -0.555179
134 0.055139
135 0.145365
136 -0.808978
137 0.086340
138 0.502260
139 -0.012981
140 -0.297571
141 0.485840
142 0.784784
143 -0.101033
144 0.070455
145 0.103935
146 0.090511
147 -0.005388
148 0.015838
149 -0.239754
150 0.181406
151 0.191337
152 -0.084894
153 0.198897
154 -0.247025
155 0.082431
156 -0.249460
157 0.012164
158 0.316080
159 0.128253
160 0.023086
161 0.099414
162 -0.194009
163 -0.025513
164 -0.045094
165 -0.149088
166 0.254531
167 0.011362
168 -0.139969
169 0.116729
170 0.254854
171 0.496059
172 -0.303491
173 -0.016339
174 -0.334906
175 0.187341
176 0.380290
177 -0.318325
178 -0.021818
179 0.167714
180 -0.380715
181 0.080559
182 0.004785
183 0.246538
184 -0.006597
185 0.175134
186 -0.100492
187 0.121718
188 0.076744
189 0.244085
190 0.084489
191 0.453763
192 0.081520
193 -0.038879
194 0.312535
195 0.177645
196 0.028253
197 0.049651
198 0.037897
199 -0.003031
200 0.098634
201 -0.097544
202 -0.272428
203 -0.419801
204 0.219224
205 -0.165601
206 0.028664
207 0.127958
208 -0.265839
209 -0.112470
210 0.112037
211 0.190552
212 0.128776
213 -0.004844
214 0.024446
215 -0.135699
216 0.583568
217 -0.072118
218 -0.082314
219 -0.235999
220 -0.300883
221 0.083361
222 -0.269740
223 0.007433
224 0.263232
225 -0.380026
226 0.151250
227 0.576995
228 -0.083227
229 0.330794
230 0.691826
231 -0.003262
232 0.047506
233 -0.071333
234 -0.087655
235 -0.107964
236 -0.042495
237 -0.072928
238 -0.047927
239 -0.008346
240 -0.069654
241 -0.094341
242 0.175553
243 0.163330
244 0.960494
245 -0.331933
246 0.146155
247 0.121042
248 0.143275
249 0.067921
250 0.045452
251 0.652392
252 0.435908
253 -0.028080
254 -0.037830
255 0.162690
256 0.168996
257 -0.033298
258 1.132429
259 0.694746
260 -0.057099
261 0.287090
262 0.237269
263 1.020322
264 2.322104
265 1.986765
266 0.141365
267 0.065365
268 0.113707
269 0.092992
270 0.389476
271 0.004844
272 0.482416
273 2.435674
274 0.440285
275 0.106192
276 -0.454714
277 0.688625
278 0.154322
279 0.154447
280 -0.045315
281 -0.158219
282 0.020718
283 -0.003766
284 1.247995
285 -0.422139
286 0.161976
287 0.003697
288 -0.032266
289 -0.037000
290 -0.136393
291 0.055681
292 -0.143834
293 -0.052608
294 0.087504
295 -0.112234
296 -0.088043
297 -0.275397
298 0.603010
299 1.789216
300 0.026545
301 0.052830
302 0.741120
303 0.198672
304 0.008955
305 0.338213
306 0.273984
307 -0.360893
308 0.033146
309 0.005763
310 -0.160750
311 0.069530
312 -0.055433
313 -0.250395
314 -0.135427
315 -0.153980
316 0.239708
317 0.135470
318 -0.096985
319 -0.095781
320 0.048963
321 -0.116552
322 0.034060
323 -0.036679
324 -0.145336
325 0.098803
326 -0.016033
327 0.457749
328 0.077058
329 -0.137158
330 -0.140941
331 0.273356
332 0.002549
333 -0.104461
334 -0.014021
335 0.112319
336 -0.389474
337 0.067997
338 -0.210625
339 -0.060277
340 0.315175
341 -0.125710
342 0.137526
343 -0.163693
344 -0.027973
345 0.089009
346 -0.052904
347 -0.057029
348 -0.206723
349 0.007588
350 0.120446
351 0.352513
352 -0.030065
353 -0.032493
354 -0.057208
355 0.035057
356 -0.200286
357 -0.131784
358 -0.075328
359 -0.013379
360 0.957639
361 0.085372
362 -0.079347
363 -0.132921
364 0.152036
365 -0.094636
366 -0.063143
367 0.250906
368 -0.187030
369 0.060913
370 0.334666
371 -0.136030
372 -0.123957
373 0.022140
374 0.094179
375 0.751576
376 0.149981
377 0.059841
378 -0.104400
379 -0.081114
380 -0.098777
381 -0.076963
382 -0.285102
383 -0.100176
384 -0.090995
385 0.073718
386 -0.198512
387 -0.090684
388 -0.088378
389 -0.087169
390 0.314376
391 -0.169616
392 0.009902
393 -0.118127
394 -0.088558
395 0.064235
396 -0.287093
397 -0.135298
398 -0.099688
399 -0.134807
400 -0.081745
401 -0.002361
402 -0.089697
403 -0.143607
404 0.256694
405 0.033186
406 -0.117770
407 -0.033530
408 -0.153622
409 -0.081554
410 -0.013222
411 0.511828
412 -0.151550
413 0.099222
414 0.010518
415 0.142757
416 -0.305543
417 -0.122863
418 0.064180
419 -0.155582
420 0.103692
421 0.497837
422 0.029024
423 -0.080061
424 0.073021
425 -0.068105
426 0.104118
427 0.163438
428 -0.098746
429 -0.007543
430 0.140079
431 0.397844
432 0.037295
433 0.122676
434 -0.010865
435 -0.038114
436 -0.020068
437 -0.096066
438 -0.121607
439 -0.122447
440 0.046928
441 -0.182189
442 -0.102825
443 -0.263324
444 0.084618
445 -0.060206
446 0.176368
447 -0.021101
448 -0.053833
449 -0.217849
450 0.293160
451 -0.014160
452 -0.066722
453 -0.058778
454 -0.018091
455 0.061702
456 -0.083411
457 -0.054893
458 0.132210
459 -0.036565
460 -0.026211
461 -0.078927
462 -0.183388
463 -0.239718
464 -0.112144
465 0.158768
466 -0.004493
467 -0.093405
468 0.019447
469 0.118524
470 -0.065718
471 0.005648
472 -0.423463
473 0.241459
474 -0.102757
475 -0.001004
476 -0.107604
477 0.114164
478 0.061908
479 0.106501
480 -0.262936
481 0.051567
482 -0.063526
483 0.027534
484 -0.003307
485 -0.150930
486 -0.278314
487 0.017936
488 -0.111399
489 -0.096287
490 -0.023912
491 0.097083
492 0.057019
493 0.131296
494 0.092913
495 0.163790
496 0.215266
497 -0.048920
498 -0.107788
499 -0.077543
500 -0.043257
501 -0.026916
502 -0.015451
503 -0.131700
504 -0.006841
505 -0.006435
506 -0.349963
507 0.000959
508 0.102925
509 0.118586
510 -0.162931
511 -0.348622
512 -0.363545
513 -0.009893
514 -0.272545
515 0.074118
516 0.114163
517 -0.118071
518 -0.077468
519 -0.088488
520 0.064176
521 -0.173641
522 -0.141927
523 -0.128273
524 0.008044
525 -0.093912
526 0.104690
527 0.124316
528 -0.077764
529 0.026613
530 -0.085959
531 -0.003955
532 -0.033294
533 0.193906
534 -0.412330
535 -0.051530
536 -0.051928
537 -0.096084
538 -0.048145
539 -0.221870
540 0.491564
541 0.128787
542 -0.023101
543 0.017287
544 -0.130965
545 0.094389
546 -0.087640
547 0.166510
548 -0.128589
549 -0.025622
550 -0.083116
551 -0.039678
552 -0.123207
553 -0.362723
554 -0.173747
555 0.096366
556 -0.079163
557 -0.139299
558 -0.050562
559 0.044253
560 0.012161
561 -0.073408
562 0.112304
563 0.026170
564 -0.072978
565 0.039650
566 0.099387
567 0.224828
568 -0.221564
569 -0.091938
570 -0.094017
571 -0.125190
572 -0.049089
573 -0.241848
574 -0.167274
575 0.045683
576 0.067082
577 -0.065208
578 0.352094
579 0.191251
580 0.219033
581 0.123656
582 0.144355
583 0.185579
584 0.371534
585 0.452328
586 -0.235847
587 0.034339
588 -0.291744
589 0.108414
590 -0.132043
591 0.265317
592 -0.019507
593 -0.081211
594 -0.027593
595 0.036252
596 -0.004411
597 0.139218
598 -0.210027
599 0.011026
600 0.102312
601 -0.056442
602 -0.037445
603 -0.093121
604 0.198744
605 -0.341148
606 0.161804
607 -0.001207
608 0.521491
609 0.079833
610 0.234757
611 -0.089451
612 0.380690
613 0.218951
614 0.401337
615 -0.048055
616 0.238654
617 -0.095378
618 -0.336016
619 -0.257615
620 0.013746
621 -0.153016
622 -0.207263
623 0.229740
624 0.398705
625 0.093019
626 0.076192
627 -0.235569
628 0.316940
629 0.370403
630 0.289203
631 0.274527
632 0.540173
633 0.533763
634 0.051189
635 0.376287
636 -0.070412
637 0.151333
638 0.543582
639 -0.030106
640 0.400915
641 -0.018219
642 -0.043929
643 -0.030846
644 -0.128613
645 0.229551
646 0.662940
647 0.275931
648 0.299527
649 0.158064
650 0.212166
651 -0.066804
652 0.304009
653 0.322411
654 0.322442
655 0.488293
656 -0.012508
657 0.394471
658 -0.123647
659 -0.193030
660 0.408615
661 0.110504
662 -0.006004
663 0.275597
664 0.110715
665 0.479787
666 0.192423
667 -0.100184
668 0.084866
669 0.587642
670 0.046708
671 0.303490
672 0.159369
673 0.021507
674 0.038242
675 -0.049539
676 -0.218428
677 -0.175515
678 0.063030
679 0.270499
680 0.415257
681 0.366916
682 0.151519
683 -0.141626
684 0.154406
685 -0.420404
686 0.110486
687 -0.498133
688 0.294535
689 -0.114023
690 -0.037442
691 -0.187674
692 0.223385
693 -0.020196
694 0.662039
695 -0.137961
696 -0.091718
697 0.660533
698 0.037094
699 0.021976
700 -0.022230
701 0.075657
702 0.045458
703 0.345841
704 0.480335
705 -0.012797
706 0.519256
707 -0.185611
708 0.208080
709 0.151965
710 -0.180522
711 -0.293293
712 0.115071
713 0.186683
714 0.267982
715 -0.098808
716 -0.361436
717 -0.210127
718 -0.148336
719 0.605792
720 0.174700
721 0.133185
722 0.475560
723 -0.020333
724 0.067306
725 -0.154248
726 -0.251882
727 -0.125037
728 0.135434
729 0.098873
730 0.149628
731 -0.034334
732 -0.426200
733 0.273831
734 0.235925
735 0.123631
736 0.275927
737 0.724997
738 -0.101379
739 -0.284173
740 0.172048
741 0.241705
742 -0.105240
743 -0.048725
744 0.215717
745 -0.104942
746 0.012681
747 0.018142
748 0.180223
749 0.108056
750 0.437078
751 0.091490
752 0.124152
753 -0.115992
754 0.054237
755 -0.215359
756 -0.111957
757 -0.329077
758 -0.250482
759 0.291137
760 -0.576792
761 1.467823
762 -0.112591
763 -0.014911
764 0.165108
765 0.374043
766 0.020712
767 -0.160400
768 0.508574
769 0.003167
770 -0.568745
771 -0.294133
772 -0.073991
773 0.013623
774 -0.074514
775 0.218567
776 -0.111899
777 -0.404065
778 0.239453
779 0.117705
780 -0.036858
781 -0.141599
782 -0.079345
783 0.043725
784 0.197129
785 0.054656
786 0.513208
787 0.369877
788 0.355210
789 0.126307
790 0.057245
791 -0.412466
792 -0.355514
793 -0.194443
794 -0.008428
795 -0.066027
796 0.022096
797 0.605437
798 -0.423758
799 -0.392971
800 0.220325
801 0.479952
802 0.127751
803 0.332012
804 -0.006092
805 0.356999
806 0.336687
807 0.006032
808 0.049552
809 0.166134
810 0.271481
811 -0.196092
812 -0.317521
813 0.500301
814 -0.289110
815 0.062981
816 -0.010059
817 0.106884
818 -0.145625
819 -0.189823
820 -0.209640
821 0.068769
822 0.162229
823 0.600940
824 -0.383512
825 -0.076736
826 0.136098
827 -0.468935
828 0.050297
829 -0.226150
830 0.383934
831 0.200625
832 -0.025808
833 -0.032251
834 -0.018487
835 -0.290948
836 -0.235312
837 -0.337921
838 -0.081179
839 0.137227
840 0.136010
841 0.095786
842 -0.156535
843 0.222772
844 -0.143737
845 0.197685
846 0.027360
847 -0.031167
848 0.208547
849 0.418160
850 0.185021
851 0.036547
852 0.351643
853 0.230581
854 -0.148367
855 0.405193
856 0.039323
857 0.538405
858 0.329897
859 0.485639
860 -0.118240
861 0.114476
862 0.118462
863 0.184277
864 0.317983
865 -0.084549
866 -0.100510
867 0.175706
868 -0.304932
869 0.075226
870 0.845695
871 -0.161874
872 -0.277782
873 -0.035755
874 0.526766
875 0.126086
876 -0.062186
877 -0.099885
878 0.028975
879 0.455319
880 0.233295
881 0.223382
882 0.215291
883 0.096831
884 0.229094
885 0.082165
886 0.221571
887 0.185009
888 0.138579
889 0.468652
890 -0.124569
891 0.363056
892 0.438285
893 0.007555
894 0.030952
895 -0.209647
896 -0.071278
897 0.395225
898 0.065120
899 -0.089991
900 0.251430
901 -0.023482
902 -0.060383
903 0.121690
904 0.182550
905 0.427603
906 0.114538
907 0.318885
908 0.088432
909 0.527067
910 0.699197
911 0.393347
912 -0.172764
913 -0.030359
914 0.016636
915 -0.255068
916 0.567408
917 0.169450
918 -0.147166
919 -0.205613
920 -0.157486
921 0.002240
922 0.009109
923 -0.261887
924 -0.326906
925 -0.154320
926 -0.198137
927 0.155712
928 0.147496
929 0.317985
930 0.235948
931 -0.015491
932 0.437779
933 0.040042
934 0.259226
935 -0.214852
936 -0.014327
937 -0.285899
938 0.207424
939 -0.064742
940 0.682927
941 0.177242
942 0.201157
943 0.130072
944 0.016054
945 0.362457
946 -0.069332
947 -0.177121
948 -0.439600
949 -0.338041
950 0.495907
951 0.014743
952 -0.083665
953 0.367767
954 0.087165
955 -0.360833
956 0.060326
957 0.060189
958 -0.193254
959 0.282910
960 0.800612
961 -0.008945
962 0.116095
963 0.203782
964 -0.140353
965 -0.186838
966 -0.029513
967 0.607309
968 0.095276
969 0.387966
970 0.212342
971 0.189448
972 0.074911
973 0.020148
974 0.341877
975 0.293502
976 0.201109
977 0.291265
978 0.024804
979 -0.286291
980 -0.285846
981 -0.144323
982 0.055759
983 -0.309224
984 0.116785
985 -0.172358
986 0.000096
987 -0.205970
988 -0.226420
989 0.119234
990 0.082397
991 -0.112020
992 -0.194324
993 0.133773
994 0.028399
995 0.202119
996 0.140233
997 -0.262014
998 0.218541
999 -0.002445
1000 0.227891
1001 -0.303366
1002 0.208937
1003 -0.112246
1004 0.270896
1005 -0.021332
1006 -0.090625
1007 0.303945
1008 0.481607
1009 0.266091
1010 0.198408
1011 -0.090682
1012 -0.085866
1013 0.387660
1014 0.278088
1015 0.118595
1016 -0.006440
1017 -0.549347
1018 -0.072466
1019 0.314071
1020 0.031513
1021 -0.076268
1022 0.142406
1023 -0.516236
1024 -0.106312
1025 0.242305
1026 -0.041167
1027 0.081523
1028 0.008666
1029 0.020011
1030 -0.101624
1031 0.027664
1032 0.101483
1033 -0.096177
1034 0.228753
1035 -0.102563
1036 -0.287271
1037 0.477571
1038 0.047542
1039 -0.014518
1040 0.172740
1041 0.118283
1042 0.233565
1043 0.029555
1044 0.000964
1045 0.161442
1046 -0.263561
1047 -0.326959
1048 -0.112069
1049 -0.157276
1050 0.043371
1051 0.218843
1052 -0.033061
1053 0.260541
1054 0.123041
1055 0.156058
1056 0.310129
1057 0.170674
1058 -0.182709
1059 0.397137
1060 0.162863
1061 0.193994
1062 0.208938
1063 -0.121741
1064 0.132231
1065 -0.385059
1066 0.261796
1067 0.070842
1068 -0.181624
1069 -0.230788
1070 0.015218
1071 0.006347
1072 0.164623
1073 -0.103332
1074 0.471360
1075 0.185908
1076 -0.062259
1077 -0.025716
1078 -0.063664
1079 0.083244
1080 0.164603
1081 0.020157
1082 -0.006609
1083 -0.184149
1084 0.449885
1085 0.025207
1086 0.292651
1087 0.082183
1088 -0.088448
1089 -0.027839
1090 -0.015625
1091 -0.050852
1092 0.154701
1093 -0.117055
1094 -0.208697
1095 0.337976
1096 0.509939
1097 0.978616
1098 0.385062
1099 0.164224
1100 0.200541
1101 0.046797
1102 0.503396
1103 -0.221925
1104 0.174021
1105 -0.115168
1106 0.155192
1107 0.178303
1108 0.403300
1109 0.373066
1110 -0.325496
1111 0.185074
1112 0.139475
1113 0.478105
1114 -0.057653
1115 0.376841
1116 -0.248025
1117 -0.129273
1118 -0.053188
1119 0.243730
1120 0.260941
1121 -0.053989
1122 0.134062
1123 0.102107
1124 -0.255908
1125 0.457743
1126 -0.158844
1127 -0.013480
1128 0.008655
1129 0.045777
1130 0.176854
1131 -0.079962
1132 -0.500389
1133 -0.285020
1134 -0.058960
1135 0.662576
1136 0.092926
1137 -0.140144
1138 0.135380
1139 -0.172433
1140 -0.169173
1141 -0.195556
1142 0.149004
1143 -0.065626
1144 -0.286819
1145 -0.187444
1146 -0.269082
1147 -0.287437
1148 -0.074347
1149 0.337509
1150 -0.464453
1151 0.208976
1152 0.394387
1153 -0.000811
1154 0.807337
1155 0.164630
1156 0.257692
1157 -0.098674
1158 0.177468
1159 -0.290260
1160 0.356524
1161 -0.313952
1162 -0.108330
1163 0.201241
1164 0.693650
1165 -0.578495
1166 -0.134640
1167 -0.057534
1168 0.174557
1169 0.143754
1170 0.063224
1171 -0.098127
1172 -0.307749
1173 0.942338
1174 0.833381
1175 -0.401739
1176 -0.093780
1177 0.181528
1178 -0.028602
1179 -0.089559
1180 -0.064052
1181 -0.244924
1182 0.022037
1183 -0.379967
1184 -0.389084
1185 0.235434
1186 -0.004670
1187 0.000831
1188 -0.082080
1189 0.396816
1190 0.234630
1191 -0.107622
1192 0.017203
1193 0.200398
1194 0.158900
1195 0.140939
1196 0.848221
1197 -0.197082
1198 0.209342
1199 0.113751
1200 0.049808
1201 0.221754
1202 0.000027
1203 -0.036688
1204 0.725363
1205 0.206773
1206 0.016477
1207 -0.055404
1208 -0.155209
1209 -0.027165
1210 0.163361
1211 0.193565
1212 -0.739525
1213 0.177340
1214 -0.380451
1215 -0.047315
1216 -0.063436
1217 0.280648
1218 0.379605
1219 0.003131
1220 0.062173
1221 0.088175
1222 -0.157017
1223 0.194095
