0 -0.834613
1 -0.371377
2 -0.554451
3 -0.242468
4 -0.018867
5 -0.537225
6 -0.511043
7 -0.229962
8 0.409600
9 0.270843
10 -0.095671
11 -0.229244
12 0.253614
13 0.501991
14 0.186735
15 -0.128709
16 0.059903
17 -0.122226
18 -0.020395
19 0.079791
20 0.246268
21 0.128399
22 -0.255665
23 -0.186187
24 0.798763
25 0.775419
26 -0.140945
27 0.133508
28 0.126328
29 -0.118427
30 -0.006238
31 0.713288
32 0.421783
33 0.375709
34 0.469718
35 0.530879
36 0.816130
37 -0.367649
38 0.043886
39 0.229447
40 0.202852
41 -0.046372
42 0.155076
43 -0.252094
44 0.391340
45 0.040411
46 -0.267386
47 -0.124218
48 -0.458757
49 0.134784
50 0.564428
51 0.255885
52 0.012340
53 0.220342
54 0.251223
55 0.441857
56 -0.245860
57 -0.119722
58 0.348897
59 0.298638
60 -0.114063
61 -0.029027
62 0.186953
63 0.041910
64 0.654871
65 0.329130
66 -0.357086
67 -0.171452
68 -0.020069
69 0.420568
70 0.437707
71 0.140587
72 0.020435
73 0.592182
74 0.141699
75 -0.184189
76 0.016764
77 -0.196102
78 -0.010619
79 0.195786
80 0.562378
81 -0.249575
82 -0.110175
83 -0.070851
84 0.074709
85 0.387163
86 0.343904
87 0.432464
88 0.350225
89 0.034622
90 0.189315
91 0.326066
92 0.162408
93 0.131676
94 0.592032
95 -0.307621
96 -0.196898
97 -0.231128
98 0.194535
99 0.853583
100 0.462710
101 0.156254
102 0.268843
103 0.235702
104 0.443554
105 0.324164
106 0.257125
107 0.072840
108 0.282427
109 0.911059
110 0.474060
111 0.635385
112 0.515349
113 -0.005738
114 0.145584
115 -0.236051
116 0.073367
117 0.137190
118 0.275751
119 0.053468
120 0.602388
121 0.229413
122 0.501579
123 0.016159
124 -0.482653
125 0.225263
126 0.004899
127 0.239700
128 0.003557
129 -0.267757
130 -0.208115
131 -0.068712
132 -0.122127
133 0.144097
134 -0.097777
135 -0.050383
136 0.299173
137 0.170921
138 0.029919
139 0.483265
140 0.169046
141 -0.458386
142 -0.240320
143 0.083901
144 -0.301661
145 0.288504
146 0.589649
147 0.799122
148 0.293647
149 -0.163162
150 -0.192937
151 -0.011322
152 0.359612
153 0.090487
154 0.054588
155 0.131512
156 -0.011480
157 -0.103476
158 -0.245045
159 -0.134626
160 0.060466
161 0.234320
162 0.147864
163 -0.284175
164 0.131876
165 0.558475
166 0.088563
167 0.215071
168 0.469212
169 0.181935
170 0.709774
171 0.220143
172 0.222844
173 -0.121150
174 0.042184
175 0.045008
176 0.264541
177 -0.240995
178 0.066015
179 0.249998
180 0.339112
181 0.231695
182 0.443746
183 0.065300
184 0.445289
185 0.717824
186 0.544932
187 0.720742
188 1.152946
189 0.139468
190 0.191541
191 0.255937
192 0.440231
193 0.158921
194 0.713555
195 0.082764
196 -0.077693
197 -0.233624
198 0.434901
199 1.766011
200 0.841036
201 0.937481
202 0.752820
203 0.408875
204 0.333397
205 0.315032
206 1.192219
207 0.421742
208 0.185968
209 1.001605
210 1.011875
211 -0.009040
212 0.047444
213 0.292199
214 0.199635
215 0.701403
216 0.668676
217 0.403150
218 0.101575
219 0.592190
220 0.416427
221 0.251203
222 0.724087
223 0.709080
224 0.087383
225 0.088838
226 0.638925
227 1.579692
228 0.387155
229 -0.019723
230 0.036463
231 0.035519
232 0.205093
233 0.215261
234 0.368457
235 0.314633
236 0.184054
237 0.417012
238 0.244164
239 0.153307
240 0.221246
241 0.214843
242 0.093239
243 0.139559
244 0.133132
245 0.175983
246 0.931302
247 0.232073
248 0.086903
249 0.226045
250 0.386873
251 0.243361
252 0.094233
253 0.128993
254 0.615461
255 0.209376
256 0.353128
257 0.376923
258 0.403083
259 0.667407
260 0.268555
261 0.166081
262 0.212139
263 0.573193
264 0.221260
265 0.301029
266 0.285179
267 1.229338
268 1.104383
269 0.178983
270 0.140172
271 0.037732
272 0.152409
273 0.762489
274 0.353869
275 0.299736
276 0.522174
277 0.320020
278 0.207752
279 0.302323
280 0.771791
281 0.471861
282 0.220767
283 0.081258
284 -0.009359
285 0.553872
286 0.010127
287 0.084721
288 0.301602
289 0.453515
290 0.302958
291 0.242471
292 0.218165
293 0.395157
294 0.571958
295 0.183848
296 0.176697
297 0.025969
298 -0.311001
299 0.134417
300 0.257417
301 0.456145
302 0.184577
303 0.045831
304 0.060606
305 0.274368
306 0.163292
307 0.305213
308 0.162276
309 -0.040751
310 0.074305
311 0.165097
312 0.177404
313 0.909231
314 0.305001
315 0.162485
316 0.147714
317 0.142629
318 0.482169
319 0.179503
320 0.193625
321 0.428885
322 0.270482
323 -0.177421
324 0.012615
325 0.386370
326 0.210527
327 0.157685
328 -0.052934
329 0.134996
330 0.244691
331 0.592010
332 0.197946
333 0.228119
334 0.243755
335 0.089797
336 0.404554
337 0.092808
338 0.324769
339 0.397157
340 0.489347
341 0.082781
342 0.092254
343 0.457531
344 0.364803
345 0.158829
346 0.222866
347 1.015086
348 0.114952
349 0.192163
350 0.205704
351 0.511192
352 0.387591
353 0.158998
354 0.088408
355 0.120897
356 0.359345
357 0.421021
358 0.162756
359 0.388484
360 0.789166
361 -0.008046
362 0.095844
363 0.268739
364 0.436456
365 0.244434
366 0.140806
367 0.076977
368 0.068106
369 0.231176
370 0.179352
371 0.298092
372 1.883984
373 0.393929
374 0.312503
375 0.088438
376 0.116913
377 0.520267
378 0.459576
379 0.154195
380 0.871538
381 0.825675
382 0.720343
383 0.138653
384 0.225589
385 -0.216926
386 0.081465
387 0.232504
388 0.171215
389 0.481698
390 0.600522
391 0.190324
392 0.161232
393 0.264316
394 1.382437
395 0.094768
396 0.045178
397 0.208097
398 0.136892
399 0.179280
400 0.187167
401 0.082669
402 -0.068577
403 0.264038
404 0.409296
405 0.137424
406 0.235620
407 0.454769
408 0.241092
409 0.243778
410 0.230553
411 0.517731
412 0.077115
413 0.061680
414 0.174559
415 0.374664
416 0.030200
417 0.303251
418 0.270747
419 0.152093
420 -0.136366
421 0.200420
422 0.324770
423 0.177364
424 0.623661
425 0.593847
426 1.221856
427 0.248355
428 0.504363
429 0.053918
430 0.136162
431 0.397781
432 0.216245
433 0.460005
434 0.294837
435 1.410323
436 0.333281
437 0.386664
438 0.877597
439 0.491233
440 0.495551
441 0.324989
442 0.940185
443 0.702730
444 0.339360
445 0.492057
446 0.602981
447 0.810975
448 0.486847
449 0.464176
450 0.222101
451 0.140210
452 0.052033
453 0.027382
454 0.306197
455 0.667971
456 0.863991
457 0.407777
458 -0.236498
459 0.242042
460 0.249387
461 0.030689
462 -0.092680
463 0.015239
464 0.236026
465 0.486803
466 0.356950
467 0.565769
468 0.600654
469 0.515065
470 0.583852
471 0.391026
472 0.566284
473 0.232294
474 0.807842
475 0.323447
476 0.310761
477 0.449144
478 0.834974
479 0.674996
480 0.835736
481 0.238834
482 0.248776
483 0.339688
484 0.826363
485 1.111080
486 0.140889
487 0.147301
488 0.296695
489 0.312234
490 0.524597
491 0.175268
492 0.630201
493 0.288676
494 0.655263
495 0.400480
496 0.196261
497 0.027333
498 0.032160
499 0.901723
500 0.772851
501 0.452063
502 0.693899
503 0.456644
504 0.500997
505 0.963946
506 0.567102
507 0.168411
508 -0.035057
509 0.344919
510 0.885977
511 0.701187
512 -0.245750
513 -0.160683
514 -0.242199
515 0.200210
516 0.356132
517 0.193562
518 0.825791
519 0.594535
520 -0.051201
521 0.507183
522 0.726708
523 -0.100024
524 0.025332
525 0.345462
526 -0.112095
527 0.453101
528 0.285182
529 0.099836
530 0.154086
531 0.217219
532 0.138743
533 1.134166
534 1.739321
535 0.114496
536 -0.030794
537 -0.153787
538 -0.134060
539 2.066228
540 2.473751
541 -0.094926
542 -0.277459
543 -0.196076
544 -0.045437
545 0.048230
546 -0.005050
547 0.063004
548 -0.129778
549 -0.268463
550 -0.238419
551 0.169933
552 0.363160
553 0.288830
554 -0.153852
555 -0.056379
556 -0.101415
557 0.040644
558 -0.147206
559 -0.071070
560 0.981967
561 -0.073432
562 -0.037390
563 0.103221
564 0.578874
565 -0.081373
566 -0.148954
567 -0.152443
568 -0.147050
569 -0.079570
570 -0.057975
571 0.030841
572 0.075058
573 -0.365700
574 -0.120828
575 -0.059641
576 0.872162
577 0.266431
578 -0.071249
579 -0.115681
580 -0.093781
581 0.070169
582 -0.155852
583 0.660200
584 -0.204621
585 -0.190846
586 -0.069603
587 -0.499793
588 -0.223855
589 -0.141058
590 -0.070919
591 -0.134297
592 -0.051037
593 -0.035987
594 -0.218280
595 -0.015428
596 0.361734
597 0.039954
598 -0.043451
599 0.134292
600 -0.239617
601 -0.066491
602 -0.104419
603 0.053714
604 0.064697
605 -0.068070
606 -0.122748
607 -0.110965
608 -0.119637
609 -0.079435
610 -0.048456
611 0.069069
612 -0.281525
613 -0.172012
614 -0.196813
615 -0.095221
616 -0.350218
617 -0.052476
618 -0.001868
619 -0.134852
620 -0.041395
621 -0.134053
622 0.017393
623 -0.160351
624 -0.156801
625 -0.077818
626 -0.113651
627 -0.123449
628 -0.307752
629 -0.603089
630 -0.096188
631 -0.114573
632 0.137380
633 0.251428
634 -0.135020
635 -0.222599
636 -0.110145
637 -0.106031
638 0.016935
639 0.177584
640 -0.336503
641 -0.277034
642 -0.244301
643 -0.222133
644 -0.091270
645 -0.028808
646 -0.019514
647 -0.055022
648 -0.240675
649 -0.609564
650 -0.111599
651 0.371234
652 1.367838
653 -0.049920
654 -0.154180
655 -0.396944
656 -0.082291
657 0.093766
658 -0.335926
659 -0.181955
660 0.068587
661 -0.044664
662 0.164881
663 -0.099562
664 0.517192
665 -0.727543
666 -0.718671
667 -0.191968
668 0.203900
669 -0.014933
670 0.346224
671 0.596654
672 -0.355171
673 -0.121032
674 -0.051994
675 0.290280
676 -0.096448
677 -0.039885
678 -0.181444
679 0.542385
680 0.072619
681 -0.243396
682 -0.087285
683 -0.249776
684 -0.027485
685 -0.452998
686 -0.315915
687 -0.248528
688 0.499798
689 0.215509
690 0.178211
691 -0.101216
692 0.121479
693 0.101176
694 -0.040985
695 -0.228457
696 0.038162
697 -0.265921
698 0.112366
699 0.269835
700 0.065766
701 0.358716
702 -0.131990
703 -0.176677
704 0.201635
705 0.216363
706 0.665401
707 1.047342
708 0.046582
709 0.152958
710 0.367911
711 -0.155719
712 0.362377
713 0.259173
714 -0.078649
715 -0.285578
716 -0.353371
717 0.042391
718 0.134110
719 0.125560
720 0.179475
721 0.352254
722 -0.040346
723 0.611681
724 0.216817
725 -0.055425
726 -0.099669
727 -0.027135
728 -0.111336
729 -0.018589
730 0.084387
731 0.413557
732 0.002653
733 -0.327405
734 -0.406534
735 -0.050625
736 0.735368
737 0.041465
738 0.359771
739 -0.206294
740 0.295951
741 0.168832
742 0.380474
743 0.132181
744 -0.058980
745 0.463749
746 0.199262
747 0.320601
748 -0.111921
749 0.264289
750 -0.255784
751 0.269678
752 0.531148
753 0.651726
754 0.089068
755 0.227699
756 0.252750
757 0.256291
758 0.288457
759 0.747411
760 0.139964
761 0.051141
762 0.146032
763 0.019479
764 0.099161
765 0.626931
766 0.101725
767 0.631034
768 0.455312
769 0.077445
770 0.246478
771 0.757970
772 -0.114430
773 0.035603
774 0.299925
775 -0.144376
776 0.160858
777 -0.130844
778 0.495750
779 0.235386
780 -0.212310
781 0.737721
782 0.276690
783 0.241228
784 0.401098
785 0.106622
786 0.176650
787 0.192330
788 0.507431
789 -0.581842
790 0.497750
791 0.009179
792 -0.053448
793 0.053363
794 0.553228
795 -0.013866
796 0.375130
797 -0.290280
798 0.120116
799 0.120040
800 0.188282
801 0.111364
802 0.471387
803 0.156654
804 -0.049977
805 0.356834
806 0.204538
807 0.576554
808 0.598967
809 -0.036230
810 -0.008998
811 0.551021
812 0.202565
813 0.009031
814 0.181356
815 -0.059252
816 -0.064684
817 0.604092
818 0.338217
819 0.276215
820 -0.006035
821 -0.036047
822 -0.242221
823 0.318930
824 -0.404966
825 0.311935
826 0.066436
827 0.651833
828 0.365290
829 0.483297
830 0.335535
831 0.453697
832 -0.448173
833 0.008997
834 -0.080012
835 0.084968
836 -0.182420
837 0.224727
838 0.270846
839 -0.468407
840 -0.059955
841 -0.097723
842 0.438366
843 -0.558822
844 0.139209
845 0.589789
846 0.504207
847 0.206733
848 0.190995
849 0.080745
850 0.441445
851 0.518796
852 1.536195
853 -0.100213
854 0.196254
855 -0.067226
856 0.079382
857 0.153321
858 0.984767
859 -0.251858
860 0.309809
861 0.343105
862 0.109284
863 0.328033
864 0.281928
865 0.084689
866 0.319952
867 0.350108
868 -0.118780
869 -0.029759
870 0.376127
871 0.258312
872 0.388266
873 -0.134747
874 0.495333
875 -0.035346
876 0.177350
877 0.151685
878 0.094497
879 0.159659
880 0.178682
881 -0.126641
882 -0.096200
883 0.187722
884 0.000434
885 0.531840
886 0.039512
887 0.048664
888 -0.130292
889 0.097983
890 0.198333
891 0.847114
892 -0.011878
893 0.287874
894 0.072688
895 -0.298848
896 0.145903
897 0.183809
898 0.229758
899 0.022862
900 0.282340
901 0.222227
902 -0.013030
903 0.066058
904 -0.100097
905 0.276585
906 -0.152171
907 0.130720
908 -0.088997
909 0.535926
910 0.146822
911 0.114394
912 0.167319
913 0.625255
914 0.281385
915 -0.105596
916 0.022461
917 0.440368
918 0.104276
919 0.116029
920 0.482996
921 0.004716
922 0.391030
923 0.451576
924 -0.015368
925 0.367465
926 0.138465
927 0.363845
928 0.182384
929 0.155883
930 0.187957
931 0.339676
932 0.087245
933 0.194281
934 0.114931
935 0.022442
936 0.114858
937 0.263525
938 0.058998
939 0.215378
940 -0.332857
941 0.290614
942 -0.163555
943 -0.075960
944 0.627293
945 0.144326
946 -0.030551
947 0.402473
948 1.085660
949 0.222769
950 -0.000034
951 0.028393
952 0.365543
953 -0.152341
954 -0.144086
955 0.489048
956 0.797222
957 0.305137
958 0.277192
959 0.094713
960 -0.373682
961 -0.022270
962 0.458697
963 0.348741
964 0.372283
965 -0.164657
966 0.285040
967 -0.214222
968 0.211886
969 -0.110587
970 -0.016792
971 -0.042503
972 0.342077
973 0.300736
974 0.121074
975 0.381774
976 0.588307
977 0.231633
978 0.824892
979 -0.163238
980 0.161513
981 0.338505
982 0.018656
983 0.201527
984 -0.427885
985 0.040150
986 0.041733
987 0.026836
988 -0.171989
989 0.500802
990 0.341172
991 0.232962
992 0.048270
993 0.079076
994 0.091020
995 0.444559
996 0.535662
997 0.002009
998 0.409503
999 0.388778
1000 0.049844
1001 0.529153
1002 0.087738
1003 -0.086912
1004 -0.074482
1005 0.163736
1006 0.522107
1007 0.244261
1008 0.421438
1009 -0.036126
1010 0.154056
1011 -0.169003
1012 0.516753
1013 0.290959
1014 0.530348
1015 0.382288
1016 -0.101995
1017 0.204736
1018 0.303920
1019 0.249988
1020 0.037929
1021 -0.002587
1022 -0.272126
1023 1.012738
1024 0.462396
1025 0.195206
1026 0.220998
1027 0.113533
1028 0.139977
1029 0.305223
1030 0.162629
1031 0.171587
1032 -0.065608
1033 0.174108
1034 0.150637
1035 0.077977
1036 0.305338
1037 -0.304764
1038 0.471122
1039 0.147185
1040 -0.055381
1041 -0.114600
1042 0.186689
1043 -0.020817
1044 0.246368
1045 0.059268
1046 0.146353
1047 -0.189184
1048 0.580899
1049 -0.102202
1050 -0.164107
1051 0.375100
1052 0.164841
1053 0.240832
1054 0.175852
1055 0.394987
1056 -0.324037
1057 -0.295157
1058 0.172643
1059 0.667382
1060 -0.053468
1061 0.494045
1062 -0.081123
1063 0.381738
1064 0.739329
1065 0.973829
1066 0.291230
1067 0.173737
1068 -0.173232
1069 0.204522
1070 -0.051438
1071 0.492729
1072 0.247210
1073 0.615676
1074 0.727641
1075 0.302963
1076 0.517431
1077 0.021315
1078 0.198066
1079 0.306628
1080 0.288677
1081 -0.002306
1082 0.030018
1083 0.393815
1084 -0.183318
1085 0.588638
1086 -0.099597
1087 -0.150000
1088 0.128175
1089 0.085384
1090 0.162707
1091 -0.232768
1092 0.445469
1093 0.573082
1094 0.103737
1095 0.134456
1096 0.243646
1097 0.313855
1098 0.176405
1099 0.527553
1100 0.213306
1101 0.377439
1102 0.290294
1103 0.101254
1104 -0.008200
1105 0.819050
1106 -0.033906
1107 0.130359
1108 0.243948
1109 0.096790
1110 0.360811
1111 0.086688
1112 -0.138878
1113 0.040132
1114 0.153656
1115 0.474930
1116 0.849848
1117 0.351489
1118 0.597688
1119 -0.116425
1120 0.074925
1121 0.413130
1122 -0.071305
1123 0.276198
1124 0.161503
1125 -0.078163
1126 -0.037393
1127 0.066879
1128 0.112646
1129 -0.337943
1130 0.067579
1131 0.204764
1132 0.904640
1133 0.183093
1134 -0.096813
1135 0.067453
1136 0.129285
1137 0.021170
1138 0.778053
1139 0.183913
1140 0.346190
1141 0.214615
1142 0.138577
1143 0.121554
1144 0.424771
1145 0.373594
1146 0.154398
1147 0.227553
1148 0.038211
1149 -0.062716
1150 -0.140837
1151 -0.125575
1152 -0.023518
1153 0.211923
1154 0.158881
1155 0.512863
1156 0.332750
1157 -0.140305
1158 -0.073757
1159 0.531992
1160 -0.036302
1161 -0.059932
1162 0.071491
1163 0.408743
1164 -0.034713
1165 0.192334
1166 -0.210659
1167 -0.249637
1168 0.098799
1169 -0.131400
1170 0.337913
1171 -0.149795
1172 0.058246
1173 -0.316575
1174 0.005025
1175 0.226092
1176 0.700114
1177 0.019966
1178 0.032800
1179 0.073549
1180 -0.150390
1181 0.189482
1182 0.308129
1183 -0.010414
1184 0.257515
1185 0.442406
1186 -0.006729
1187 0.001314
1188 0.394064
1189 -0.080117
1190 -0.061975
1191 0.503909
1192 0.591827
1193 0.491623
1194 0.374961
1195 0.121710
1196 0.353789
1197 0.106578
1198 0.198810
1199 0.266125
1200 0.359423
1201 -0.072140
1202 0.268437
1203 0.159451
1204 0.088858
1205 0.345437
1206 1.097095
1207 0.769649
1208 0.305170
1209 0.030231
1210 -0.197303
1211 0.336406
1212 0.380996
1213 0.828304
1214 0.236246
1215 0.138096
0 -0.834613
1 -0.371377
2 -0.554451
3 -0.242468
4 -0.018867
5 -0.537225
6 -0.511043
7 -0.229962
8 0.409600
9 0.270843
10 -0.095671
11 -0.229244
12 0.253614
13 0.501991
14 0.186735
15 -0.128709
16 0.059903
17 -0.122226
18 -0.020395
19 0.079791
20 0.246268
21 0.128399
22 -0.255665
23 -0.186187
24 0.798763
25 0.775419
26 -0.140945
27 0.133508
28 0.126328
29 -0.118427
30 -0.006238
31 0.713288
32 0.421783
33 0.375709
34 0.469718
35 0.530879
36 0.816130
37 -0.367649
38 0.043886
39 0.229447
40 0.202852
41 -0.046372
42 0.155076
43 -0.252094
44 0.391340
45 0.040411
46 -0.267386
47 -0.124218
48 -0.458757
49 0.134784
50 0.564428
51 0.255885
52 0.012340
53 0.220342
54 0.251223
55 0.441857
56 -0.245860
57 -0.119722
58 0.348897
59 0.298638
60 -0.114063
61 -0.029027
62 0.186953
63 0.041910
64 0.654871
65 0.329130
66 -0.357086
67 -0.171452
68 -0.020069
69 0.420568
70 0.437707
71 0.140587
72 0.020435
73 0.592182
74 0.141699
75 -0.184189
76 0.016764
77 -0.196102
78 -0.010619
79 0.195786
80 0.562378
81 -0.249575
82 -0.110175
83 -0.070851
84 0.074709
85 0.387163
86 0.343904
87 0.432464
88 0.350225
89 0.034622
90 0.189315
91 0.326066
92 0.162408
93 0.131676
94 0.592032
95 -0.307621
96 -0.196898
97 -0.231128
98 0.194535
99 0.853583
100 0.462710
101 0.156254
102 0.268843
103 0.235702
104 0.443554
105 0.324164
106 0.257125
107 0.072840
108 0.282427
109 0.911059
110 0.474060
111 0.635385
112 0.515349
113 -0.005738
114 0.145584
115 -0.236051
116 0.073367
117 0.137190
118 0.275751
119 0.053468
120 0.602388
121 0.229413
122 0.501579
123 0.016159
124 -0.482653
125 0.225263
126 0.004899
127 0.239700
128 0.003557
129 -0.267757
130 -0.208115
131 -0.068712
132 -0.122127
133 0.144097
134 -0.097777
135 -0.050383
136 0.299173
137 0.170921
138 0.029919
139 0.483265
140 0.169046
141 -0.458386
142 -0.240320
143 0.083901
144 -0.301661
145 0.288504
146 0.589649
147 0.799122
148 0.293647
149 -0.163162
150 -0.192937
151 -0.011322
152 0.359612
153 0.090487
154 0.054588
155 0.131512
156 -0.011480
157 -0.103476
158 -0.245045
159 -0.134626
160 0.060466
161 0.234320
162 0.147864
163 -0.284175
164 0.131876
165 0.558475
166 0.088563
167 0.215071
168 0.469212
169 0.181935
170 0.709774
171 0.220143
172 0.222844
173 -0.121150
174 0.042184
175 0.045008
176 0.264541
177 -0.240995
178 0.066015
179 0.249998
180 0.339112
181 0.231695
182 0.443746
183 0.065300
184 0.445289
185 0.717824
186 0.544932
187 0.720742
188 1.152946
189 0.139468
190 0.191541
191 0.255937
192 0.440231
193 0.158921
194 0.713555
195 0.082764
196 -0.077693
197 -0.233624
198 0.434901
199 1.766011
200 0.841036
201 0.937481
202 0.752820
203 0.408875
204 0.333397
205 0.315032
206 1.192219
207 0.421742
208 0.185968
209 1.001605
210 1.011875
211 -0.009040
212 0.047444
213 0.292199
214 0.199635
215 0.701403
216 0.668676
217 0.403150
218 0.101575
219 0.592190
220 0.416427
221 0.251203
222 0.724087
223 0.709080
224 0.087383
225 0.088838
226 0.638925
227 1.579692
228 0.387155
229 -0.019723
230 0.036463
231 0.035519
232 0.205093
233 0.215261
234 0.368457
235 0.314633
236 0.184054
237 0.417012
238 0.244164
239 0.153307
240 0.221246
241 0.214843
242 0.093239
243 0.139559
244 0.133132
245 0.175983
246 0.931302
247 0.232073
248 0.086903
249 0.226045
250 0.386873
251 0.243361
252 0.094233
253 0.128993
254 0.615461
255 0.209376
256 0.353128
257 0.376923
258 0.403083
259 0.667407
260 0.268555
261 0.166081
262 0.212139
263 0.573193
264 0.221260
265 0.301029
266 0.285179
267 1.229338
268 1.104383
269 0.178983
270 0.140172
271 0.037732
272 0.152409
273 0.762489
274 0.353869
275 0.299736
276 0.522174
277 0.320020
278 0.207752
279 0.302323
280 0.771791
281 0.471861
282 0.220767
283 0.081258
284 -0.009359
285 0.553872
286 0.010127
287 0.084721
288 0.301602
289 0.453515
290 0.302958
291 0.242471
292 0.218165
293 0.395157
294 0.571958
295 0.183848
296 0.176697
297 0.025969
298 -0.311001
299 0.134417
300 0.257417
301 0.456145
302 0.184577
303 0.045831
304 0.060606
305 0.274368
306 0.163292
307 0.305213
308 0.162276
309 -0.040751
310 0.074305
311 0.165097
312 0.177404
313 0.909231
314 0.305001
315 0.162485
316 0.147714
317 0.142629
318 0.482169
319 0.179503
320 0.193625
321 0.428885
322 0.270482
323 -0.177421
324 0.012615
325 0.386370
326 0.210527
327 0.157685
328 -0.052934
329 0.134996
330 0.244691
331 0.592010
332 0.197946
333 0.228119
334 0.243755
335 0.089797
336 0.404554
337 0.092808
338 0.324769
339 0.397157
340 0.489347
341 0.082781
342 0.092254
343 0.457531
344 0.364803
345 0.158829
346 0.222866
347 1.015086
348 0.114952
349 0.192163
350 0.205704
351 0.511192
352 0.387591
353 0.158998
354 0.088408
355 0.120897
356 0.359345
357 0.421021
358 0.162756
359 0.388484
360 0.789166
361 -0.008046
362 0.095844
363 0.268739
364 0.436456
365 0.244434
366 0.140806
367 0.076977
368 0.068106
369 0.231176
370 0.179352
371 0.298092
372 1.883984
373 0.393929
374 0.312503
375 0.088438
376 0.116913
377 0.520267
378 0.459576
379 0.154195
380 0.871538
381 0.825675
382 0.720343
383 0.138653
384 0.225589
385 -0.216926
386 0.081465
387 0.232504
388 0.171215
389 0.481698
390 0.600522
391 0.190324
392 0.161232
393 0.264316
394 1.382437
395 0.094768
396 0.045178
397 0.208097
398 0.136892
399 0.179280
400 0.187167
401 0.082669
402 -0.068577
403 0.264038
404 0.409296
405 0.137424
406 0.235620
407 0.454769
408 0.241092
409 0.243778
410 0.230553
411 0.517731
412 0.077115
413 0.061680
414 0.174559
415 0.374664
416 0.030200
417 0.303251
418 0.270747
419 0.152093
420 -0.136366
421 0.200420
422 0.324770
423 0.177364
424 0.623661
425 0.593847
426 1.221856
427 0.248355
428 0.504363
429 0.053918
430 0.136162
431 0.397781
432 0.216245
433 0.460005
434 0.294837
435 1.410323
436 0.333281
437 0.386664
438 0.877597
439 0.491233
440 0.495551
441 0.324989
442 0.940185
443 0.702730
444 0.339360
445 0.492057
446 0.602981
447 0.810975
448 0.486847
449 0.464176
450 0.222101
451 0.140210
452 0.052033
453 0.027382
454 0.306197
455 0.667971
456 0.863991
457 0.407777
458 -0.236498
459 0.242042
460 0.249387
461 0.030689
462 -0.092680
463 0.015239
464 0.236026
465 0.486803
466 0.356950
467 0.565769
468 0.600654
469 0.515065
470 0.583852
471 0.391026
472 0.566284
473 0.232294
474 0.807842
475 0.323447
476 0.310761
477 0.449144
478 0.834974
479 0.674996
480 0.835736
481 0.238834
482 0.248776
483 0.339688
484 0.826363
485 1.111080
486 0.140889
487 0.147301
488 0.296695
489 0.312234
490 0.524597
491 0.175268
492 0.630201
493 0.288676
494 0.655263
495 0.400480
496 0.196261
497 0.027333
498 0.032160
499 0.901723
500 0.772851
501 0.452063
502 0.693899
503 0.456644
504 0.500997
505 0.963946
506 0.567102
507 0.168411
508 -0.035057
509 0.344919
510 0.885977
511 0.701187
512 -0.245750
513 -0.160683
514 -0.242199
515 0.200210
516 0.356132
517 0.193562
518 0.825791
519 0.594535
520 -0.051201
521 0.507183
522 0.726708
523 -0.100024
524 0.025332
525 0.345462
526 -0.112095
527 0.453101
528 0.285182
529 0.099836
530 0.154086
531 0.217219
532 0.138743
533 1.134166
534 1.739321
535 0.114496
536 -0.030794
537 -0.153787
538 -0.134060
539 2.066228
540 2.473751
541 -0.094926
542 -0.277459
543 -0.196076
544 -0.045437
545 0.048230
546 -0.005050
547 0.063004
548 -0.129778
549 -0.268463
550 -0.238419
551 0.169933
552 0.363160
553 0.288830
554 -0.153852
555 -0.056379
556 -0.101415
557 0.040644
558 -0.147206
559 -0.071070
560 0.981967
561 -0.073432
562 -0.037390
563 0.103221
564 0.578874
565 -0.081373
566 -0.148954
567 -0.152443
568 -0.147050
569 -0.079570
570 -0.057975
571 0.030841
572 0.075058
573 -0.365700
574 -0.120828
575 -0.059641
576 0.872162
577 0.266431
578 -0.071249
579 -0.115681
580 -0.093781
581 0.070169
582 -0.155852
583 0.660200
584 -0.204621
585 -0.190846
586 -0.069603
587 -0.499793
588 -0.223855
589 -0.141058
590 -0.070919
591 -0.134297
592 -0.051037
593 -0.035987
594 -0.218280
595 -0.015428
596 0.361734
597 0.039954
598 -0.043451
599 0.134292
600 -0.239617
601 -0.066491
602 -0.104419
603 0.053714
604 0.064697
605 -0.068070
606 -0.122748
607 -0.110965
608 -0.119637
609 -0.079435
610 -0.048456
611 0.069069
612 -0.281525
613 -0.172012
614 -0.196813
615 -0.095221
616 -0.350218
617 -0.052476
618 -0.001868
619 -0.134852
620 -0.041395
621 -0.134053
622 0.017393
623 -0.160351
624 -0.156801
625 -0.077818
626 -0.113651
627 -0.123449
628 -0.307752
629 -0.603089
630 -0.096188
631 -0.114573
632 0.137380
633 0.251428
634 -0.135020
635 -0.222599
636 -0.110145
637 -0.106031
638 0.016935
639 0.177584
640 -0.336503
641 -0.277034
642 -0.244301
643 -0.222133
644 -0.091270
645 -0.028808
646 -0.019514
647 -0.055022
648 -0.240675
649 -0.609564
650 -0.111599
651 0.371234
652 1.367838
653 -0.049920
654 -0.154180
655 -0.396944
656 -0.082291
657 0.093766
658 -0.335926
659 -0.181955
660 0.068587
661 -0.044664
662 0.164881
663 -0.099562
664 0.517192
665 -0.727543
666 -0.718671
667 -0.191968
668 0.203900
669 -0.014933
670 0.346224
671 0.596654
672 -0.355171
673 -0.121032
674 -0.051994
675 0.290280
676 -0.096448
677 -0.039885
678 -0.181444
679 0.542385
680 0.072619
681 -0.243396
682 -0.087285
683 -0.249776
684 -0.027485
685 -0.452998
686 -0.315915
687 -0.248528
688 0.499798
689 0.215509
690 0.178211
691 -0.101216
692 0.121479
693 0.101176
694 -0.040985
695 -0.228457
696 0.038162
697 -0.265921
698 0.112366
699 0.269835
700 0.065766
701 0.358716
702 -0.131990
703 -0.176677
704 0.201635
705 0.216363
706 0.665401
707 1.047342
708 0.046582
709 0.152958
710 0.367911
711 -0.155719
712 0.362377
713 0.259173
714 -0.078649
715 -0.285578
716 -0.353371
717 0.042391
718 0.134110
719 0.125560
720 0.179475
721 0.352254
722 -0.040346
723 0.611681
724 0.216817
725 -0.055425
726 -0.099669
727 -0.027135
728 -0.111336
729 -0.018589
730 0.084387
731 0.413557
732 0.002653
733 -0.327405
734 -0.406534
735 -0.050625
736 0.735368
737 0.041465
738 0.359771
739 -0.206294
740 0.295951
741 0.168832
742 0.380474
743 0.132181
744 -0.058980
745 0.463749
746 0.199262
747 0.320601
748 -0.111921
749 0.264289
750 -0.255784
751 0.269678
752 0.531148
753 0.651726
754 0.089068
755 0.227699
756 0.252750
757 0.256291
758 0.288457
759 0.747411
760 0.139964
761 0.051141
762 0.146032
763 0.019479
764 0.099161
765 0.626931
766 0.101725
767 0.631034
768 0.455312
769 0.077445
770 0.246478
771 0.757970
772 -0.114430
773 0.035603
774 0.299925
775 -0.144376
776 0.160858
777 -0.130844
778 0.495750
779 0.235386
780 -0.212310
781 0.737721
782 0.276690
783 0.241228
784 0.401098
785 0.106622
786 0.176650
787 0.192330
788 0.507431
789 -0.581842
790 0.497750
791 0.009179
792 -0.053448
793 0.053363
794 0.553228
795 -0.013866
796 0.375130
797 -0.290280
798 0.120116
799 0.120040
800 0.188282
801 0.111364
802 0.471387
803 0.156654
804 -0.049977
805 0.356834
806 0.204538
807 0.576554
808 0.598967
809 -0.036230
810 -0.008998
811 0.551021
812 0.202565
813 0.009031
814 0.181356
815 -0.059252
816 -0.064684
817 0.604092
818 0.338217
819 0.276215
820 -0.006035
821 -0.036047
822 -0.242221
823 0.318930
824 -0.404966
825 0.311935
826 0.066436
827 0.651833
828 0.365290
829 0.483297
830 0.335535
831 0.453697
832 -0.448173
833 0.008997
834 -0.080012
835 0.084968
836 -0.182420
837 0.224727
838 0.270846
839 -0.468407
840 -0.059955
841 -0.097723
842 0.438366
843 -0.558822
844 0.139209
845 0.589789
846 0.504207
847 0.206733
848 0.190995
849 0.080745
850 0.441445
851 0.518796
852 1.536195
853 -0.100213
854 0.196254
855 -0.067226
856 0.079382
857 0.153321
858 0.984767
859 -0.251858
860 0.309809
861 0.343105
862 0.109284
863 0.328033
864 0.281928
865 0.084689
866 0.319952
867 0.350108
868 -0.118780
869 -0.029759
870 0.376127
871 0.258312
872 0.388266
873 -0.134747
874 0.495333
875 -0.035346
876 0.177350
877 0.151685
878 0.094497
879 0.159659
880 0.178682
881 -0.126641
882 -0.096200
883 0.187722
884 0.000434
885 0.531840
886 0.039512
887 0.048664
888 -0.130292
889 0.097983
890 0.198333
891 0.847114
892 -0.011878
893 0.287874
894 0.072688
895 -0.298848
896 0.145903
897 0.183809
898 0.229758
899 0.022862
900 0.282340
901 0.222227
902 -0.013030
903 0.066058
904 -0.100097
905 0.276585
906 -0.152171
907 0.130720
908 -0.088997
909 0.535926
910 0.146822
911 0.114394
912 0.167319
913 0.625255
914 0.281385
915 -0.105596
916 0.022461
917 0.440368
918 0.104276
919 0.116029
920 0.482996
921 0.004716
922 0.391030
923 0.451576
924 -0.015368
925 0.367465
926 0.138465
927 0.363845
928 0.182384
929 0.155883
930 0.187957
931 0.339676
932 0.087245
933 0.194281
934 0.114931
935 0.022442
936 0.114858
937 0.263525
938 0.058998
939 0.215378
940 -0.332857
941 0.290614
942 -0.163555
943 -0.075960
944 0.627293
945 0.144326
946 -0.030551
947 0.402473
948 1.085660
949 0.222769
950 -0.000034
951 0.028393
952 0.365543
953 -0.152341
954 -0.144086
955 0.489048
956 0.797222
957 0.305137
958 0.277192
959 0.094713
960 -0.373682
961 -0.022270
962 0.458697
963 0.348741
964 0.372283
965 -0.164657
966 0.285040
967 -0.214222
968 0.211886
969 -0.110587
970 -0.016792
971 -0.042503
972 0.342077
973 0.300736
974 0.121074
975 0.381774
976 0.588307
977 0.231633
978 0.824892
979 -0.163238
980 0.161513
981 0.338505
982 0.018656
983 0.201527
984 -0.427885
985 0.040150
986 0.041733
987 0.026836
988 -0.171989
989 0.500802
990 0.341172
991 0.232962
992 0.048270
993 0.079076
994 0.091020
995 0.444559
996 0.535662
997 0.002009
998 0.409503
999 0.388778
1000 0.049844
1001 0.529153
1002 0.087738
1003 -0.086912
1004 -0.074482
1005 0.163736
1006 0.522107
1007 0.244261
1008 0.421438
1009 -0.036126
1010 0.154056
1011 -0.169003
1012 0.516753
1013 0.290959
1014 0.530348
1015 0.382288
1016 -0.101995
1017 0.204736
1018 0.303920
1019 0.249988
1020 0.037929
1021 -0.002587
1022 -0.272126
1023 1.012738
1024 0.462396
1025 0.195206
1026 0.220998
1027 0.113533
1028 0.139977
1029 0.305223
1030 0.162629
1031 0.171587
1032 -0.065608
1033 0.174108
1034 0.150637
1035 0.077977
1036 0.305338
1037 -0.304764
1038 0.471122
1039 0.147185
1040 -0.055381
1041 -0.114600
1042 0.186689
1043 -0.020817
1044 0.246368
1045 0.059268
1046 0.146353
1047 -0.189184
1048 0.580899
1049 -0.102202
1050 -0.164107
1051 0.375100
1052 0.164841
1053 0.240832
1054 0.175852
1055 0.394987
1056 -0.324037
1057 -0.295157
1058 0.172643
1059 0.667382
1060 -0.053468
1061 0.494045
1062 -0.081123
1063 0.381738
1064 0.739329
1065 0.973829
1066 0.291230
1067 0.173737
1068 -0.173232
1069 0.204522
1070 -0.051438
1071 0.492729
1072 0.247210
1073 0.615676
1074 0.727641
1075 0.302963
1076 0.517431
1077 0.021315
1078 0.198066
1079 0.306628
1080 0.288677
1081 -0.002306
1082 0.030018
1083 0.393815
1084 -0.183318
1085 0.588638
1086 -0.099597
1087 -0.150000
1088 0.128175
1089 0.085384
1090 0.162707
1091 -0.232768
1092 0.445469
1093 0.573082
1094 0.103737
1095 0.134456
1096 0.243646
1097 0.313855
1098 0.176405
1099 0.527553
1100 0.213306
1101 0.377439
1102 0.290294
1103 0.101254
1104 -0.008200
1105 0.819050
1106 -0.033906
1107 0.130359
1108 0.243948
1109 0.096790
1110 0.360811
1111 0.086688
1112 -0.138878
1113 0.040132
1114 0.153656
1115 0.474930
1116 0.849848
1117 0.351489
1118 0.597688
1119 -0.116425
1120 0.074925
1121 0.413130
1122 -0.071305
1123 0.276198
1124 0.161503
1125 -0.078163
1126 -0.037393
1127 0.066879
1128 0.112646
1129 -0.337943
1130 0.067579
1131 0.204764
1132 0.904640
1133 0.183093
1134 -0.096813
1135 0.067453
1136 0.129285
1137 0.021170
1138 0.778053
1139 0.183913
1140 0.346190
1141 0.214615
1142 0.138577
1143 0.121554
1144 0.424771
1145 0.373594
1146 0.154398
1147 0.227553
1148 0.038211
1149 -0.062716
1150 -0.140837
1151 -0.125575
1152 -0.023518
1153 0.211923
1154 0.158881
1155 0.512863
1156 0.332750
1157 -0.140305
1158 -0.073757
1159 0.531992
1160 -0.036302
1161 -0.059932
1162 0.071491
1163 0.408743
1164 -0.034713
1165 0.192334
1166 -0.210659
1167 -0.249637
1168 0.098799
1169 -0.131400
1170 0.337913
1171 -0.149795
1172 0.058246
1173 -0.316575
1174 0.005025
1175 0.226092
1176 0.700114
1177 0.019966
1178 0.032800
1179 0.073549
1180 -0.150390
1181 0.189482
1182 0.308129
1183 -0.010414
1184 0.257515
1185 0.442406
1186 -0.006729
1187 0.001314
1188 0.394064
1189 -0.080117
1190 -0.061975
1191 0.503909
1192 0.591827
1193 0.491623
1194 0.374961
1195 0.121710
1196 0.353789
1197 0.106578
1198 0.198810
1199 0.266125
1200 0.359423
1201 -0.072140
1202 0.268437
1203 0.159451
1204 0.088858
1205 0.345437
1206 1.097095
1207 0.769649
1208 0.305170
1209 0.030231
1210 -0.197303
1211 0.336406
1212 0.380996
1213 0.828304
1214 0.236246
1215 0.138096
0 -0.834613
1 -0.371377
2 -0.554451
3 -0.242468
4 -0.018867
5 -0.537225
6 -0.511043
7 -0.229962
8 0.409600
9 0.270843
10 -0.095671
11 -0.229244
12 0.253614
13 0.501991
14 0.186735
15 -0.128709
16 0.059903
17 -0.122226
18 -0.020395
19 0.079791
20 0.246268
21 0.128399
22 -0.255665
23 -0.186187
24 0.798763
25 0.775419
26 -0.140945
27 0.133508
28 0.126328
29 -0.118427
30 -0.006238
31 0.713288
32 0.421783
33 0.375709
34 0.469718
35 0.530879
36 0.816130
37 -0.367649
38 0.043886
39 0.229447
40 0.202852
41 -0.046372
42 0.155076
43 -0.252094
44 0.391340
45 0.040411
46 -0.267386
47 -0.124218
48 -0.458757
49 0.134784
50 0.564428
51 0.255885
52 0.012340
53 0.220342
54 0.251223
55 0.441857
56 -0.245860
57 -0.119722
58 0.348897
59 0.298638
60 -0.114063
61 -0.029027
62 0.186953
63 0.041910
64 0.654871
65 0.329130
66 -0.357086
67 -0.171452
68 -0.020069
69 0.420568
70 0.437707
71 0.140587
72 0.020435
73 0.592182
74 0.141699
75 -0.184189
76 0.016764
77 -0.196102
78 -0.010619
79 0.195786
80 0.562378
81 -0.249575
82 -0.110175
83 -0.070851
84 0.074709
85 0.387163
86 0.343904
87 0.432464
88 0.350225
89 0.034622
90 0.189315
91 0.326066
92 0.162408
93 0.131676
94 0.592032
95 -0.307621
96 -0.196898
97 -0.231128
98 0.194535
99 0.853583
100 0.462710
101 0.156254
102 0.268843
103 0.235702
104 0.443554
105 0.324164
106 0.257125
107 0.072840
108 0.282427
109 0.911059
110 0.474060
111 0.635385
112 0.515349
113 -0.005738
114 0.145584
115 -0.236051
116 0.073367
117 0.137190
118 0.275751
119 0.053468
120 0.602388
121 0.229413
122 0.501579
123 0.016159
124 -0.482653
125 0.225263
126 0.004899
127 0.239700
128 0.003557
129 -0.267757
130 -0.208115
131 -0.068712
132 -0.122127
133 0.144097
134 -0.097777
135 -0.050383
136 0.299173
137 0.170921
138 0.029919
139 0.483265
140 0.169046
141 -0.458386
142 -0.240320
143 0.083901
144 -0.301661
145 0.288504
146 0.589649
147 0.799122
148 0.293647
149 -0.163162
150 -0.192937
151 -0.011322
152 0.359612
153 0.090487
154 0.054588
155 0.131512
156 -0.011480
157 -0.103476
158 -0.245045
159 -0.134626
160 0.060466
161 0.234320
162 0.147864
163 -0.284175
164 0.131876
165 0.558475
166 0.088563
167 0.215071
168 0.469212
169 0.181935
170 0.709774
171 0.220143
172 0.222844
173 -0.121150
174 0.042184
175 0.045008
176 0.264541
177 -0.240995
178 0.066015
179 0.249998
180 0.339112
181 0.231695
182 0.443746
183 0.065300
184 0.445289
185 0.717824
186 0.544932
187 0.720742
188 1.152946
189 0.139468
190 0.191541
191 0.255937
192 0.440231
193 0.158921
194 0.713555
195 0.082764
196 -0.077693
197 -0.233624
198 0.434901
199 1.766011
200 0.841036
201 0.937481
202 0.752820
203 0.408875
204 0.333397
205 0.315032
206 1.192219
207 0.421742
208 0.185968
209 1.001605
210 1.011875
211 -0.009040
212 0.047444
213 0.292199
214 0.199635
215 0.701403
216 0.668676
217 0.403150
218 0.101575
219 0.592190
220 0.416427
221 0.251203
222 0.724087
223 0.709080
224 0.087383
225 0.088838
226 0.638925
227 1.579692
228 0.387155
229 -0.019723
230 0.036463
231 0.035519
232 0.205093
233 0.215261
234 0.368457
235 0.314633
236 0.184054
237 0.417012
238 0.244164
239 0.153307
240 0.221246
241 0.214843
242 0.093239
243 0.139559
244 0.133132
245 0.175983
246 0.931302
247 0.232073
248 0.086903
249 0.226045
250 0.386873
251 0.243361
252 0.094233
253 0.128993
254 0.615461
255 0.209376
256 0.353128
257 0.376923
258 0.403083
259 0.667407
260 0.268555
261 0.166081
262 0.212139
263 0.573193
264 0.221260
265 0.301029
266 0.285179
267 1.229338
268 1.104383
269 0.178983
270 0.140172
271 0.037732
272 0.152409
273 0.762489
274 0.353869
275 0.299736
276 0.522174
277 0.320020
278 0.207752
279 0.302323
280 0.771791
281 0.471861
282 0.220767
283 0.081258
284 -0.009359
285 0.553872
286 0.010127
287 0.084721
288 0.301602
289 0.453515
290 0.302958
291 0.242471
292 0.218165
293 0.395157
294 0.571958
295 0.183848
296 0.176697
297 0.025969
298 -0.311001
299 0.134417
300 0.257417
301 0.456145
302 0.184577
303 0.045831
304 0.060606
305 0.274368
306 0.163292
307 0.305213
308 0.162276
309 -0.040751
310 0.074305
311 0.165097
312 0.177404
313 0.909231
314 0.305001
315 0.162485
316 0.147714
317 0.142629
318 0.482169
319 0.179503
320 0.193625
321 0.428885
322 0.270482
323 -0.177421
324 0.012615
325 0.386370
326 0.210527
327 0.157685
328 -0.052934
329 0.134996
330 0.244691
331 0.592010
332 0.197946
333 0.228119
334 0.243755
335 0.089797
336 0.404554
337 0.092808
338 0.324769
339 0.397157
340 0.489347
341 0.082781
342 0.092254
343 0.457531
344 0.364803
345 0.158829
346 0.222866
347 1.015086
348 0.114952
349 0.192163
350 0.205704
351 0.511192
352 0.387591
353 0.158998
354 0.088408
355 0.120897
356 0.359345
357 0.421021
358 0.162756
359 0.388484
360 0.789166
361 -0.008046
362 0.095844
363 0.268739
364 0.436456
365 0.244434
366 0.140806
367 0.076977
368 0.068106
369 0.231176
370 0.179352
371 0.298092
372 1.883984
373 0.393929
374 0.312503
375 0.088438
376 0.116913
377 0.520267
378 0.459576
379 0.154195
380 0.871538
381 0.825675
382 0.720343
383 0.138653
384 0.225589
385 -0.216926
386 0.081465
387 0.232504
388 0.171215
389 0.481698
390 0.600522
391 0.190324
392 0.161232
393 0.264316
394 1.382437
395 0.094768
396 0.045178
397 0.208097
398 0.136892
399 0.179280
400 0.187167
401 0.082669
402 -0.068577
403 0.264038
404 0.409296
405 0.137424
406 0.235620
407 0.454769
408 0.241092
409 0.243778
410 0.230553
411 0.517731
412 0.077115
413 0.061680
414 0.174559
415 0.374664
416 0.030200
417 0.303251
418 0.270747
419 0.152093
420 -0.136366
421 0.200420
422 0.324770
423 0.177364
424 0.623661
425 0.593847
426 1.221856
427 0.248355
428 0.504363
429 0.053918
430 0.136162
431 0.397781
432 0.216245
433 0.460005
434 0.294837
435 1.410323
436 0.333281
437 0.386664
438 0.877597
439 0.491233
440 0.495551
441 0.324989
442 0.940185
443 0.702730
444 0.339360
445 0.492057
446 0.602981
447 0.810975
448 0.486847
449 0.464176
450 0.222101
451 0.140210
452 0.052033
453 0.027382
454 0.306197
455 0.667971
456 0.863991
457 0.407777
458 -0.236498
459 0.242042
460 0.249387
461 0.030689
462 -0.092680
463 0.015239
464 0.236026
465 0.486803
466 0.356950
467 0.565769
468 0.600654
469 0.515065
470 0.583852
471 0.391026
472 0.566284
473 0.232294
474 0.807842
475 0.323447
476 0.310761
477 0.449144
478 0.834974
479 0.674996
480 0.835736
481 0.238834
482 0.248776
483 0.339688
484 0.826363
485 1.111080
486 0.140889
487 0.147301
488 0.296695
489 0.312234
490 0.524597
491 0.175268
492 0.630201
493 0.288676
494 0.655263
495 0.400480
496 0.196261
497 0.027333
498 0.032160
499 0.901723
500 0.772851
501 0.452063
502 0.693899
503 0.456644
504 0.500997
505 0.963946
506 0.567102
507 0.168411
508 -0.035057
509 0.344919
510 0.885977
511 0.701187
512 -0.245750
513 -0.160683
514 -0.242199
515 0.200210
516 0.356132
517 0.193562
518 0.825791
519 0.594535
520 -0.051201
521 0.507183
522 0.726708
523 -0.100024
524 0.025332
525 0.345462
526 -0.112095
527 0.453101
528 0.285182
529 0.099836
530 0.154086
531 0.217219
532 0.138743
533 1.134166
534 1.739321
535 0.114496
536 -0.030794
537 -0.153787
538 -0.134060
539 2.066228
540 2.473751
541 -0.094926
542 -0.277459
543 -0.196076
544 -0.045437
545 0.048230
546 -0.005050
547 0.063004
548 -0.129778
549 -0.268463
550 -0.238419
551 0.169933
552 0.363160
553 0.288830
554 -0.153852
555 -0.056379
556 -0.101415
557 0.040644
558 -0.147206
559 -0.071070
560 0.981967
561 -0.073432
562 -0.037390
563 0.103221
564 0.578874
565 -0.081373
566 -0.148954
567 -0.152443
568 -0.147050
569 -0.079570
570 -0.057975
571 0.030841
572 0.075058
573 -0.365700
574 -0.120828
575 -0.059641
576 0.872162
577 0.266431
578 -0.071249
579 -0.115681
580 -0.093781
581 0.070169
582 -0.155852
583 0.660200
584 -0.204621
585 -0.190846
586 -0.069603
587 -0.499793
588 -0.223855
589 -0.141058
590 -0.070919
591 -0.134297
592 -0.051037
593 -0.035987
594 -0.218280
595 -0.015428
596 0.361734
597 0.039954
598 -0.043451
599 0.134292
600 -0.239617
601 -0.066491
602 -0.104419
603 0.053714
604 0.064697
605 -0.068070
606 -0.122748
607 -0.110965
608 -0.119637
609 -0.079435
610 -0.048456
611 0.069069
612 -0.281525
613 -0.172012
614 -0.196813
615 -0.095221
616 -0.350218
617 -0.052476
618 -0.001868
619 -0.134852
620 -0.041395
621 -0.134053
622 0.017393
623 -0.160351
624 -0.156801
625 -0.077818
626 -0.113651
627 -0.123449
628 -0.307752
629 -0.603089
630 -0.096188
631 -0.114573
632 0.137380
633 0.251428
634 -0.135020
635 -0.222599
636 -0.110145
637 -0.106031
638 0.016935
639 0.177584
640 -0.336503
641 -0.277034
642 -0.244301
643 -0.222133
644 -0.091270
645 -0.028808
646 -0.019514
647 -0.055022
648 -0.240675
649 -0.609564
650 -0.111599
651 0.371234
652 1.367838
653 -0.049920
654 -0.154180
655 -0.396944
656 -0.082291
657 0.093766
658 -0.335926
659 -0.181955
660 0.068587
661 -0.044664
662 0.164881
663 -0.099562
664 0.517192
665 -0.727543
666 -0.718671
667 -0.191968
668 0.203900
669 -0.014933
670 0.346224
671 0.596654
672 -0.355171
673 -0.121032
674 -0.051994
675 0.290280
676 -0.096448
677 -0.039885
678 -0.181444
679 0.542385
680 0.072619
681 -0.243396
682 -0.087285
683 -0.249776
684 -0.027485
685 -0.452998
686 -0.315915
687 -0.248528
688 0.499798
689 0.215509
690 0.178211
691 -0.101216
692 0.121479
693 0.101176
694 -0.040985
695 -0.228457
696 0.038162
697 -0.265921
698 0.112366
699 0.269835
700 0.065766
701 0.358716
702 -0.131990
703 -0.176677
704 0.201635
705 0.216363
706 0.665401
707 1.047342
708 0.046582
709 0.152958
710 0.367911
711 -0.155719
712 0.362377
713 0.259173
714 -0.078649
715 -0.285578
716 -0.353371
717 0.042391
718 0.134110
719 0.125560
720 0.179475
721 0.352254
722 -0.040346
723 0.611681
724 0.216817
725 -0.055425
726 -0.099669
727 -0.027135
728 -0.111336
729 -0.018589
730 0.084387
731 0.413557
732 0.002653
733 -0.327405
734 -0.406534
735 -0.050625
736 0.735368
737 0.041465
738 0.359771
739 -0.206294
740 0.295951
741 0.168832
742 0.380474
743 0.132181
744 -0.058980
745 0.463749
746 0.199262
747 0.320601
748 -0.111921
749 0.264289
750 -0.255784
751 0.269678
752 0.531148
753 0.651726
754 0.089068
755 0.227699
756 0.252750
757 0.256291
758 0.288457
759 0.747411
760 0.139964
761 0.051141
762 0.146032
763 0.019479
764 0.099161
765 0.626931
766 0.101725
767 0.631034
768 0.455312
769 0.077445
770 0.246478
771 0.757970
772 -0.114430
773 0.035603
774 0.299925
775 -0.144376
776 0.160858
777 -0.130844
778 0.495750
779 0.235386
780 -0.212310
781 0.737721
782 0.276690
783 0.241228
784 0.401098
785 0.106622
786 0.176650
787 0.192330
788 0.507431
789 -0.581842
790 0.497750
791 0.009179
792 -0.053448
793 0.053363
794 0.553228
795 -0.013866
796 0.375130
797 -0.290280
798 0.120116
799 0.120040
800 0.188282
801 0.111364
802 0.471387
803 0.156654
804 -0.049977
805 0.356834
806 0.204538
807 0.576554
808 0.598967
809 -0.036230
810 -0.008998
811 0.551021
812 0.202565
813 0.009031
814 0.181356
815 -0.059252
816 -0.064684
817 0.604092
818 0.338217
819 0.276215
820 -0.006035
821 -0.036047
822 -0.242221
823 0.318930
824 -0.404966
825 0.311935
826 0.066436
827 0.651833
828 0.365290
829 0.483297
830 0.335535
831 0.453697
832 -0.448173
833 0.008997
834 -0.080012
835 0.084968
836 -0.182420
837 0.224727
838 0.270846
839 -0.468407
840 -0.059955
841 -0.097723
842 0.438366
843 -0.558822
844 0.139209
845 0.589789
846 0.504207
847 0.206733
848 0.190995
849 0.080745
850 0.441445
851 0.518796
852 1.536195
853 -0.100213
854 0.196254
855 -0.067226
856 0.079382
857 0.153321
858 0.984767
859 -0.251858
860 0.309809
861 0.343105
862 0.109284
863 0.328033
864 0.281928
865 0.084689
866 0.319952
867 0.350108
868 -0.118780
869 -0.029759
870 0.376127
871 0.258312
872 0.388266
873 -0.134747
874 0.495333
875 -0.035346
876 0.177350
877 0.151685
878 0.094497
879 0.159659
880 0.178682
881 -0.126641
882 -0.096200
883 0.187722
884 0.000434
885 0.531840
886 0.039512
887 0.048664
888 -0.130292
889 0.097983
890 0.198333
891 0.847114
892 -0.011878
893 0.287874
894 0.072688
895 -0.298848
896 0.145903
897 0.183809
898 0.229758
899 0.022862
900 0.282340
901 0.222227
902 -0.013030
903 0.066058
904 -0.100097
905 0.276585
906 -0.152171
907 0.130720
908 -0.088997
909 0.535926
910 0.146822
911 0.114394
912 0.167319
913 0.625255
914 0.281385
915 -0.105596
916 0.022461
917 0.440368
918 0.104276
919 0.116029
920 0.482996
921 0.004716
922 0.391030
923 0.451576
924 -0.015368
925 0.367465
926 0.138465
927 0.363845
928 0.182384
929 0.155883
930 0.187957
931 0.339676
932 0.087245
933 0.194281
934 0.114931
935 0.022442
936 0.114858
937 0.263525
938 0.058998
939 0.215378
940 -0.332857
941 0.290614
942 -0.163555
943 -0.075960
944 0.627293
945 0.144326
946 -0.030551
947 0.402473
948 1.085660
949 0.222769
950 -0.000034
951 0.028393
952 0.365543
953 -0.152341
954 -0.144086
955 0.489048
956 0.797222
957 0.305137
958 0.277192
959 0.094713
960 -0.373682
961 -0.022270
962 0.458697
963 0.348741
964 0.372283
965 -0.164657
966 0.285040
967 -0.214222
968 0.211886
969 -0.110587
970 -0.016792
971 -0.042503
972 0.342077
973 0.300736
974 0.121074
975 0.381774
976 0.588307
977 0.231633
978 0.824892
979 -0.163238
980 0.161513
981 0.338505
982 0.018656
983 0.201527
984 -0.427885
985 0.040150
986 0.041733
987 0.026836
988 -0.171989
989 0.500802
990 0.341172
991 0.232962
992 0.048270
993 0.079076
994 0.091020
995 0.444559
996 0.535662
997 0.002009
998 0.409503
999 0.388778
1000 0.049844
1001 0.529153
1002 0.087738
1003 -0.086912
1004 -0.074482
1005 0.163736
1006 0.522107
1007 0.244261
1008 0.421438
1009 -0.036126
1010 0.154056
1011 -0.169003
1012 0.516753
1013 0.290959
1014 0.530348
1015 0.382288
1016 -0.101995
1017 0.204736
1018 0.303920
1019 0.249988
1020 0.037929
1021 -0.002587
1022 -0.272126
1023 1.012738
1024 0.462396
1025 0.195206
1026 0.220998
1027 0.113533
1028 0.139977
1029 0.305223
1030 0.162629
1031 0.171587
1032 -0.065608
1033 0.174108
1034 0.150637
1035 0.077977
1036 0.305338
1037 -0.304764
1038 0.471122
1039 0.147185
1040 -0.055381
1041 -0.114600
1042 0.186689
1043 -0.020817
1044 0.246368
1045 0.059268
1046 0.146353
1047 -0.189184
1048 0.580899
1049 -0.102202
1050 -0.164107
1051 0.375100
1052 0.164841
1053 0.240832
1054 0.175852
1055 0.394987
1056 -0.324037
1057 -0.295157
1058 0.172643
1059 0.667382
1060 -0.053468
1061 0.494045
1062 -0.081123
1063 0.381738
1064 0.739329
1065 0.973829
1066 0.291230
1067 0.173737
1068 -0.173232
1069 0.204522
1070 -0.051438
1071 0.492729
1072 0.247210
1073 0.615676
1074 0.727641
1075 0.302963
1076 0.517431
1077 0.021315
1078 0.198066
1079 0.306628
1080 0.288677
1081 -0.002306
1082 0.030018
1083 0.393815
1084 -0.183318
1085 0.588638
1086 -0.099597
1087 -0.150000
1088 0.128175
1089 0.085384
1090 0.162707
1091 -0.232768
1092 0.445469
1093 0.573082
1094 0.103737
1095 0.134456
1096 0.243646
1097 0.313855
1098 0.176405
1099 0.527553
1100 0.213306
1101 0.377439
1102 0.290294
1103 0.101254
1104 -0.008200
1105 0.819050
1106 -0.033906
1107 0.130359
1108 0.243948
1109 0.096790
1110 0.360811
1111 0.086688
1112 -0.138878
1113 0.040132
1114 0.153656
1115 0.474930
1116 0.849848
1117 0.351489
1118 0.597688
1119 -0.116425
1120 0.074925
1121 0.413130
1122 -0.071305
1123 0.276198
1124 0.161503
1125 -0.078163
1126 -0.037393
1127 0.066879
1128 0.112646
1129 -0.337943
1130 0.067579
1131 0.204764
1132 0.904640
1133 0.183093
1134 -0.096813
1135 0.067453
1136 0.129285
1137 0.021170
1138 0.778053
1139 0.183913
1140 0.346190
1141 0.214615
1142 0.138577
1143 0.121554
1144 0.424771
1145 0.373594
1146 0.154398
1147 0.227553
1148 0.038211
1149 -0.062716
1150 -0.140837
1151 -0.125575
1152 -0.023518
1153 0.211923
1154 0.158881
1155 0.512863
1156 0.332750
1157 -0.140305
1158 -0.073757
1159 0.531992
1160 -0.036302
1161 -0.059932
1162 0.071491
1163 0.408743
1164 -0.034713
1165 0.192334
1166 -0.210659
1167 -0.249637
1168 0.098799
1169 -0.131400
1170 0.337913
1171 -0.149795
1172 0.058246
1173 -0.316575
1174 0.005025
1175 0.226092
1176 0.700114
1177 0.019966
1178 0.032800
1179 0.073549
1180 -0.150390
1181 0.189482
1182 0.308129
1183 -0.010414
1184 0.257515
1185 0.442406
1186 -0.006729
1187 0.001314
1188 0.394064
1189 -0.080117
1190 -0.061975
1191 0.503909
1192 0.591827
1193 0.491623
1194 0.374961
1195 0.121710
1196 0.353789
1197 0.106578
1198 0.198810
1199 0.266125
1200 0.359423
1201 -0.072140
1202 0.268437
1203 0.159451
1204 0.088858
1205 0.345437
1206 1.097095
1207 0.769649
1208 0.305170
1209 0.030231
1210 -0.197303
1211 0.336406
1212 0.380996
1213 0.828304
1214 0.236246
1215 0.138096
0 -0.834613
1 -0.586691
2 -0.791914
3 -0.406697
4 -0.127377
5 -0.072578
6 -0.349051
7 -0.014628
8 0.289329
9 0.449439
10 -0.085877
11 -0.133760
12 0.069634
13 0.156141
14 -0.030612
15 -0.018035
16 0.061754
17 0.069436
18 0.100087
19 0.763967
20 0.034993
21 -0.273348
22 0.023493
23 -0.042238
24 -0.138304
25 -0.008457
26 0.284378
27 -0.250841
28 0.010473
29 0.168992
30 -0.523641
31 0.735484
32 -0.273086
33 -0.045772
34 0.129126
35 0.010812
36 -0.250476
37 0.094690
38 0.041127
39 0.089653
40 0.278388
41 0.189301
42 0.448038
43 -0.019681
44 -0.077715
45 0.126571
46 0.016247
47 0.299349
48 0.640167
49 0.107930
50 0.146677
51 0.297412
52 0.053063
53 -0.226294
54 0.324841
55 -0.139517
56 0.243499
57 -0.103661
58 0.211489
59 -0.091803
60 0.127592
61 -0.250197
62 -0.291176
63 -0.145980
64 -0.016936
65 0.004831
66 0.009948
67 0.019216
68 0.147636
69 -0.066364
70 0.089196
71 -0.055582
72 0.376873
73 -0.188198
74 0.407244
75 -0.216151
76 -0.673296
77 -0.438162
78 -0.461021
79 -0.005386
80 -0.185307
81 -0.213610
82 -0.007599
83 -0.272813
84 -0.116070
85 -0.383883
86 0.161815
87 -0.057497
88 -0.504923
89 -0.246120
90 -0.012360
91 0.173162
92 1.102288
93 1.115078
94 0.233965
95 -0.068881
96 0.282878
97 0.595892
98 0.584389
99 0.185762
100 -0.098183
101 -0.027478
102 -0.175057
103 0.048376
104 -0.072021
105 -0.190066
106 0.104814
107 -0.227095
108 -0.080467
109 -0.513458
110 0.303834
111 0.245555
112 0.493615
113 -0.190634
114 0.443263
115 -0.162903
116 -0.010590
117 0.206488
118 -0.069697
119 -0.066584
120 -0.024534
121 -0.072039
122 -0.036376
123 0.133271
124 -0.137874
125 0.089714
126 0.026635
127 0.061324
128 -0.132582
129 -0.051715
130 -0.043326
131 -0.608212
132 -0.500459
133 0.086214
134 0.010791
135 0.109980
136 0.149158
137 -0.021940
138 -0.476110
139 0.042746
140 0.007889
141 0.867603
142 0.541833
143 0.123598
144 0.004547
145 0.317214
146 -0.012052
147 0.184718
148 -0.118563
149 -0.055400
150 -0.055741
151 0.198941
152 0.151729
153 -0.135449
154 -0.112267
155 -0.174252
156 -0.145295
157 -0.137963
158 0.029300
159 0.011257
160 0.149990
161 -0.155715
162 -0.062070
163 -0.057957
164 0.141746
165 -0.134642
166 0.597267
167 0.090081
168 0.055567
169 0.247717
170 0.931336
171 0.138983
172 -0.441650
173 0.180177
174 -0.091361
175 0.173635
176 -0.283809
177 0.054842
178 0.130590
179 0.120940
180 0.128279
181 -0.160839
182 0.060841
183 0.093273
184 0.218166
185 0.034539
186 -0.178798
187 -0.303383
188 -0.102865
189 -0.081559
190 -0.319219
191 0.353751
192 -0.072175
193 0.039678
194 0.416754
195 0.184453
196 1.135987
197 0.247251
198 -0.170549
199 -0.066547
200 0.154866
201 0.217469
202 -0.395905
203 -0.030157
204 -0.265777
205 -0.459922
206 -0.099181
207 0.058100
208 -0.009339
209 0.083383
210 -0.061616
211 0.465842
212 0.513681
213 0.690629
214 0.201204
215 0.005395
216 0.247819
217 0.165673
218 0.190794
219 0.320902
220 0.627979
221 -0.128635
222 -0.111494
223 0.190969
224 -0.149431
225 0.058425
226 0.567644
227 0.591657
228 0.315681
229 -0.125631
230 0.091122
231 -0.144953
232 -0.226805
233 0.268108
234 -0.030921
235 0.021552
236 -0.186552
237 -0.122865
238 -0.125959
239 -0.237495
240 -0.260593
241 -0.123484
242 -0.079099
243 -0.135437
244 2.017335
245 0.593609
246 0.087731
247 0.326947
248 0.131661
249 0.319930
250 0.054796
251 0.311480
252 0.031110
253 0.175207
254 0.138883
255 -0.272451
256 -0.132471
257 0.121602
258 0.651884
259 0.140842
260 0.096453
261 -0.014033
262 0.399341
263 -0.269561
264 1.929331
265 1.522221
266 0.196546
267 -0.072841
268 0.075134
269 -0.030704
270 0.238092
271 -0.089752
272 0.696701
273 1.616671
274 0.089148
275 -0.255040
276 0.217149
277 0.013145
278 -0.204689
279 0.003730
280 0.356204
281 0.498725
282 -0.062298
283 -0.179926
284 2.515472
285 1.977807
286 0.812963
287 -0.000922
288 -0.020446
289 0.096543
290 0.130006
291 -0.008865
292 -0.346164
293 0.247652
294 0.333920
295 0.030511
296 0.133897
297 0.047014
298 1.583809
299 3.008500
300 -0.053355
301 -0.195521
302 1.098527
303 0.411928
304 0.043984
305 -0.160531
306 0.200986
307 0.265500
308 0.062329
309 0.192035
310 0.126351
311 0.266084
312 0.003045
313 0.046192
314 -0.052381
315 -0.159335
316 0.220187
317 0.044627
318 -0.113493
319 -0.027162
320 0.111160
321 0.218971
322 0.435745
323 -0.186285
324 0.505672
325 0.186987
326 -0.048045
327 -0.116547
328 -0.132953
329 -0.042250
330 -0.062533
331 0.804745
332 -0.063360
333 -0.081406
334 -0.104784
335 0.029080
336 0.182673
337 0.150358
338 -0.051515
339 -0.075762
340 0.843416
341 -0.293037
342 -0.122503
343 -0.095919
344 -0.058519
345 0.270485
346 0.395985
347 0.103023
348 -0.139214
349 -0.092986
350 -0.119179
351 0.479263
352 0.023594
353 -0.035829
354 -0.099929
355 -0.081661
356 -0.008151
357 0.008786
358 0.175760
359 -0.241190
360 0.243966
361 0.611094
362 0.371204
363 0.076074
364 -0.033711
365 0.121804
366 0.173820
367 0.387101
368 0.148929
369 -0.046419
370 1.712943
371 -0.062151
372 -0.044416
373 -0.281391
374 -0.362839
375 0.265034
376 0.272355
377 -0.111107
378 0.151713
379 -0.110328
380 0.127791
381 0.100091
382 -0.028812
383 -0.053677
384 -0.060546
385 0.035613
386 -0.172893
387 0.073529
388 -0.018008
389 -0.055940
390 0.198273
391 -0.299602
392 -0.055900
393 -0.146120
394 -0.200117
395 0.072073
396 -0.216526
397 0.064723
398 0.000269
399 -0.212252
400 0.019828
401 0.123437
402 0.101035
403 0.063882
404 0.845797
405 0.162734
406 0.198032
407 0.076792
408 -0.042041
409 0.018120
410 0.164480
411 0.251523
412 0.262636
413 0.089137
414 -0.219908
415 0.168068
416 -0.036196
417 0.078362
418 0.073495
419 0.061743
420 -0.099214
421 0.297708
422 -0.082225
423 0.069436
424 0.172342
425 -0.057707
426 0.170945
427 0.084248
428 -0.163025
429 0.162386
430 0.168687
431 -0.353155
432 -0.074904
433 0.213276
434 0.164428
435 -0.074100
436 -0.150105
437 -0.030112
438 0.138220
439 0.223765
440 -0.016065
441 0.019884
442 -0.224915
443 0.127611
444 0.365733
445 -0.364632
446 0.019210
447 -0.095241
448 0.079239
449 0.409460
450 0.231556
451 0.014337
452 0.122653
453 0.036358
454 -0.115098
455 0.071681
456 -0.132068
457 -0.301045
458 0.027802
459 -0.053213
460 -0.188877
461 -0.116556
462 0.031721
463 0.041014
464 -0.048506
465 0.017572
466 -0.144698
467 -0.078245
468 -0.134848
469 -0.160856
470 0.047579
471 -0.105389
472 -0.208197
473 -0.248601
474 -0.022384
475 -0.175596
476 -0.142392
477 -0.145751
478 0.048066
479 0.527967
480 0.241547
481 0.026648
482 -0.242311
483 -0.217719
484 -0.099873
485 -0.106170
486 -0.108728
487 -0.043320
488 -0.133387
489 -0.012781
490 -0.006940
491 -0.158613
492 0.263820
493 -0.100665
494 0.070805
495 0.121740
496 0.020905
497 -0.106562
498 -0.044621
499 -0.026898
500 0.071737
501 -0.014127
502 -0.171191
503 0.043633
504 -0.008813
505 -0.091312
506 -0.079292
507 -0.140490
508 0.000584
509 -0.015292
510 -0.272405
511 0.651375
512 -0.119842
513 0.051149
514 -0.000882
515 -0.141536
516 -0.199703
517 -0.070142
518 -0.014860
519 -0.284249
520 -0.180991
521 0.045259
522 -0.158349
523 -0.046760
524 -0.045795
525 -0.102916
526 -0.288282
527 0.071460
528 -0.087232
529 -0.056477
530 0.018367
531 -0.082787
532 -0.022646
533 -0.055444
534 0.172708
535 0.119733
536 0.013901
537 -0.074089
538 0.045302
539 1.585086
540 0.531982
541 0.620616
542 0.010647
543 -0.127503
544 -0.006163
545 -0.208862
546 -0.118752
547 -0.079383
548 -0.037208
549 -0.227511
550 0.138299
551 -0.081795
552 0.131239
553 0.220974
554 0.456075
555 -0.197293
556 -0.157482
557 -0.038138
558 0.085592
559 -0.126293
560 -0.104031
561 -0.082489
562 -0.220200
563 -0.107116
564 -0.005899
565 -0.136172
566 0.025220
567 -0.015442
568 0.260747
569 -0.085518
570 0.007236
571 -0.094451
572 -0.016216
573 -0.124668
574 -0.251311
575 -0.264407
576 0.095328
577 -0.029676
578 -0.198587
579 0.259991
580 0.041160
581 -0.588013
582 -0.308750
583 -0.143454
584 0.342870
585 0.391188
586 -0.321423
587 0.145517
588 0.361393
589 -0.272127
590 -0.051394
591 0.103101
592 0.183214
593 1.283962
594 0.060980
595 0.233315
596 -0.197340
597 0.127793
598 0.156215
599 -0.256188
600 0.255563
601 0.160829
602 0.398525
603 0.202366
604 0.098971
605 -0.314944
606 0.310165
607 -0.333642
608 -0.161017
609 0.303761
610 0.009460
611 0.593320
612 0.748342
613 0.197336
614 0.714091
615 1.281311
616 0.039511
617 0.202439
618 -0.381716
619 -0.092913
620 0.235325
621 0.363370
622 0.252773
623 0.238025
624 0.310127
625 0.283352
626 0.315927
627 0.047901
628 0.263304
629 -0.008959
630 0.917528
631 0.002540
632 0.333423
633 0.195020
634 0.251744
635 -0.159470
636 0.236828
637 0.794140
638 0.115961
639 0.356944
640 0.587580
641 0.152697
642 0.052042
643 0.195760
644 -0.187223
645 0.235957
646 0.262275
647 0.916242
648 0.171133
649 0.353019
650 0.184366
651 0.278096
652 0.259764
653 0.251106
654 -0.040300
655 0.072666
656 -0.042949
657 0.230565
658 -0.054328
659 -0.281787
660 0.498847
661 0.156470
662 0.348530
663 -0.149177
664 0.557198
665 0.668327
666 -0.143845
667 0.161002
668 -0.153346
669 0.618362
670 0.191591
671 0.491252
672 0.091482
673 -0.097619
674 0.054947
675 -0.059932
676 0.393888
677 0.032801
678 -0.281947
679 0.723340
680 0.419064
681 -0.045106
682 0.383853
683 0.198914
684 -0.190880
685 -0.410993
686 -0.188478
687 0.016165
688 0.347600
689 -0.270544
690 0.006356
691 0.123333
692 0.366993
693 0.383664
694 0.124703
695 0.465019
696 0.201018
697 1.009913
698 0.028567
699 0.160172
700 0.823590
701 0.173932
702 -0.106482
703 0.219250
704 0.434965
705 0.065749
706 0.311203
707 0.316610
708 0.219758
709 0.459414
710 0.604712
711 0.172283
712 -0.024974
713 0.140295
714 1.002122
715 -0.259239
716 0.263147
717 0.011490
718 -0.242838
719 0.634596
720 0.542491
721 0.194201
722 -0.161337
723 -0.157924
724 0.351908
725 -0.262105
726 0.143608
727 0.250573
728 0.064555
729 0.084950
730 0.432947
731 0.183093
732 0.161648
733 0.080497
734 0.297630
735 0.498556
736 0.578491
737 0.628655
738 0.142719
739 0.621504
740 0.118136
741 0.297895
742 0.480100
743 0.240506
744 0.720143
745 -0.039597
746 -0.231279
747 -0.252935
748 0.167832
749 0.012302
750 0.092505
751 -0.040577
752 0.130923
753 0.256491
754 0.040008
755 0.183522
756 0.175109
757 0.273172
758 0.015971
759 0.405945
760 0.303926
761 1.142511
762 0.180591
763 -0.032786
764 -0.049236
765 0.192615
766 0.194613
767 0.233197
768 0.587514
769 0.225647
770 0.400007
771 0.089762
772 0.385770
773 0.054768
774 0.427497
775 0.323188
776 0.378403
777 0.314842
778 0.301835
779 0.003239
780 0.191002
781 0.090315
782 0.223892
783 0.248237
784 0.399997
785 -0.268722
786 0.358563
787 -0.503896
788 0.292661
789 0.593872
790 0.464021
791 0.382749
792 0.377895
793 0.201996
794 -0.148076
795 -0.003285
796 0.362917
797 0.585114
798 0.812094
799 -0.290786
800 0.300528
801 0.221311
802 0.322190
803 0.017248
804 0.284560
805 -0.468441
806 0.450267
807 -0.546150
808 0.138828
809 0.288156
810 0.208623
811 0.434712
812 0.418638
813 0.362826
814 0.310088
815 0.278967
816 0.243969
817 -0.022068
818 0.206905
819 0.027855
820 -0.095575
821 0.298814
822 0.100811
823 0.409828
824 0.159626
825 -0.021633
826 0.570350
827 0.169808
828 0.295961
829 -0.027687
830 0.000175
831 -0.000704
832 0.449556
833 -0.047095
834 -0.111695
835 0.283795
836 -0.104253
837 0.068503
838 -0.501656
839 0.014525
840 0.339352
841 -0.138224
842 -0.153335
843 0.953364
844 0.625448
845 0.036335
846 -0.051288
847 0.041898
848 0.081649
849 0.190121
850 -0.043509
851 0.327139
852 0.462297
853 0.537269
854 0.004746
855 0.191659
856 0.008261
857 0.538771
858 0.594802
859 0.401908
860 0.315110
861 0.275312
862 0.181124
863 0.192926
864 0.668585
865 0.275849
866 -0.171331
867 0.468108
868 0.463136
869 0.254454
870 0.748816
871 0.445781
872 0.137982
873 0.199796
874 0.306364
875 0.281238
876 -0.256185
877 0.471270
878 0.214887
879 -0.159895
880 -0.014026
881 0.466602
882 0.200401
883 0.163682
884 -0.062589
885 0.435066
886 0.020319
887 0.286247
888 0.429258
889 0.629166
890 -0.143625
891 -0.413839
892 0.759498
893 0.301950
894 -0.068489
895 -0.281267
896 0.476269
897 -0.231127
898 0.098898
899 -0.010967
900 0.057860
901 0.692350
902 0.117865
903 0.066453
904 0.080078
905 0.290614
906 0.237819
907 -0.038578
908 -0.166807
909 0.872924
910 0.640235
911 0.165770
912 0.237455
913 -0.155507
914 0.232720
915 0.002179
916 0.486555
917 0.134434
918 0.749624
919 0.389674
920 0.300965
921 0.368420
922 0.218401
923 0.632469
924 -0.327161
925 0.394842
926 0.361452
927 0.043822
928 0.188764
929 0.000566
930 -0.207799
931 -0.090819
932 0.530569
933 -0.045199
934 0.269675
935 -0.032670
936 0.361275
937 -0.187630
938 0.008862
939 0.216064
940 0.662786
941 0.367353
942 0.111795
943 0.485032
944 0.316241
945 0.811500
946 -0.181386
947 -0.141507
948 -0.213728
949 0.274343
950 0.331777
951 0.231049
952 0.069032
953 0.102301
954 0.191183
955 -0.043516
956 -0.060505
957 0.226007
958 -0.074822
959 0.289877
960 0.949972
961 0.034597
962 0.356454
963 -0.138146
964 -0.049617
965 0.321969
966 0.421754
967 0.563397
968 0.058413
969 0.415213
970 0.254342
971 0.703655
972 -0.142796
973 0.015895
974 -0.659929
975 0.289778
976 0.307144
977 0.213703
978 -0.067951
979 0.157799
980 -0.050707
981 -0.140999
982 -0.014881
983 0.318391
984 0.174703
985 0.223923
986 0.152088
987 -0.094194
988 -0.128204
989 0.450143
990 0.235706
991 0.107057
992 0.183796
993 0.427461
994 0.160446
995 0.147823
996 -0.028302
997 0.149230
998 0.305182
999 0.236590
1000 0.205817
1001 0.181651
1002 -0.098217
1003 0.211699
1004 0.257379
1005 -0.389980
1006 0.078298
1007 -0.065025
1008 0.529344
1009 0.837398
1010 -0.159243
1011 0.217536
1012 0.084956
1013 0.634045
1014 -0.190400
1015 -0.132771
1016 0.435499
1017 0.471876
1018 0.645782
1019 -0.400322
1020 0.003757
1021 0.508441
1022 0.384015
1023 0.336124
1024 0.846185
1025 0.241030
1026 0.443370
1027 -0.091017
1028 0.442349
1029 -0.272517
1030 -0.119555
1031 0.198398
1032 0.260574
1033 0.632580
1034 0.418587
1035 0.226724
1036 0.404167
1037 0.188045
1038 0.117709
1039 0.037770
1040 -0.037533
1041 0.072173
1042 -0.057722
1043 0.143591
1044 0.185501
1045 0.265768
1046 0.198412
1047 0.246787
1048 0.025911
1049 0.098430
1050 0.314418
1051 0.622486
1052 0.284346
1053 0.561659
1054 0.355852
1055 0.087691
1056 0.055239
1057 0.062461
1058 -0.080253
1059 0.395975
1060 0.458614
1061 0.469071
1062 0.045781
1063 0.110713
1064 0.064525
1065 0.006679
1066 0.071151
1067 0.496369
1068 -0.382259
1069 0.422029
1070 -0.015765
1071 -0.107966
1072 0.057991
1073 -0.060808
1074 0.114090
1075 0.384175
1076 -0.184585
1077 0.142151
1078 0.146878
1079 0.448779
1080 0.083528
1081 0.475143
1082 -0.012772
1083 0.045679
1084 0.029897
1085 -0.332143
1086 0.407567
1087 -0.000031
1088 0.509022
1089 0.697599
1090 0.315825
1091 0.599138
1092 0.363496
1093 0.619585
1094 0.411663
1095 0.152072
1096 0.312456
1097 -0.916504
1098 0.073194
1099 -0.037966
1100 0.077251
1101 0.234592
1102 0.479007
1103 0.303655
1104 -0.073492
1105 -0.174113
1106 0.195100
1107 0.131452
1108 0.033403
1109 -0.155845
1110 0.283963
1111 0.604834
1112 0.259119
1113 0.149181
1114 0.185827
1115 0.179918
1116 -0.012418
1117 0.182077
1118 0.146283
1119 0.245346
1120 0.354550
1121 0.010195
1122 0.232643
1123 0.212306
1124 0.360837
1125 0.288721
1126 -0.050035
1127 0.009647
1128 0.442056
1129 0.059791
1130 0.868831
1131 0.586014
1132 0.428403
1133 0.047989
1134 0.193605
1135 1.672768
1136 1.705155
1137 0.816507
1138 0.693309
1139 0.016106
1140 -0.234520
1141 -0.205040
1142 -0.078396
1143 0.268065
1144 0.106429
1145 -0.029767
1146 0.477797
1147 0.331791
1148 0.053900
1149 0.224688
1150 0.279308
1151 1.122011
1152 0.015927
1153 0.459363
1154 0.608939
1155 0.568530
1156 1.526145
1157 0.293702
1158 -0.054153
1159 -0.248773
1160 0.383108
1161 0.320994
1162 0.236668
1163 0.286409
1164 0.867081
1165 0.532707
1166 0.362826
1167 0.400318
1168 0.165070
1169 0.891658
1170 0.143288
1171 0.384228
1172 0.305514
1173 0.238478
1174 0.931794
1175 0.661529
1176 -0.008389
1177 0.787808
1178 0.746430
1179 0.449455
1180 0.953899
1181 0.409965
1182 0.315796
1183 0.130196
1184 -0.104627
1185 0.245617
1186 0.558497
1187 0.415836
1188 0.405277
1189 1.080341
1190 0.483936
1191 0.114875
1192 0.037722
1193 0.507084
1194 -0.110133
1195 0.222212
1196 0.210593
1197 0.291088
1198 0.479657
1199 0.261380
1200 0.237822
1201 0.024915
1202 -0.037664
1203 0.105324
1204 0.631779
1205 -0.422531
1206 0.462216
1207 0.279921
1208 0.411477
1209 0.389032
1210 0.090738
1211 0.787687
1212 0.479216
1213 -0.225514
1214 -0.129344
1215 0.076930
1216 0.266549
1217 0.185055
1218 0.708814
1219 0.663856
1220 0.346994
1221 0.127106
1222 0.086201
1223 0.052540
0 -0.834613
1 -0.586691
2 -0.791914
3 -0.406697
4 -0.127377
5 -0.072578
6 -0.349051
7 -0.014628
8 0.289329
9 0.449439
10 -0.085877
11 -0.133760
12 0.069634
13 0.156141
14 -0.030612
15 -0.018035
16 0.061754
17 0.069436
18 0.100087
19 0.763967
20 0.034993
21 -0.273348
22 0.023493
23 -0.042238
24 -0.138304
25 -0.008457
26 0.284378
27 -0.250841
28 0.010473
29 0.168992
30 -0.523641
31 0.735484
32 -0.273086
33 -0.045772
34 0.129126
35 0.010812
36 -0.250476
37 0.094690
38 0.041127
39 0.089653
40 0.278388
41 0.189301
42 0.448038
43 -0.019681
44 -0.077715
45 0.126571
46 0.016247
47 0.299349
48 0.640167
49 0.107930
50 0.146677
51 0.297412
52 0.053063
53 -0.226294
54 0.324841
55 -0.139517
56 0.243499
57 -0.103661
58 0.211489
59 -0.091803
60 0.127592
61 -0.250197
62 -0.291176
63 -0.145980
64 -0.016936
65 0.004831
66 0.009948
67 0.019216
68 0.147636
69 -0.066364
70 0.089196
71 -0.055582
72 0.376873
73 -0.188198
74 0.407244
75 -0.216151
76 -0.673296
77 -0.438162
78 -0.461021
79 -0.005386
80 -0.185307
81 -0.213610
82 -0.007599
83 -0.272813
84 -0.116070
85 -0.383883
86 0.161815
87 -0.057497
88 -0.504923
89 -0.246120
90 -0.012360
91 0.173162
92 1.102288
93 1.115078
94 0.233965
95 -0.068881
96 0.282878
97 0.595892
98 0.584389
99 0.185762
100 -0.098183
101 -0.027478
102 -0.175057
103 0.048376
104 -0.072021
105 -0.190066
106 0.104814
107 -0.227095
108 -0.080467
109 -0.513458
110 0.303834
111 0.245555
112 0.493615
113 -0.190634
114 0.443263
115 -0.162903
116 -0.010590
117 0.206488
118 -0.069697
119 -0.066584
120 -0.024534
121 -0.072039
122 -0.036376
123 0.133271
124 -0.137874
125 0.089714
126 0.026635
127 0.061324
128 -0.132582
129 -0.051715
130 -0.043326
131 -0.608212
132 -0.500459
133 0.086214
134 0.010791
135 0.109980
136 0.149158
137 -0.021940
138 -0.476110
139 0.042746
140 0.007889
141 0.867603
142 0.541833
143 0.123598
144 0.004547
145 0.317214
146 -0.012052
147 0.184718
148 -0.118563
149 -0.055400
150 -0.055741
151 0.198941
152 0.151729
153 -0.135449
154 -0.112267
155 -0.174252
156 -0.145295
157 -0.137963
158 0.029300
159 0.011257
160 0.149990
161 -0.155715
162 -0.062070
163 -0.057957
164 0.141746
165 -0.134642
166 0.597267
167 0.090081
168 0.055567
169 0.247717
170 0.931336
171 0.138983
172 -0.441650
173 0.180177
174 -0.091361
175 0.173635
176 -0.283809
177 0.054842
178 0.130590
179 0.120940
180 0.128279
181 -0.160839
182 0.060841
183 0.093273
184 0.218166
185 0.034539
186 -0.178798
187 -0.303383
188 -0.102865
189 -0.081559
190 -0.319219
191 0.353751
192 -0.072175
193 0.039678
194 0.416754
195 0.184453
196 1.135987
197 0.247251
198 -0.170549
199 -0.066547
200 0.154866
201 0.217469
202 -0.395905
203 -0.030157
204 -0.265777
205 -0.459922
206 -0.099181
207 0.058100
208 -0.009339
209 0.083383
210 -0.061616
211 0.465842
212 0.513681
213 0.690629
214 0.201204
215 0.005395
216 0.247819
217 0.165673
218 0.190794
219 0.320902
220 0.627979
221 -0.128635
222 -0.111494
223 0.190969
224 -0.149431
225 0.058425
226 0.567644
227 0.591657
228 0.315681
229 -0.125631
230 0.091122
231 -0.144953
232 -0.226805
233 0.268108
234 -0.030921
235 0.021552
236 -0.186552
237 -0.122865
238 -0.125959
239 -0.237495
240 -0.260593
241 -0.123484
242 -0.079099
243 -0.135437
244 2.017335
245 0.593609
246 0.087731
247 0.326947
248 0.131661
249 0.319930
250 0.054796
251 0.311480
252 0.031110
253 0.175207
254 0.138883
255 -0.272451
256 -0.132471
257 0.121602
258 0.651884
259 0.140842
260 0.096453
261 -0.014033
262 0.399341
263 -0.269561
264 1.929331
265 1.522221
266 0.196546
267 -0.072841
268 0.075134
269 -0.030704
270 0.238092
271 -0.089752
272 0.696701
273 1.616671
274 0.089148
275 -0.255040
276 0.217149
277 0.013145
278 -0.204689
279 0.003730
280 0.356204
281 0.498725
282 -0.062298
283 -0.179926
284 2.515472
285 1.977807
286 0.812963
287 -0.000922
288 -0.020446
289 0.096543
290 0.130006
291 -0.008865
292 -0.346164
293 0.247652
294 0.333920
295 0.030511
296 0.133897
297 0.047014
298 1.583809
299 3.008500
300 -0.053355
301 -0.195521
302 1.098527
303 0.411928
304 0.043984
305 -0.160531
306 0.200986
307 0.265500
308 0.062329
309 0.192035
310 0.126351
311 0.266084
312 0.003045
313 0.046192
314 -0.052381
315 -0.159335
316 0.220187
317 0.044627
318 -0.113493
319 -0.027162
320 0.111160
321 0.218971
322 0.435745
323 -0.186285
324 0.505672
325 0.186987
326 -0.048045
327 -0.116547
328 -0.132953
329 -0.042250
330 -0.062533
331 0.804745
332 -0.063360
333 -0.081406
334 -0.104784
335 0.029080
336 0.182673
337 0.150358
338 -0.051515
339 -0.075762
340 0.843416
341 -0.293037
342 -0.122503
343 -0.095919
344 -0.058519
345 0.270485
346 0.395985
347 0.103023
348 -0.139214
349 -0.092986
350 -0.119179
351 0.479263
352 0.023594
353 -0.035829
354 -0.099929
355 -0.081661
356 -0.008151
357 0.008786
358 0.175760
359 -0.241190
360 0.243966
361 0.611094
362 0.371204
363 0.076074
364 -0.033711
365 0.121804
366 0.173820
367 0.387101
368 0.148929
369 -0.046419
370 1.712943
371 -0.062151
372 -0.044416
373 -0.281391
374 -0.362839
375 0.265034
376 0.272355
377 -0.111107
378 0.151713
379 -0.110328
380 0.127791
381 0.100091
382 -0.028812
383 -0.053677
384 -0.060546
385 0.035613
386 -0.172893
387 0.073529
388 -0.018008
389 -0.055940
390 0.198273
391 -0.299602
392 -0.055900
393 -0.146120
394 -0.200117
395 0.072073
396 -0.216526
397 0.064723
398 0.000269
399 -0.212252
400 0.019828
401 0.123437
402 0.101035
403 0.063882
404 0.845797
405 0.162734
406 0.198032
407 0.076792
408 -0.042041
409 0.018120
410 0.164480
411 0.251523
412 0.262636
413 0.089137
414 -0.219908
415 0.168068
416 -0.036196
417 0.078362
418 0.073495
419 0.061743
420 -0.099214
421 0.297708
422 -0.082225
423 0.069436
424 0.172342
425 -0.057707
426 0.170945
427 0.084248
428 -0.163025
429 0.162386
430 0.168687
431 -0.353155
432 -0.074904
433 0.213276
434 0.164428
435 -0.074100
436 -0.150105
437 -0.030112
438 0.138220
439 0.223765
440 -0.016065
441 0.019884
442 -0.224915
443 0.127611
444 0.365733
445 -0.364632
446 0.019210
447 -0.095241
448 0.079239
449 0.409460
450 0.231556
451 0.014337
452 0.122653
453 0.036358
454 -0.115098
455 0.071681
456 -0.132068
457 -0.301045
458 0.027802
459 -0.053213
460 -0.188877
461 -0.116556
462 0.031721
463 0.041014
464 -0.048506
465 0.017572
466 -0.144698
467 -0.078245
468 -0.134848
469 -0.160856
470 0.047579
471 -0.105389
472 -0.208197
473 -0.248601
474 -0.022384
475 -0.175596
476 -0.142392
477 -0.145751
478 0.048066
479 0.527967
480 0.241547
481 0.026648
482 -0.242311
483 -0.217719
484 -0.099873
485 -0.106170
486 -0.108728
487 -0.043320
488 -0.133387
489 -0.012781
490 -0.006940
491 -0.158613
492 0.263820
493 -0.100665
494 0.070805
495 0.121740
496 0.020905
497 -0.106562
498 -0.044621
499 -0.026898
500 0.071737
501 -0.014127
502 -0.171191
503 0.043633
504 -0.008813
505 -0.091312
506 -0.079292
507 -0.140490
508 0.000584
509 -0.015292
510 -0.272405
511 0.651375
512 -0.119842
513 0.051149
514 -0.000882
515 -0.141536
516 -0.199703
517 -0.070142
518 -0.014860
519 -0.284249
520 -0.180991
521 0.045259
522 -0.158349
523 -0.046760
524 -0.045795
525 -0.102916
526 -0.288282
527 0.071460
528 -0.087232
529 -0.056477
530 0.018367
531 -0.082787
532 -0.022646
533 -0.055444
534 0.172708
535 0.119733
536 0.013901
537 -0.074089
538 0.045302
539 1.585086
540 0.531982
541 0.620616
542 0.010647
543 -0.127503
544 -0.006163
545 -0.208862
546 -0.118752
547 -0.079383
548 -0.037208
549 -0.227511
550 0.138299
551 -0.081795
552 0.131239
553 0.220974
554 0.456075
555 -0.197293
556 -0.157482
557 -0.038138
558 0.085592
559 -0.126293
560 -0.104031
561 -0.082489
562 -0.220200
563 -0.107116
564 -0.005899
565 -0.136172
566 0.025220
567 -0.015442
568 0.260747
569 -0.085518
570 0.007236
571 -0.094451
572 -0.016216
573 -0.124668
574 -0.251311
575 -0.264407
576 0.095328
577 -0.029676
578 -0.198587
579 0.259991
580 0.041160
581 -0.588013
582 -0.308750
583 -0.143454
584 0.342870
585 0.391188
586 -0.321423
587 0.145517
588 0.361393
589 -0.272127
590 -0.051394
591 0.103101
592 0.183214
593 1.283962
594 0.060980
595 0.233315
596 -0.197340
597 0.127793
598 0.156215
599 -0.256188
600 0.255563
601 0.160829
602 0.398525
603 0.202366
604 0.098971
605 -0.314944
606 0.310165
607 -0.333642
608 -0.161017
609 0.303761
610 0.009460
611 0.593320
612 0.748342
613 0.197336
614 0.714091
615 1.281311
616 0.039511
617 0.202439
618 -0.381716
619 -0.092913
620 0.235325
621 0.363370
622 0.252773
623 0.238025
624 0.310127
625 0.283352
626 0.315927
627 0.047901
628 0.263304
629 -0.008959
630 0.917528
631 0.002540
632 0.333423
633 0.195020
634 0.251744
635 -0.159470
636 0.236828
637 0.794140
638 0.115961
639 0.356944
640 0.587580
641 0.152697
642 0.052042
643 0.195760
644 -0.187223
645 0.235957
646 0.262275
647 0.916242
648 0.171133
649 0.353019
650 0.184366
651 0.278096
652 0.259764
653 0.251106
654 -0.040300
655 0.072666
656 -0.042949
657 0.230565
658 -0.054328
659 -0.281787
660 0.498847
661 0.156470
662 0.348530
663 -0.149177
664 0.557198
665 0.668327
666 -0.143845
667 0.161002
668 -0.153346
669 0.618362
670 0.191591
671 0.491252
672 0.091482
673 -0.097619
674 0.054947
675 -0.059932
676 0.393888
677 0.032801
678 -0.281947
679 0.723340
680 0.419064
681 -0.045106
682 0.383853
683 0.198914
684 -0.190880
685 -0.410993
686 -0.188478
687 0.016165
688 0.347600
689 -0.270544
690 0.006356
691 0.123333
692 0.366993
693 0.383664
694 0.124703
695 0.465019
696 0.201018
697 1.009913
698 0.028567
699 0.160172
700 0.823590
701 0.173932
702 -0.106482
703 0.219250
704 0.434965
705 0.065749
706 0.311203
707 0.316610
708 0.219758
709 0.459414
710 0.604712
711 0.172283
712 -0.024974
713 0.140295
714 1.002122
715 -0.259239
716 0.263147
717 0.011490
718 -0.242838
719 0.634596
720 0.542491
721 0.194201
722 -0.161337
723 -0.157924
724 0.351908
725 -0.262105
726 0.143608
727 0.250573
728 0.064555
729 0.084950
730 0.432947
731 0.183093
732 0.161648
733 0.080497
734 0.297630
735 0.498556
736 0.578491
737 0.628655
738 0.142719
739 0.621504
740 0.118136
741 0.297895
742 0.480100
743 0.240506
744 0.720143
745 -0.039597
746 -0.231279
747 -0.252935
748 0.167832
749 0.012302
750 0.092505
751 -0.040577
752 0.130923
753 0.256491
754 0.040008
755 0.183522
756 0.175109
757 0.273172
758 0.015971
759 0.405945
760 0.303926
761 1.142511
762 0.180591
763 -0.032786
764 -0.049236
765 0.192615
766 0.194613
767 0.233197
768 0.587514
769 0.225647
770 0.400007
771 0.089762
772 0.385770
773 0.054768
774 0.427497
775 0.323188
776 0.378403
777 0.314842
778 0.301835
779 0.003239
780 0.191002
781 0.090315
782 0.223892
783 0.248237
784 0.399997
785 -0.268722
786 0.358563
787 -0.503896
788 0.292661
789 0.593872
790 0.464021
791 0.382749
792 0.377895
793 0.201996
794 -0.148076
795 -0.003285
796 0.362917
797 0.585114
798 0.812094
799 -0.290786
800 0.300528
801 0.221311
802 0.322190
803 0.017248
804 0.284560
805 -0.468441
806 0.450267
807 -0.546150
808 0.138828
809 0.288156
810 0.208623
811 0.434712
812 0.418638
813 0.362826
814 0.310088
815 0.278967
816 0.243969
817 -0.022068
818 0.206905
819 0.027855
820 -0.095575
821 0.298814
822 0.100811
823 0.409828
824 0.159626
825 -0.021633
826 0.570350
827 0.169808
828 0.295961
829 -0.027687
830 0.000175
831 -0.000704
832 0.449556
833 -0.047095
834 -0.111695
835 0.283795
836 -0.104253
837 0.068503
838 -0.501656
839 0.014525
840 0.339352
841 -0.138224
842 -0.153335
843 0.953364
844 0.625448
845 0.036335
846 -0.051288
847 0.041898
848 0.081649
849 0.190121
850 -0.043509
851 0.327139
852 0.462297
853 0.537269
854 0.004746
855 0.191659
856 0.008261
857 0.538771
858 0.594802
859 0.401908
860 0.315110
861 0.275312
862 0.181124
863 0.192926
864 0.668585
865 0.275849
866 -0.171331
867 0.468108
868 0.463136
869 0.254454
870 0.748816
871 0.445781
872 0.137982
873 0.199796
874 0.306364
875 0.281238
876 -0.256185
877 0.471270
878 0.214887
879 -0.159895
880 -0.014026
881 0.466602
882 0.200401
883 0.163682
884 -0.062589
885 0.435066
886 0.020319
887 0.286247
888 0.429258
889 0.629166
890 -0.143625
891 -0.413839
892 0.759498
893 0.301950
894 -0.068489
895 -0.281267
896 0.476269
897 -0.231127
898 0.098898
899 -0.010967
900 0.057860
901 0.692350
902 0.117865
903 0.066453
904 0.080078
905 0.290614
906 0.237819
907 -0.038578
908 -0.166807
909 0.872924
910 0.640235
911 0.165770
912 0.237455
913 -0.155507
914 0.232720
915 0.002179
916 0.486555
917 0.134434
918 0.749624
919 0.389674
920 0.300965
921 0.368420
922 0.218401
923 0.632469
924 -0.327161
925 0.394842
926 0.361452
927 0.043822
928 0.188764
929 0.000566
930 -0.207799
931 -0.090819
932 0.530569
933 -0.045199
934 0.269675
935 -0.032670
936 0.361275
937 -0.187630
938 0.008862
939 0.216064
940 0.662786
941 0.367353
942 0.111795
943 0.485032
944 0.316241
945 0.811500
946 -0.181386
947 -0.141507
948 -0.213728
949 0.274343
950 0.331777
951 0.231049
952 0.069032
953 0.102301
954 0.191183
955 -0.043516
956 -0.060505
957 0.226007
958 -0.074822
959 0.289877
960 0.949972
961 0.034597
962 0.356454
963 -0.138146
964 -0.049617
965 0.321969
966 0.421754
967 0.563397
968 0.058413
969 0.415213
970 0.254342
971 0.703655
972 -0.142796
973 0.015895
974 -0.659929
975 0.289778
976 0.307144
977 0.213703
978 -0.067951
979 0.157799
980 -0.050707
981 -0.140999
982 -0.014881
983 0.318391
984 0.174703
985 0.223923
986 0.152088
987 -0.094194
988 -0.128204
989 0.450143
990 0.235706
991 0.107057
992 0.183796
993 0.427461
994 0.160446
995 0.147823
996 -0.028302
997 0.149230
998 0.305182
999 0.236590
1000 0.205817
1001 0.181651
1002 -0.098217
1003 0.211699
1004 0.257379
1005 -0.389980
1006 0.078298
1007 -0.065025
1008 0.529344
1009 0.837398
1010 -0.159243
1011 0.217536
1012 0.084956
1013 0.634045
1014 -0.190400
1015 -0.132771
1016 0.435499
1017 0.471876
1018 0.645782
1019 -0.400322
1020 0.003757
1021 0.508441
1022 0.384015
1023 0.336124
1024 0.846185
1025 0.241030
1026 0.443370
1027 -0.091017
1028 0.442349
1029 -0.272517
1030 -0.119555
1031 0.198398
1032 0.260574
1033 0.632580
1034 0.418587
1035 0.226724
1036 0.404167
1037 0.188045
1038 0.117709
1039 0.037770
1040 -0.037533
1041 0.072173
1042 -0.057722
1043 0.143591
1044 0.185501
1045 0.265768
1046 0.198412
1047 0.246787
1048 0.025911
1049 0.098430
1050 0.314418
1051 0.622486
1052 0.284346
1053 0.561659
1054 0.355852
1055 0.087691
1056 0.055239
1057 0.062461
1058 -0.080253
1059 0.395975
1060 0.458614
1061 0.469071
1062 0.045781
1063 0.110713
1064 0.064525
1065 0.006679
1066 0.071151
1067 0.496369
1068 -0.382259
1069 0.422029
1070 -0.015765
1071 -0.107966
1072 0.057991
1073 -0.060808
1074 0.114090
1075 0.384175
1076 -0.184585
1077 0.142151
1078 0.146878
1079 0.448779
1080 0.083528
1081 0.475143
1082 -0.012772
1083 0.045679
1084 0.029897
1085 -0.332143
1086 0.407567
1087 -0.000031
1088 0.509022
1089 0.697599
1090 0.315825
1091 0.599138
1092 0.363496
1093 0.619585
1094 0.411663
1095 0.152072
1096 0.312456
1097 -0.916504
1098 0.073194
1099 -0.037966
1100 0.077251
1101 0.234592
1102 0.479007
1103 0.303655
1104 -0.073492
1105 -0.174113
1106 0.195100
1107 0.131452
1108 0.033403
1109 -0.155845
1110 0.283963
1111 0.604834
1112 0.259119
1113 0.149181
1114 0.185827
1115 0.179918
1116 -0.012418
1117 0.182077
1118 0.146283
1119 0.245346
1120 0.354550
1121 0.010195
1122 0.232643
1123 0.212306
1124 0.360837
1125 0.288721
1126 -0.050035
1127 0.009647
1128 0.442056
1129 0.059791
1130 0.868831
1131 0.586014
1132 0.428403
1133 0.047989
1134 0.193605
1135 1.672768
1136 1.705155
1137 0.816507
1138 0.693309
1139 0.016106
1140 -0.234520
1141 -0.205040
1142 -0.078396
1143 0.268065
1144 0.106429
1145 -0.029767
1146 0.477797
1147 0.331791
1148 0.053900
1149 0.224688
1150 0.279308
1151 1.122011
1152 0.015927
1153 0.459363
1154 0.608939
1155 0.568530
1156 1.526145
1157 0.293702
1158 -0.054153
1159 -0.248773
1160 0.383108
1161 0.320994
1162 0.236668
1163 0.286409
1164 0.867081
1165 0.532707
1166 0.362826
1167 0.400318
1168 0.165070
1169 0.891658
1170 0.143288
1171 0.384228
1172 0.305514
1173 0.238478
1174 0.931794
1175 0.661529
1176 -0.008389
1177 0.787808
1178 0.746430
1179 0.449455
1180 0.953899
1181 0.409965
1182 0.315796
1183 0.130196
1184 -0.104627
1185 0.245617
1186 0.558497
1187 0.415836
1188 0.405277
1189 1.080341
1190 0.483936
1191 0.114875
1192 0.037722
1193 0.507084
1194 -0.110133
1195 0.222212
1196 0.210593
1197 0.291088
1198 0.479657
1199 0.261380
1200 0.237822
1201 0.024915
1202 -0.037664
1203 0.105324
1204 0.631779
1205 -0.422531
1206 0.462216
1207 0.279921
1208 0.411477
1209 0.389032
1210 0.090738
1211 0.787687
1212 0.479216
1213 -0.225514
1214 -0.129344
1215 0.076930
1216 0.266549
1217 0.185055
1218 0.708814
1219 0.663856
1220 0.346994
1221 0.127106
1222 0.086201
1223 0.052540
0 -0.834613
1 -0.586691
2 -0.791914
3 -0.406697
4 -0.127377
5 -0.072578
6 -0.349051
7 -0.014628
8 0.289329
9 0.449439
10 -0.085877
11 -0.133760
12 0.069634
13 0.156141
14 -0.030612
15 -0.018035
16 0.061754
17 0.069436
18 0.100087
19 0.763967
20 0.034993
21 -0.273348
22 0.023493
23 -0.042238
24 -0.138304
25 -0.008457
26 0.284378
27 -0.250841
28 0.010473
29 0.168992
30 -0.523641
31 0.735484
32 -0.273086
33 -0.045772
34 0.129126
35 0.010812
36 -0.250476
37 0.094690
38 0.041127
39 0.089653
40 0.278388
41 0.189301
42 0.448038
43 -0.019681
44 -0.077715
45 0.126571
46 0.016247
47 0.299349
48 0.640167
49 0.107930
50 0.146677
51 0.297412
52 0.053063
53 -0.226294
54 0.324841
55 -0.139517
56 0.243499
57 -0.103661
58 0.211489
59 -0.091803
60 0.127592
61 -0.250197
62 -0.291176
63 -0.145980
64 -0.016936
65 0.004831
66 0.009948
67 0.019216
68 0.147636
69 -0.066364
70 0.089196
71 -0.055582
72 0.376873
73 -0.188198
74 0.407244
75 -0.216151
76 -0.673296
77 -0.438162
78 -0.461021
79 -0.005386
80 -0.185307
81 -0.213610
82 -0.007599
83 -0.272813
84 -0.116070
85 -0.383883
86 0.161815
87 -0.057497
88 -0.504923
89 -0.246120
90 -0.012360
91 0.173162
92 1.102288
93 1.115078
94 0.233965
95 -0.068881
96 0.282878
97 0.595892
98 0.584389
99 0.185762
100 -0.098183
101 -0.027478
102 -0.175057
103 0.048376
104 -0.072021
105 -0.190066
106 0.104814
107 -0.227095
108 -0.080467
109 -0.513458
110 0.303834
111 0.245555
112 0.493615
113 -0.190634
114 0.443263
115 -0.162903
116 -0.010590
117 0.206488
118 -0.069697
119 -0.066584
120 -0.024534
121 -0.072039
122 -0.036376
123 0.133271
124 -0.137874
125 0.089714
126 0.026635
127 0.061324
128 -0.132582
129 -0.051715
130 -0.043326
131 -0.608212
132 -0.500459
133 0.086214
134 0.010791
135 0.109980
136 0.149158
137 -0.021940
138 -0.476110
139 0.042746
140 0.007889
141 0.867603
142 0.541833
143 0.123598
144 0.004547
145 0.317214
146 -0.012052
147 0.184718
148 -0.118563
149 -0.055400
150 -0.055741
151 0.198941
152 0.151729
153 -0.135449
154 -0.112267
155 -0.174252
156 -0.145295
157 -0.137963
158 0.029300
159 0.011257
160 0.149990
161 -0.155715
162 -0.062070
163 -0.057957
164 0.141746
165 -0.134642
166 0.597267
167 0.090081
168 0.055567
169 0.247717
170 0.931336
171 0.138983
172 -0.441650
173 0.180177
174 -0.091361
175 0.173635
176 -0.283809
177 0.054842
178 0.130590
179 0.120940
180 0.128279
181 -0.160839
182 0.060841
183 0.093273
184 0.218166
185 0.034539
186 -0.178798
187 -0.303383
188 -0.102865
189 -0.081559
190 -0.319219
191 0.353751
192 -0.072175
193 0.039678
194 0.416754
195 0.184453
196 1.135987
197 0.247251
198 -0.170549
199 -0.066547
200 0.154866
201 0.217469
202 -0.395905
203 -0.030157
204 -0.265777
205 -0.459922
206 -0.099181
207 0.058100
208 -0.009339
209 0.083383
210 -0.061616
211 0.465842
212 0.513681
213 0.690629
214 0.201204
215 0.005395
216 0.247819
217 0.165673
218 0.190794
219 0.320902
220 0.627979
221 -0.128635
222 -0.111494
223 0.190969
224 -0.149431
225 0.058425
226 0.567644
227 0.591657
228 0.315681
229 -0.125631
230 0.091122
231 -0.144953
232 -0.226805
233 0.268108
234 -0.030921
235 0.021552
236 -0.186552
237 -0.122865
238 -0.125959
239 -0.237495
240 -0.260593
241 -0.123484
242 -0.079099
243 -0.135437
244 2.017335
245 0.593609
246 0.087731
247 0.326947
248 0.131661
249 0.319930
250 0.054796
251 0.311480
252 0.031110
253 0.175207
254 0.138883
255 -0.272451
256 -0.132471
257 0.121602
258 0.651884
259 0.140842
260 0.096453
261 -0.014033
262 0.399341
263 -0.269561
264 1.929331
265 1.522221
266 0.196546
267 -0.072841
268 0.075134
269 -0.030704
270 0.238092
271 -0.089752
272 0.696701
273 1.616671
274 0.089148
275 -0.255040
276 0.217149
277 0.013145
278 -0.204689
279 0.003730
280 0.356204
281 0.498725
282 -0.062298
283 -0.179926
284 2.515472
285 1.977807
286 0.812963
287 -0.000922
288 -0.020446
289 0.096543
290 0.130006
291 -0.008865
292 -0.346164
293 0.247652
294 0.333920
295 0.030511
296 0.133897
297 0.047014
298 1.583809
299 3.008500
300 -0.053355
301 -0.195521
302 1.098527
303 0.411928
304 0.043984
305 -0.160531
306 0.200986
307 0.265500
308 0.062329
309 0.192035
310 0.126351
311 0.266084
312 0.003045
313 0.046192
314 -0.052381
315 -0.159335
316 0.220187
317 0.044627
318 -0.113493
319 -0.027162
320 0.111160
321 0.218971
322 0.435745
323 -0.186285
324 0.505672
325 0.186987
326 -0.048045
327 -0.116547
328 -0.132953
329 -0.042250
330 -0.062533
331 0.804745
332 -0.063360
333 -0.081406
334 -0.104784
335 0.029080
336 0.182673
337 0.150358
338 -0.051515
339 -0.075762
340 0.843416
341 -0.293037
342 -0.122503
343 -0.095919
344 -0.058519
345 0.270485
346 0.395985
347 0.103023
348 -0.139214
349 -0.092986
350 -0.119179
351 0.479263
352 0.023594
353 -0.035829
354 -0.099929
355 -0.081661
356 -0.008151
357 0.008786
358 0.175760
359 -0.241190
360 0.243966
361 0.611094
362 0.371204
363 0.076074
364 -0.033711
365 0.121804
366 0.173820
367 0.387101
368 0.148929
369 -0.046419
370 1.712943
371 -0.062151
372 -0.044416
373 -0.281391
374 -0.362839
375 0.265034
376 0.272355
377 -0.111107
378 0.151713
379 -0.110328
380 0.127791
381 0.100091
382 -0.028812
383 -0.053677
384 -0.060546
385 0.035613
386 -0.172893
387 0.073529
388 -0.018008
389 -0.055940
390 0.198273
391 -0.299602
392 -0.055900
393 -0.146120
394 -0.200117
395 0.072073
396 -0.216526
397 0.064723
398 0.000269
399 -0.212252
400 0.019828
401 0.123437
402 0.101035
403 0.063882
404 0.845797
405 0.162734
406 0.198032
407 0.076792
408 -0.042041
409 0.018120
410 0.164480
411 0.251523
412 0.262636
413 0.089137
414 -0.219908
415 0.168068
416 -0.036196
417 0.078362
418 0.073495
419 0.061743
420 -0.099214
421 0.297708
422 -0.082225
423 0.069436
424 0.172342
425 -0.057707
426 0.170945
427 0.084248
428 -0.163025
429 0.162386
430 0.168687
431 -0.353155
432 -0.074904
433 0.213276
434 0.164428
435 -0.074100
436 -0.150105
437 -0.030112
438 0.138220
439 0.223765
440 -0.016065
441 0.019884
442 -0.224915
443 0.127611
444 0.365733
445 -0.364632
446 0.019210
447 -0.095241
448 0.079239
449 0.409460
450 0.231556
451 0.014337
452 0.122653
453 0.036358
454 -0.115098
455 0.071681
456 -0.132068
457 -0.301045
458 0.027802
459 -0.053213
460 -0.188877
461 -0.116556
462 0.031721
463 0.041014
464 -0.048506
465 0.017572
466 -0.144698
467 -0.078245
468 -0.134848
469 -0.160856
470 0.047579
471 -0.105389
472 -0.208197
473 -0.248601
474 -0.022384
475 -0.175596
476 -0.142392
477 -0.145751
478 0.048066
479 0.527967
480 0.241547
481 0.026648
482 -0.242311
483 -0.217719
484 -0.099873
485 -0.106170
486 -0.108728
487 -0.043320
488 -0.133387
489 -0.012781
490 -0.006940
491 -0.158613
492 0.263820
493 -0.100665
494 0.070805
495 0.121740
496 0.020905
497 -0.106562
498 -0.044621
499 -0.026898
500 0.071737
501 -0.014127
502 -0.171191
503 0.043633
504 -0.008813
505 -0.091312
506 -0.079292
507 -0.140490
508 0.000584
509 -0.015292
510 -0.272405
511 0.651375
512 -0.119842
513 0.051149
514 -0.000882
515 -0.141536
516 -0.199703
517 -0.070142
518 -0.014860
519 -0.284249
520 -0.180991
521 0.045259
522 -0.158349
523 -0.046760
524 -0.045795
525 -0.102916
526 -0.288282
527 0.071460
528 -0.087232
529 -0.056477
530 0.018367
531 -0.082787
532 -0.022646
533 -0.055444
534 0.172708
535 0.119733
536 0.013901
537 -0.074089
538 0.045302
539 1.585086
540 0.531982
541 0.620616
542 0.010647
543 -0.127503
544 -0.006163
545 -0.208862
546 -0.118752
547 -0.079383
548 -0.037208
549 -0.227511
550 0.138299
551 -0.081795
552 0.131239
553 0.220974
554 0.456075
555 -0.197293
556 -0.157482
557 -0.038138
558 0.085592
559 -0.126293
560 -0.104031
561 -0.082489
562 -0.220200
563 -0.107116
564 -0.005899
565 -0.136172
566 0.025220
567 -0.015442
568 0.260747
569 -0.085518
570 0.007236
571 -0.094451
572 -0.016216
573 -0.124668
574 -0.251311
575 -0.264407
576 0.095328
577 -0.029676
578 -0.198587
579 0.259991
580 0.041160
581 -0.588013
582 -0.308750
583 -0.143454
584 0.342870
585 0.391188
586 -0.321423
587 0.145517
588 0.361393
589 -0.272127
590 -0.051394
591 0.103101
592 0.183214
593 1.283962
594 0.060980
595 0.233315
596 -0.197340
597 0.127793
598 0.156215
599 -0.256188
600 0.255563
601 0.160829
602 0.398525
603 0.202366
604 0.098971
605 -0.314944
606 0.310165
607 -0.333642
608 -0.161017
609 0.303761
610 0.009460
611 0.593320
612 0.748342
613 0.197336
614 0.714091
615 1.281311
616 0.039511
617 0.202439
618 -0.381716
619 -0.092913
620 0.235325
621 0.363370
622 0.252773
623 0.238025
624 0.310127
625 0.283352
626 0.315927
627 0.047901
628 0.263304
629 -0.008959
630 0.917528
631 0.002540
632 0.333423
633 0.195020
634 0.251744
635 -0.159470
636 0.236828
637 0.794140
638 0.115961
639 0.356944
640 0.587580
641 0.152697
642 0.052042
643 0.195760
644 -0.187223
645 0.235957
646 0.262275
647 0.916242
648 0.171133
649 0.353019
650 0.184366
651 0.278096
652 0.259764
653 0.251106
654 -0.040300
655 0.072666
656 -0.042949
657 0.230565
658 -0.054328
659 -0.281787
660 0.498847
661 0.156470
662 0.348530
663 -0.149177
664 0.557198
665 0.668327
666 -0.143845
667 0.161002
668 -0.153346
669 0.618362
670 0.191591
671 0.491252
672 0.091482
673 -0.097619
674 0.054947
675 -0.059932
676 0.393888
677 0.032801
678 -0.281947
679 0.723340
680 0.419064
681 -0.045106
682 0.383853
683 0.198914
684 -0.190880
685 -0.410993
686 -0.188478
687 0.016165
688 0.347600
689 -0.270544
690 0.006356
691 0.123333
692 0.366993
693 0.383664
694 0.124703
695 0.465019
696 0.201018
697 1.009913
698 0.028567
699 0.160172
700 0.823590
701 0.173932
702 -0.106482
703 0.219250
704 0.434965
705 0.065749
706 0.311203
707 0.316610
708 0.219758
709 0.459414
710 0.604712
711 0.172283
712 -0.024974
713 0.140295
714 1.002122
715 -0.259239
716 0.263147
717 0.011490
718 -0.242838
719 0.634596
720 0.542491
721 0.194201
722 -0.161337
723 -0.157924
724 0.351908
725 -0.262105
726 0.143608
727 0.250573
728 0.064555
729 0.084950
730 0.432947
731 0.183093
732 0.161648
733 0.080497
734 0.297630
735 0.498556
736 0.578491
737 0.628655
738 0.142719
739 0.621504
740 0.118136
741 0.297895
742 0.480100
743 0.240506
744 0.720143
745 -0.039597
746 -0.231279
747 -0.252935
748 0.167832
749 0.012302
750 0.092505
751 -0.040577
752 0.130923
753 0.256491
754 0.040008
755 0.183522
756 0.175109
757 0.273172
758 0.015971
759 0.405945
760 0.303926
761 1.142511
762 0.180591
763 -0.032786
764 -0.049236
765 0.192615
766 0.194613
767 0.233197
768 0.587514
769 0.225647
770 0.400007
771 0.089762
772 0.385770
773 0.054768
774 0.427497
775 0.323188
776 0.378403
777 0.314842
778 0.301835
779 0.003239
780 0.191002
781 0.090315
782 0.223892
783 0.248237
784 0.399997
785 -0.268722
786 0.358563
787 -0.503896
788 0.292661
789 0.593872
790 0.464021
791 0.382749
792 0.377895
793 0.201996
794 -0.148076
795 -0.003285
796 0.362917
797 0.585114
798 0.812094
799 -0.290786
800 0.300528
801 0.221311
802 0.322190
803 0.017248
804 0.284560
805 -0.468441
806 0.450267
807 -0.546150
808 0.138828
809 0.288156
810 0.208623
811 0.434712
812 0.418638
813 0.362826
814 0.310088
815 0.278967
816 0.243969
817 -0.022068
818 0.206905
819 0.027855
820 -0.095575
821 0.298814
822 0.100811
823 0.409828
824 0.159626
825 -0.021633
826 0.570350
827 0.169808
828 0.295961
829 -0.027687
830 0.000175
831 -0.000704
832 0.449556
833 -0.047095
834 -0.111695
835 0.283795
836 -0.104253
837 0.068503
838 -0.501656
839 0.014525
840 0.339352
841 -0.138224
842 -0.153335
843 0.953364
844 0.625448
845 0.036335
846 -0.051288
847 0.041898
848 0.081649
849 0.190121
850 -0.043509
851 0.327139
852 0.462297
853 0.537269
854 0.004746
855 0.191659
856 0.008261
857 0.538771
858 0.594802
859 0.401908
860 0.315110
861 0.275312
862 0.181124
863 0.192926
864 0.668585
865 0.275849
866 -0.171331
867 0.468108
868 0.463136
869 0.254454
870 0.748816
871 0.445781
872 0.137982
873 0.199796
874 0.306364
875 0.281238
876 -0.256185
877 0.471270
878 0.214887
879 -0.159895
880 -0.014026
881 0.466602
882 0.200401
883 0.163682
884 -0.062589
885 0.435066
886 0.020319
887 0.286247
888 0.429258
889 0.629166
890 -0.143625
891 -0.413839
892 0.759498
893 0.301950
894 -0.068489
895 -0.281267
896 0.476269
897 -0.231127
898 0.098898
899 -0.010967
900 0.057860
901 0.692350
902 0.117865
903 0.066453
904 0.080078
905 0.290614
906 0.237819
907 -0.038578
908 -0.166807
909 0.872924
910 0.640235
911 0.165770
912 0.237455
913 -0.155507
914 0.232720
915 0.002179
916 0.486555
917 0.134434
918 0.749624
919 0.389674
920 0.300965
921 0.368420
922 0.218401
923 0.632469
924 -0.327161
925 0.394842
926 0.361452
927 0.043822
928 0.188764
929 0.000566
930 -0.207799
931 -0.090819
932 0.530569
933 -0.045199
934 0.269675
935 -0.032670
936 0.361275
937 -0.187630
938 0.008862
939 0.216064
940 0.662786
941 0.367353
942 0.111795
943 0.485032
944 0.316241
945 0.811500
946 -0.181386
947 -0.141507
948 -0.213728
949 0.274343
950 0.331777
951 0.231049
952 0.069032
953 0.102301
954 0.191183
955 -0.043516
956 -0.060505
957 0.226007
958 -0.074822
959 0.289877
960 0.949972
961 0.034597
962 0.356454
963 -0.138146
964 -0.049617
965 0.321969
966 0.421754
967 0.563397
968 0.058413
969 0.415213
970 0.254342
971 0.703655
972 -0.142796
973 0.015895
974 -0.659929
975 0.289778
976 0.307144
977 0.213703
978 -0.067951
979 0.157799
980 -0.050707
981 -0.140999
982 -0.014881
983 0.318391
984 0.174703
985 0.223923
986 0.152088
987 -0.094194
988 -0.128204
989 0.450143
990 0.235706
991 0.107057
992 0.183796
993 0.427461
994 0.160446
995 0.147823
996 -0.028302
997 0.149230
998 0.305182
999 0.236590
1000 0.205817
1001 0.181651
1002 -0.098217
1003 0.211699
1004 0.257379
1005 -0.389980
1006 0.078298
1007 -0.065025
1008 0.529344
1009 0.837398
1010 -0.159243
1011 0.217536
1012 0.084956
1013 0.634045
1014 -0.190400
1015 -0.132771
1016 0.435499
1017 0.471876
1018 0.645782
1019 -0.400322
1020 0.003757
1021 0.508441
1022 0.384015
1023 0.336124
1024 0.846185
1025 0.241030
1026 0.443370
1027 -0.091017
1028 0.442349
1029 -0.272517
1030 -0.119555
1031 0.198398
1032 0.260574
1033 0.632580
1034 0.418587
1035 0.226724
1036 0.404167
1037 0.188045
1038 0.117709
1039 0.037770
1040 -0.037533
1041 0.072173
1042 -0.057722
1043 0.143591
1044 0.185501
1045 0.265768
1046 0.198412
1047 0.246787
1048 0.025911
1049 0.098430
1050 0.314418
1051 0.622486
1052 0.284346
1053 0.561659
1054 0.355852
1055 0.087691
1056 0.055239
1057 0.062461
1058 -0.080253
1059 0.395975
1060 0.458614
1061 0.469071
1062 0.045781
1063 0.110713
1064 0.064525
1065 0.006679
1066 0.071151
1067 0.496369
1068 -0.382259
1069 0.422029
1070 -0.015765
1071 -0.107966
1072 0.057991
1073 -0.060808
1074 0.114090
1075 0.384175
1076 -0.184585
1077 0.142151
1078 0.146878
1079 0.448779
1080 0.083528
1081 0.475143
1082 -0.012772
1083 0.045679
1084 0.029897
1085 -0.332143
1086 0.407567
1087 -0.000031
1088 0.509022
1089 0.697599
1090 0.315825
1091 0.599138
1092 0.363496
1093 0.619585
1094 0.411663
1095 0.152072
1096 0.312456
1097 -0.916504
1098 0.073194
1099 -0.037966
1100 0.077251
1101 0.234592
1102 0.479007
1103 0.303655
1104 -0.073492
1105 -0.174113
1106 0.195100
1107 0.131452
1108 0.033403
1109 -0.155845
1110 0.283963
1111 0.604834
1112 0.259119
1113 0.149181
1114 0.185827
1115 0.179918
1116 -0.012418
1117 0.182077
1118 0.146283
1119 0.245346
1120 0.354550
1121 0.010195
1122 0.232643
1123 0.212306
1124 0.360837
1125 0.288721
1126 -0.050035
1127 0.009647
1128 0.442056
1129 0.059791
1130 0.868831
1131 0.586014
1132 0.428403
1133 0.047989
1134 0.193605
1135 1.672768
1136 1.705155
1137 0.816507
1138 0.693309
1139 0.016106
1140 -0.234520
1141 -0.205040
1142 -0.078396
1143 0.268065
1144 0.106429
1145 -0.029767
1146 0.477797
1147 0.331791
1148 0.053900
1149 0.224688
1150 0.279308
1151 1.122011
1152 0.015927
1153 0.459363
1154 0.608939
1155 0.568530
1156 1.526145
1157 0.293702
1158 -0.054153
1159 -0.248773
1160 0.383108
1161 0.320994
1162 0.236668
1163 0.286409
1164 0.867081
1165 0.532707
1166 0.362826
1167 0.400318
1168 0.165070
1169 0.891658
1170 0.143288
1171 0.384228
1172 0.305514
1173 0.238478
1174 0.931794
1175 0.661529
1176 -0.008389
1177 0.787808
1178 0.746430
1179 0.449455
1180 0.953899
1181 0.409965
1182 0.315796
1183 0.130196
1184 -0.104627
1185 0.245617
1186 0.558497
1187 0.415836
1188 0.405277
1189 1.080341
1190 0.483936
1191 0.114875
1192 0.037722
1193 0.507084
1194 -0.110133
1195 0.222212
1196 0.210593
1197 0.291088
1198 0.479657
1199 0.261380
1200 0.237822
1201 0.024915
1202 -0.037664
1203 0.105324
1204 0.631779
1205 -0.422531
1206 0.462216
1207 0.279921
1208 0.411477
1209 0.389032
1210 0.090738
1211 0.787687
1212 0.479216
1213 -0.225514
1214 -0.129344
1215 0.076930
1216 0.266549
1217 0.185055
1218 0.708814
1219 0.663856
1220 0.346994
1221 0.127106
1222 0.086201
1223 0.052540
