0 -0.048978
1 0.009164
2 0.138700
3 0.005509
4 -0.075605
5 -0.144197
6 -0.194045
7 0.029434
8 0.003105
9 -0.083429
10 -0.015417
11 -0.052203
12 -0.189376
13 0.186039
14 0.111258
15 0.033821
16 -0.055755
17 -0.165171
18 0.087719
19 -0.011009
20 0.043544
21 -0.015020
22 -0.251019
23 0.005481
24 0.035257
25 -0.213275
26 -0.217316
27 -0.237798
28 0.043433
29 0.080336
30 0.097809
31 -0.022306
32 0.063662
33 -0.059151
34 0.021224
35 0.077536
36 -0.285646
37 -0.112175
38 0.217745
39 -0.061973
40 0.335652
41 0.072246
42 0.042996
43 -0.002662
44 0.145462
45 0.051172
46 0.091391
47 0.041959
48 0.206457
49 0.221855
50 -0.005380
51 0.006579
52 0.091334
53 0.047329
54 0.073785
55 -0.190807
56 -0.198012
57 -0.059884
58 0.159903
59 0.040562
60 0.057249
61 0.269932
62 -0.078781
63 0.178984
64 0.222930
65 -0.011137
66 -0.045515
67 -0.066858
68 0.055874
69 0.034321
70 -0.023794
71 0.263489
72 0.084843
73 0.074124
74 0.160499
75 -0.026132
76 0.018070
77 -0.184864
78 -0.005738
79 0.147737
80 0.033201
81 -0.117442
82 0.069742
83 -0.191460
84 -0.011940
85 0.135956
86 0.194111
87 -0.138973
88 -0.167144
89 0.024776
90 0.074164
91 -0.217940
92 -0.069727
93 0.096219
94 -0.073578
95 -0.094075
96 -0.005036
97 0.061548
98 0.014616
99 0.216751
100 0.208389
101 -0.070349
102 -0.097131
103 0.197606
104 0.233458
105 0.222709
106 -0.052009
107 -0.029456
108 0.048388
109 -0.153580
110 0.151495
111 0.140852
112 0.090822
113 0.038610
114 0.087854
115 0.078936
116 0.127021
117 0.104672
118 -0.147892
119 0.034561
120 0.110058
121 0.068338
122 0.147365
123 -0.116321
124 0.166575
125 0.102039
126 -0.006282
127 0.006785
128 0.025191
129 -0.059180
130 0.207982
131 -0.032500
132 0.167743
133 -0.219240
134 0.086231
135 0.091407
136 0.011771
137 0.065900
138 -0.117911
139 -0.058058
140 -0.074599
141 0.041085
142 -0.228578
143 0.129887
144 -0.153004
145 0.164315
146 0.166782
147 -0.155720
148 0.228174
149 -0.039372
150 0.274568
151 0.114204
152 -0.065919
153 0.118197
154 0.103549
155 0.092858
156 -0.079285
157 0.044496
158 0.067240
159 0.146499
160 -0.107647
161 0.033250
162 -0.183389
163 0.078091
164 -0.115163
165 0.301193
166 0.114001
167 -0.001717
168 0.113558
169 0.084137
170 -0.007327
171 -0.190868
172 0.053020
173 0.051979
174 -0.097227
175 0.015365
176 0.126447
177 0.080661
178 0.081450
179 -0.135438
180 0.053290
181 0.034407
182 -0.068116
183 0.150161
184 0.027208
185 0.144462
186 0.006116
187 0.078710
188 -0.231180
189 -0.204516
190 -0.265934
191 0.062761
192 0.009039
193 0.076094
194 0.035319
195 0.019371
196 0.155430
197 -0.075397
198 0.237884
199 -0.473338
200 -0.093866
201 0.100631
202 -0.310593
203 -0.320477
204 -0.239080
205 0.011891
206 0.241496
207 0.051826
208 -0.032798
209 0.216939
210 0.013921
211 0.014512
212 -0.006467
213 -0.242802
214 -0.130902
215 -0.022152
216 -0.030535
217 0.174514
218 -0.202198
219 -0.049856
220 0.039979
221 0.137184
222 -0.145720
223 0.037607
224 -0.114304
225 -0.093792
226 0.140561
227 -0.048443
228 -0.057621
229 0.395200
230 -0.054096
231 0.008499
232 -0.105740
233 0.205425
234 -0.058208
235 -0.130583
236 -0.045710
237 0.019942
238 0.049039
239 -0.164428
240 -0.081174
241 -0.159475
242 -0.097067
243 -0.023526
244 0.070381
245 -0.038987
246 0.056530
247 -0.012774
248 -0.021725
249 -0.152279
250 0.019940
251 0.092573
252 -0.129260
253 -0.025459
254 -0.081800
255 -0.036983
256 -0.082162
257 -0.146012
258 0.016812
259 0.034516
260 -0.064385
261 -0.225743
262 -0.040047
263 0.105373
264 -0.085493
265 0.040138
266 -0.002621
267 -0.007564
268 0.346950
269 -0.023642
270 0.014126
271 -0.132708
272 0.037049
273 -0.002754
274 -0.010517
275 -0.212404
276 -0.043027
277 0.098945
278 -0.229054
279 -0.046272
280 -0.178532
281 0.177034
282 -0.179092
283 -0.028541
284 -0.205650
285 0.082291
286 -0.208950
287 -0.291786
288 0.029887
289 0.032412
290 -0.018669
291 -0.102875
292 -0.033587
293 0.148465
294 -0.152220
295 0.105204
296 -0.009200
297 0.008922
298 -0.177026
299 -0.073941
300 -0.000055
301 -0.023688
302 -0.077896
303 -0.113768
304 -0.089222
305 -0.104513
306 -0.036856
307 0.026349
308 0.032220
309 0.117148
310 -0.017160
311 0.033404
312 -0.032900
313 0.200941
314 0.119373
315 0.058256
316 -0.046490
317 0.120681
318 0.075546
319 -0.065266
320 0.011533
321 -0.197883
322 0.033594
323 -0.116153
324 -0.164923
325 -0.109757
326 -0.228860
327 0.112967
328 -0.101328
329 -0.204013
330 -0.117071
331 0.108803
332 0.122187
333 -0.065688
334 0.003808
335 0.070568
336 0.188676
337 -0.071667
338 0.113502
339 -0.037699
340 0.015029
341 0.007577
342 0.030015
343 -0.067093
344 0.104570
345 0.066130
346 0.057724
347 0.260381
348 -0.129759
349 -0.069229
350 0.001252
351 -0.040087
352 -0.081007
353 -0.121397
354 -0.102721
355 0.122292
356 0.274743
357 -0.106939
358 0.037528
359 0.133413
360 0.251932
361 0.020743
362 -0.124471
363 0.050039
364 0.374922
365 0.105151
366 -0.265040
367 0.018331
368 -0.042266
369 0.055230
370 -0.203531
371 0.062328
372 -0.564462
373 0.026790
374 -0.065486
375 0.057498
376 -0.150651
377 0.057579
378 -0.030856
379 -0.051195
380 0.244154
381 0.066736
382 0.123755
383 -0.066865
384 -0.137916
385 0.015304
386 -0.012409
387 -0.268094
388 -0.017892
389 0.199300
390 0.230111
391 -0.008562
392 0.014792
393 -0.099728
394 0.047983
395 -0.162640
396 -0.033230
397 -0.184000
398 -0.002044
399 -0.067737
400 -0.065736
401 -0.094311
402 -0.027001
403 0.066027
404 0.137087
405 -0.051889
406 -0.097130
407 -0.135015
408 0.051354
409 -0.054772
410 0.069003
411 0.056028
412 -0.155509
413 0.022594
414 0.039901
415 0.000176
416 0.065478
417 0.028134
418 0.146746
419 0.083862
420 0.042644
421 -0.173646
422 -0.005694
423 -0.020634
424 0.143081
425 -0.001419
426 0.039984
427 0.204607
428 0.134782
429 -0.184370
430 -0.074697
431 0.081954
432 -0.029251
433 0.098420
434 0.034931
435 0.244406
436 0.150024
437 -0.161274
438 -0.029993
439 -0.041798
440 0.066623
441 0.178718
442 -0.104999
443 -0.030201
444 -0.070948
445 0.088423
446 0.155950
447 0.179223
448 0.002046
449 0.128306
450 0.129718
451 -0.040286
452 -0.125254
453 -0.095296
454 0.010002
455 0.218218
456 -0.215952
457 -0.083262
458 -0.199941
459 -0.185757
460 0.055535
461 0.066611
462 -0.011470
463 -0.067231
464 0.001338
465 0.114459
466 0.050752
467 0.129834
468 -0.004551
469 0.308426
470 0.052641
471 -0.119705
472 -0.132169
473 -0.118814
474 0.054726
475 -0.040805
476 0.086175
477 -0.087448
478 -0.007995
479 -0.224500
480 0.116138
481 0.064111
482 -0.095655
483 0.081039
484 -0.180648
485 -0.008772
486 -0.149763
487 -0.227900
488 -0.090711
489 0.189017
490 -0.001883
491 0.091607
492 0.243215
493 0.080976
494 0.109313
495 0.067882
496 0.097114
497 -0.097930
498 0.125755
499 -0.211780
500 0.204386
501 -0.156038
502 -0.368040
503 0.157520
504 0.115006
505 0.025289
506 -0.017911
507 0.025200
508 -0.107405
509 -0.243453
510 0.169273
511 -0.064445
512 0.089151
513 -0.013282
514 0.130895
515 -0.211492
516 0.088819
517 -0.014768
518 -0.008701
519 -0.064260
520 0.019872
521 -0.142364
522 0.249816
523 -0.173869
524 0.081599
525 0.082250
526 -0.106168
527 0.136976
528 0.000418
529 -0.083839
530 0.047741
531 -0.228562
532 0.031662
533 0.281166
534 0.134183
535 0.006561
536 -0.110318
537 -0.038549
538 0.058081
539 -0.218343
540 -0.326381
541 -0.035720
542 0.113351
543 -0.122326
544 -0.027555
545 -0.204964
546 -0.095511
547 0.070590
548 0.069694
549 0.026897
550 0.102800
551 -0.006601
552 0.115514
553 -0.059222
554 -0.115909
555 -0.018105
556 -0.024055
557 -0.105907
558 -0.015078
559 -0.320824
560 0.214478
561 -0.078211
562 0.016439
563 -0.489010
564 0.108995
565 0.020752
566 -0.259022
567 -0.015560
568 -0.018466
569 -0.031936
570 -0.033991
571 0.021726
572 0.075654
573 0.040145
574 0.094942
575 -0.138015
576 -0.215036
577 0.009712
578 0.022358
579 -0.016250
580 -0.082974
581 0.023752
582 0.018540
583 0.180862
584 -0.302284
585 0.110486
586 0.013017
587 0.227512
588 0.056738
589 -0.098132
590 0.000391
591 0.019393
592 0.081208
593 0.034023
594 0.083542
595 -0.051913
596 -0.220575
597 0.187034
598 -0.056631
599 0.037076
600 -0.222426
601 -0.023608
602 -0.005391
603 0.056972
604 -0.056443
605 -0.279946
606 0.008994
607 0.001817
608 0.019328
609 -0.055994
610 0.042036
611 -0.026257
612 0.088491
613 -0.129541
614 0.145475
615 0.023994
616 -0.057559
617 -0.008187
618 -0.132971
619 0.094662
620 -0.050094
621 0.057966
622 0.033306
623 0.122879
624 0.015430
625 0.050736
626 0.017117
627 -0.060713
628 -0.189754
629 -0.149613
630 0.006960
631 0.116179
632 0.264867
633 -0.198764
634 -0.016257
635 0.064400
636 -0.067390
637 0.037054
638 0.060874
639 -0.128885
640 0.248066
641 0.139729
642 -0.193889
643 -0.068492
644 -0.316491
645 -0.038299
646 0.154442
647 -0.147189
648 -0.143469
649 0.009508
650 0.038765
651 0.272836
652 -0.089092
653 -0.029764
654 0.042943
655 -0.015206
656 -0.242427
657 -0.376883
658 -0.153083
659 -0.142084
660 0.036162
661 -0.181966
662 0.070159
663 0.158997
664 -0.067810
665 -0.040241
666 -0.053473
667 -0.070717
668 -0.181583
669 -0.282288
670 -0.058381
671 0.225768
672 0.262692
673 0.135174
674 -0.068771
675 0.062583
676 -0.145242
677 0.038931
678 -0.048017
679 0.457591
680 -0.030763
681 0.043632
682 -0.008489
683 -0.181193
684 0.083412
685 0.019362
686 0.095798
687 0.052074
688 -0.108993
689 -0.072251
690 0.039684
691 0.053801
692 0.009142
693 -0.243260
694 0.021284
695 -0.212019
696 -0.083991
697 0.044416
698 0.116660
699 -0.095974
700 0.012305
701 -0.054290
702 -0.203512
703 0.156145
704 -0.075172
705 -0.174185
706 -0.081067
707 0.124723
708 -0.191490
709 0.191187
710 -0.109896
711 -0.137706
712 -0.362350
713 0.036312
714 -0.152148
715 0.109694
716 0.067108
717 0.017799
718 -0.136151
719 -0.043636
720 -0.180040
721 -0.098230
722 0.090083
723 0.201358
724 0.328219
725 -0.001268
726 0.132330
727 -0.160871
728 -0.179708
729 -0.009998
730 0.108892
731 -0.097851
732 0.230270
733 0.136745
734 -0.245740
735 0.028148
736 0.047118
737 0.220337
738 -0.048409
739 -0.009963
740 0.062891
741 0.129168
742 -0.002224
743 0.038726
744 0.218459
745 0.331019
746 0.124613
747 -0.143849
748 -0.077720
749 -0.126122
750 -0.155799
751 0.110604
752 -0.196999
753 0.117217
754 -0.041418
755 -0.204573
756 0.061163
757 -0.176872
758 0.087397
759 -0.011245
760 -0.139654
761 0.091649
762 0.050765
763 0.055315
764 0.021244
765 -0.187079
766 -0.082339
767 -0.123688
768 0.043282
769 -0.261332
770 0.068969
771 0.144024
772 0.054278
773 -0.075828
774 0.135034
775 -0.163959
776 0.081439
777 -0.254702
778 0.207187
779 -0.031262
780 -0.155401
781 0.075207
782 0.035114
783 0.026983
784 0.002395
785 0.202840
786 0.170482
787 0.045422
788 0.041848
789 0.117404
790 0.176788
791 0.160873
792 0.005309
793 -0.040220
794 0.026393
795 0.067263
796 -0.138748
797 -0.172694
798 0.035717
799 0.147588
800 0.158960
801 0.061723
802 0.208485
803 -0.047774
804 -0.031584
805 -0.237434
806 0.067813
807 -0.258352
808 0.106596
809 -0.099243
810 0.176424
811 -0.050979
812 0.090597
813 -0.052387
814 -0.019101
815 -0.066520
816 0.122083
817 -0.006626
818 -0.033893
819 -0.013314
820 0.123319
821 0.195298
822 0.096053
823 -0.040175
824 -0.151211
825 0.009758
826 0.288836
827 0.148045
828 0.146871
829 0.147533
830 0.077455
831 0.081914
832 -0.083893
833 -0.032063
834 -0.039879
835 0.198990
836 0.155928
837 -0.049168
838 -0.022249
839 0.085115
840 0.013083
841 -0.114598
842 -0.058838
843 -0.017819
844 -0.057744
845 -0.113775
846 -0.035618
847 -0.073116
848 -0.149213
849 0.150281
850 0.192320
851 0.053964
852 0.070460
853 0.263809
854 -0.031078
855 0.077277
856 0.234364
857 -0.174248
858 0.000470
859 0.064078
860 0.043537
861 -0.012833
862 0.016062
863 -0.075980
864 -0.067026
865 0.053060
866 -0.108940
867 0.167911
868 0.014065
869 -0.085778
870 -0.083758
871 0.131676
872 0.099273
873 -0.113560
874 0.002471
875 0.105693
876 -0.044633
877 0.251031
878 -0.099483
879 0.187903
880 0.092198
881 0.037885
882 -0.088281
883 0.078912
884 0.187449
885 0.093073
886 0.105639
887 -0.076034
888 -0.158656
889 0.105193
890 0.229027
891 0.386428
892 0.058941
893 0.042137
894 0.108935
895 0.026408
896 -0.068923
897 0.090555
898 0.143449
899 -0.060616
900 -0.126614
901 -0.035544
902 0.009752
903 -0.001138
904 -0.004205
905 0.028847
906 0.039491
907 0.003575
908 0.003266
909 0.037012
910 0.122049
911 0.096908
912 0.284121
913 -0.049346
914 -0.135545
915 0.033751
916 0.147401
917 0.191068
918 0.089812
919 -0.018583
920 0.012948
921 -0.010605
922 -0.028195
923 -0.140109
924 0.204159
925 -0.040670
926 -0.220752
927 0.001746
928 0.094460
929 0.069901
930 -0.093901
931 0.218277
932 0.025249
933 0.055227
934 0.038036
935 0.068115
936 0.003000
937 0.079456
938 0.041173
939 0.034466
940 0.105084
941 0.100687
942 -0.259110
943 -0.025304
944 -0.157167
945 0.095541
946 -0.052265
947 0.038619
948 -0.020427
949 0.112667
950 0.185946
951 -0.075906
952 0.101252
953 0.037770
954 -0.109157
955 0.056359
956 0.083626
957 0.094996
958 -0.114675
959 0.022409
960 0.185346
961 0.085749
962 -0.054027
963 0.035193
964 -0.066434
965 0.061674
966 -0.128402
967 0.369780
968 -0.218291
969 -0.016554
970 0.151501
971 -0.037128
972 -0.068584
973 -0.242932
974 0.287671
975 -0.239799
976 0.074333
977 -0.215617
978 0.104669
979 -0.062262
980 0.126459
981 0.237924
982 0.204444
983 -0.252134
984 -0.040462
985 0.142125
986 0.155282
987 0.066706
988 -0.014620
989 0.060880
990 0.157338
991 -0.065521
992 0.048620
993 0.195899
994 -0.198724
995 0.126761
996 -0.128029
997 0.053865
998 0.164182
999 0.133204
1000 -0.045498
1001 0.034783
1002 -0.038673
1003 -0.062224
1004 0.197521
1005 -0.076139
1006 -0.067951
1007 -0.133186
1008 0.059550
1009 0.006272
1010 -0.029297
1011 -0.048798
1012 -0.022656
1013 0.175883
1014 -0.012874
1015 0.034926
1016 0.178016
1017 0.006687
1018 -0.023888
1019 0.097485
1020 -0.055836
1021 -0.132102
1022 0.143882
1023 0.200495
1024 0.145676
1025 -0.151028
1026 -0.228444
1027 0.213404
1028 0.129699
1029 0.050304
1030 -0.061652
1031 0.167726
1032 0.099571
1033 0.025203
1034 -0.058054
1035 0.194253
1036 0.198501
1037 -0.020759
1038 0.045107
1039 0.026091
1040 -0.017724
1041 0.092526
1042 0.196593
1043 0.004928
1044 0.061412
1045 0.177695
1046 -0.251547
1047 0.021620
1048 0.118866
1049 0.044563
1050 -0.073919
1051 0.055219
1052 0.020883
1053 0.110880
1054 -0.000432
1055 0.160678
1056 0.151631
1057 -0.004405
1058 -0.050471
1059 0.023609
1060 -0.148182
1061 -0.123536
1062 0.092571
1063 0.075742
1064 0.087123
1065 0.149116
1066 0.070505
1067 -0.138315
1068 -0.160478
1069 0.008470
1070 -0.154684
1071 0.094145
1072 -0.100948
1073 0.059434
1074 0.123598
1075 0.043323
1076 0.123675
1077 -0.093274
1078 0.121756
1079 -0.238318
1080 -0.015290
1081 -0.020508
1082 -0.019162
1083 -0.076707
1084 -0.010840
1085 0.038415
1086 0.087035
1087 -0.013089
1088 -0.052813
1089 0.156255
1090 0.143951
1091 -0.040350
1092 -0.163624
1093 -0.095403
1094 -0.056291
1095 -0.031284
1096 0.023264
1097 0.059654
1098 -0.144748
1099 0.011594
1100 -0.195094
1101 -0.165945
1102 0.114445
1103 -0.132959
1104 0.059384
1105 0.084485
1106 -0.103545
1107 0.113648
1108 -0.035076
1109 -0.083700
1110 0.142935
1111 0.002684
1112 0.089572
1113 -0.076362
1114 -0.010360
1115 0.308026
1116 0.076194
1117 -0.060206
1118 -0.022678
1119 0.009091
1120 -0.073371
1121 0.068861
1122 -0.081894
1123 -0.116425
1124 -0.080820
1125 0.031275
1126 -0.347814
1127 -0.003933
1128 0.076289
1129 -0.143017
1130 -0.241468
1131 0.179354
1132 0.057130
1133 -0.130693
1134 0.157850
1135 -0.299345
1136 -0.174688
1137 0.079153
1138 0.091495
1139 -0.035027
1140 -0.155083
1141 -0.100119
1142 -0.051981
1143 0.068652
1144 0.146252
1145 0.068070
1146 0.070938
1147 -0.102203
1148 0.056599
1149 -0.189905
1150 -0.065999
1151 0.104943
1152 -0.070484
1153 0.101666
1154 0.059359
1155 -0.072690
1156 -0.001372
1157 0.221486
1158 -0.219678
1159 -0.222673
1160 0.120606
1161 0.064213
1162 0.023460
1163 0.113218
1164 -0.210133
1165 0.033368
1166 0.013443
1167 -0.070676
1168 0.108683
1169 0.203143
1170 -0.030343
1171 0.093820
1172 0.099241
1173 -0.118815
1174 -0.071348
1175 -0.178784
1176 0.178450
1177 -0.195414
1178 0.176897
1179 -0.143547
1180 0.009618
1181 0.172869
1182 0.213050
1183 -0.143364
1184 -0.091823
1185 -0.099910
1186 0.004535
1187 0.384749
1188 -0.009707
1189 0.100227
1190 0.199212
1191 0.146492
1192 -0.019543
1193 -0.071596
1194 0.035186
1195 -0.102763
1196 0.014166
1197 0.017863
1198 0.153696
1199 0.087068
1200 0.151209
1201 0.150281
1202 -0.233014
1203 0.092277
1204 0.110113
1205 0.148241
1206 0.017609
1207 0.075906
1208 0.129731
1209 -0.042034
1210 0.057595
1211 0.211036
1212 0.062197
1213 0.193744
1214 0.174180
1215 -0.239735
0 -0.048978
1 0.009164
2 0.138700
3 0.005509
4 -0.075605
5 -0.144197
6 -0.194045
7 0.029434
8 0.003105
9 -0.083429
10 -0.015417
11 -0.052203
12 -0.189376
13 0.186039
14 0.111258
15 0.033821
16 -0.055755
17 -0.165171
18 0.087719
19 -0.011009
20 0.043544
21 -0.015020
22 -0.251019
23 0.005481
24 0.035257
25 -0.213275
26 -0.217316
27 -0.237798
28 0.043433
29 0.080336
30 0.097809
31 -0.022306
32 0.063662
33 -0.059151
34 0.021224
35 0.077536
36 -0.285646
37 -0.112175
38 0.217745
39 -0.061973
40 0.335652
41 0.072246
42 0.042996
43 -0.002662
44 0.145462
45 0.051172
46 0.091391
47 0.041959
48 0.206457
49 0.221855
50 -0.005380
51 0.006579
52 0.091334
53 0.047329
54 0.073785
55 -0.190807
56 -0.198012
57 -0.059884
58 0.159903
59 0.040562
60 0.057249
61 0.269932
62 -0.078781
63 0.178984
64 0.222930
65 -0.011137
66 -0.045515
67 -0.066858
68 0.055874
69 0.034321
70 -0.023794
71 0.263489
72 0.084843
73 0.074124
74 0.160499
75 -0.026132
76 0.018070
77 -0.184864
78 -0.005738
79 0.147737
80 0.033201
81 -0.117442
82 0.069742
83 -0.191460
84 -0.011940
85 0.135956
86 0.194111
87 -0.138973
88 -0.167144
89 0.024776
90 0.074164
91 -0.217940
92 -0.069727
93 0.096219
94 -0.073578
95 -0.094075
96 -0.005036
97 0.061548
98 0.014616
99 0.216751
100 0.208389
101 -0.070349
102 -0.097131
103 0.197606
104 0.233458
105 0.222709
106 -0.052009
107 -0.029456
108 0.048388
109 -0.153580
110 0.151495
111 0.140852
112 0.090822
113 0.038610
114 0.087854
115 0.078936
116 0.127021
117 0.104672
118 -0.147892
119 0.034561
120 0.110058
121 0.068338
122 0.147365
123 -0.116321
124 0.166575
125 0.102039
126 -0.006282
127 0.006785
128 0.025191
129 -0.059180
130 0.207982
131 -0.032500
132 0.167743
133 -0.219240
134 0.086231
135 0.091407
136 0.011771
137 0.065900
138 -0.117911
139 -0.058058
140 -0.074599
141 0.041085
142 -0.228578
143 0.129887
144 -0.153004
145 0.164315
146 0.166782
147 -0.155720
148 0.228174
149 -0.039372
150 0.274568
151 0.114204
152 -0.065919
153 0.118197
154 0.103549
155 0.092858
156 -0.079285
157 0.044496
158 0.067240
159 0.146499
160 -0.107647
161 0.033250
162 -0.183389
163 0.078091
164 -0.115163
165 0.301193
166 0.114001
167 -0.001717
168 0.113558
169 0.084137
170 -0.007327
171 -0.190868
172 0.053020
173 0.051979
174 -0.097227
175 0.015365
176 0.126447
177 0.080661
178 0.081450
179 -0.135438
180 0.053290
181 0.034407
182 -0.068116
183 0.150161
184 0.027208
185 0.144462
186 0.006116
187 0.078710
188 -0.231180
189 -0.204516
190 -0.265934
191 0.062761
192 0.009039
193 0.076094
194 0.035319
195 0.019371
196 0.155430
197 -0.075397
198 0.237884
199 -0.473338
200 -0.093866
201 0.100631
202 -0.310593
203 -0.320477
204 -0.239080
205 0.011891
206 0.241496
207 0.051826
208 -0.032798
209 0.216939
210 0.013921
211 0.014512
212 -0.006467
213 -0.242802
214 -0.130902
215 -0.022152
216 -0.030535
217 0.174514
218 -0.202198
219 -0.049856
220 0.039979
221 0.137184
222 -0.145720
223 0.037607
224 -0.114304
225 -0.093792
226 0.140561
227 -0.048443
228 -0.057621
229 0.395200
230 -0.054096
231 0.008499
232 -0.105740
233 0.205425
234 -0.058208
235 -0.130583
236 -0.045710
237 0.019942
238 0.049039
239 -0.164428
240 -0.081174
241 -0.159475
242 -0.097067
243 -0.023526
244 0.070381
245 -0.038987
246 0.056530
247 -0.012774
248 -0.021725
249 -0.152279
250 0.019940
251 0.092573
252 -0.129260
253 -0.025459
254 -0.081800
255 -0.036983
256 -0.082162
257 -0.146012
258 0.016812
259 0.034516
260 -0.064385
261 -0.225743
262 -0.040047
263 0.105373
264 -0.085493
265 0.040138
266 -0.002621
267 -0.007564
268 0.346950
269 -0.023642
270 0.014126
271 -0.132708
272 0.037049
273 -0.002754
274 -0.010517
275 -0.212404
276 -0.043027
277 0.098945
278 -0.229054
279 -0.046272
280 -0.178532
281 0.177034
282 -0.179092
283 -0.028541
284 -0.205650
285 0.082291
286 -0.208950
287 -0.291786
288 0.029887
289 0.032412
290 -0.018669
291 -0.102875
292 -0.033587
293 0.148465
294 -0.152220
295 0.105204
296 -0.009200
297 0.008922
298 -0.177026
299 -0.073941
300 -0.000055
301 -0.023688
302 -0.077896
303 -0.113768
304 -0.089222
305 -0.104513
306 -0.036856
307 0.026349
308 0.032220
309 0.117148
310 -0.017160
311 0.033404
312 -0.032900
313 0.200941
314 0.119373
315 0.058256
316 -0.046490
317 0.120681
318 0.075546
319 -0.065266
320 0.011533
321 -0.197883
322 0.033594
323 -0.116153
324 -0.164923
325 -0.109757
326 -0.228860
327 0.112967
328 -0.101328
329 -0.204013
330 -0.117071
331 0.108803
332 0.122187
333 -0.065688
334 0.003808
335 0.070568
336 0.188676
337 -0.071667
338 0.113502
339 -0.037699
340 0.015029
341 0.007577
342 0.030015
343 -0.067093
344 0.104570
345 0.066130
346 0.057724
347 0.260381
348 -0.129759
349 -0.069229
350 0.001252
351 -0.040087
352 -0.081007
353 -0.121397
354 -0.102721
355 0.122292
356 0.274743
357 -0.106939
358 0.037528
359 0.133413
360 0.251932
361 0.020743
362 -0.124471
363 0.050039
364 0.374922
365 0.105151
366 -0.265040
367 0.018331
368 -0.042266
369 0.055230
370 -0.203531
371 0.062328
372 -0.564462
373 0.026790
374 -0.065486
375 0.057498
376 -0.150651
377 0.057579
378 -0.030856
379 -0.051195
380 0.244154
381 0.066736
382 0.123755
383 -0.066865
384 -0.137916
385 0.015304
386 -0.012409
387 -0.268094
388 -0.017892
389 0.199300
390 0.230111
391 -0.008562
392 0.014792
393 -0.099728
394 0.047983
395 -0.162640
396 -0.033230
397 -0.184000
398 -0.002044
399 -0.067737
400 -0.065736
401 -0.094311
402 -0.027001
403 0.066027
404 0.137087
405 -0.051889
406 -0.097130
407 -0.135015
408 0.051354
409 -0.054772
410 0.069003
411 0.056028
412 -0.155509
413 0.022594
414 0.039901
415 0.000176
416 0.065478
417 0.028134
418 0.146746
419 0.083862
420 0.042644
421 -0.173646
422 -0.005694
423 -0.020634
424 0.143081
425 -0.001419
426 0.039984
427 0.204607
428 0.134782
429 -0.184370
430 -0.074697
431 0.081954
432 -0.029251
433 0.098420
434 0.034931
435 0.244406
436 0.150024
437 -0.161274
438 -0.029993
439 -0.041798
440 0.066623
441 0.178718
442 -0.104999
443 -0.030201
444 -0.070948
445 0.088423
446 0.155950
447 0.179223
448 0.002046
449 0.128306
450 0.129718
451 -0.040286
452 -0.125254
453 -0.095296
454 0.010002
455 0.218218
456 -0.215952
457 -0.083262
458 -0.199941
459 -0.185757
460 0.055535
461 0.066611
462 -0.011470
463 -0.067231
464 0.001338
465 0.114459
466 0.050752
467 0.129834
468 -0.004551
469 0.308426
470 0.052641
471 -0.119705
472 -0.132169
473 -0.118814
474 0.054726
475 -0.040805
476 0.086175
477 -0.087448
478 -0.007995
479 -0.224500
480 0.116138
481 0.064111
482 -0.095655
483 0.081039
484 -0.180648
485 -0.008772
486 -0.149763
487 -0.227900
488 -0.090711
489 0.189017
490 -0.001883
491 0.091607
492 0.243215
493 0.080976
494 0.109313
495 0.067882
496 0.097114
497 -0.097930
498 0.125755
499 -0.211780
500 0.204386
501 -0.156038
502 -0.368040
503 0.157520
504 0.115006
505 0.025289
506 -0.017911
507 0.025200
508 -0.107405
509 -0.243453
510 0.169273
511 -0.064445
512 0.089151
513 -0.013282
514 0.130895
515 -0.211492
516 0.088819
517 -0.014768
518 -0.008701
519 -0.064260
520 0.019872
521 -0.142364
522 0.249816
523 -0.173869
524 0.081599
525 0.082250
526 -0.106168
527 0.136976
528 0.000418
529 -0.083839
530 0.047741
531 -0.228562
532 0.031662
533 0.281166
534 0.134183
535 0.006561
536 -0.110318
537 -0.038549
538 0.058081
539 -0.218343
540 -0.326381
541 -0.035720
542 0.113351
543 -0.122326
544 -0.027555
545 -0.204964
546 -0.095511
547 0.070590
548 0.069694
549 0.026897
550 0.102800
551 -0.006601
552 0.115514
553 -0.059222
554 -0.115909
555 -0.018105
556 -0.024055
557 -0.105907
558 -0.015078
559 -0.320824
560 0.214478
561 -0.078211
562 0.016439
563 -0.489010
564 0.108995
565 0.020752
566 -0.259022
567 -0.015560
568 -0.018466
569 -0.031936
570 -0.033991
571 0.021726
572 0.075654
573 0.040145
574 0.094942
575 -0.138015
576 -0.215036
577 0.009712
578 0.022358
579 -0.016250
580 -0.082974
581 0.023752
582 0.018540
583 0.180862
584 -0.302284
585 0.110486
586 0.013017
587 0.227512
588 0.056738
589 -0.098132
590 0.000391
591 0.019393
592 0.081208
593 0.034023
594 0.083542
595 -0.051913
596 -0.220575
597 0.187034
598 -0.056631
599 0.037076
600 -0.222426
601 -0.023608
602 -0.005391
603 0.056972
604 -0.056443
605 -0.279946
606 0.008994
607 0.001817
608 0.019328
609 -0.055994
610 0.042036
611 -0.026257
612 0.088491
613 -0.129541
614 0.145475
615 0.023994
616 -0.057559
617 -0.008187
618 -0.132971
619 0.094662
620 -0.050094
621 0.057966
622 0.033306
623 0.122879
624 0.015430
625 0.050736
626 0.017117
627 -0.060713
628 -0.189754
629 -0.149613
630 0.006960
631 0.116179
632 0.264867
633 -0.198764
634 -0.016257
635 0.064400
636 -0.067390
637 0.037054
638 0.060874
639 -0.128885
640 0.248066
641 0.139729
642 -0.193889
643 -0.068492
644 -0.316491
645 -0.038299
646 0.154442
647 -0.147189
648 -0.143469
649 0.009508
650 0.038765
651 0.272836
652 -0.089092
653 -0.029764
654 0.042943
655 -0.015206
656 -0.242427
657 -0.376883
658 -0.153083
659 -0.142084
660 0.036162
661 -0.181966
662 0.070159
663 0.158997
664 -0.067810
665 -0.040241
666 -0.053473
667 -0.070717
668 -0.181583
669 -0.282288
670 -0.058381
671 0.225768
672 0.262692
673 0.135174
674 -0.068771
675 0.062583
676 -0.145242
677 0.038931
678 -0.048017
679 0.457591
680 -0.030763
681 0.043632
682 -0.008489
683 -0.181193
684 0.083412
685 0.019362
686 0.095798
687 0.052074
688 -0.108993
689 -0.072251
690 0.039684
691 0.053801
692 0.009142
693 -0.243260
694 0.021284
695 -0.212019
696 -0.083991
697 0.044416
698 0.116660
699 -0.095974
700 0.012305
701 -0.054290
702 -0.203512
703 0.156145
704 -0.075172
705 -0.174185
706 -0.081067
707 0.124723
708 -0.191490
709 0.191187
710 -0.109896
711 -0.137706
712 -0.362350
713 0.036312
714 -0.152148
715 0.109694
716 0.067108
717 0.017799
718 -0.136151
719 -0.043636
720 -0.180040
721 -0.098230
722 0.090083
723 0.201358
724 0.328219
725 -0.001268
726 0.132330
727 -0.160871
728 -0.179708
729 -0.009998
730 0.108892
731 -0.097851
732 0.230270
733 0.136745
734 -0.245740
735 0.028148
736 0.047118
737 0.220337
738 -0.048409
739 -0.009963
740 0.062891
741 0.129168
742 -0.002224
743 0.038726
744 0.218459
745 0.331019
746 0.124613
747 -0.143849
748 -0.077720
749 -0.126122
750 -0.155799
751 0.110604
752 -0.196999
753 0.117217
754 -0.041418
755 -0.204573
756 0.061163
757 -0.176872
758 0.087397
759 -0.011245
760 -0.139654
761 0.091649
762 0.050765
763 0.055315
764 0.021244
765 -0.187079
766 -0.082339
767 -0.123688
768 0.043282
769 -0.261332
770 0.068969
771 0.144024
772 0.054278
773 -0.075828
774 0.135034
775 -0.163959
776 0.081439
777 -0.254702
778 0.207187
779 -0.031262
780 -0.155401
781 0.075207
782 0.035114
783 0.026983
784 0.002395
785 0.202840
786 0.170482
787 0.045422
788 0.041848
789 0.117404
790 0.176788
791 0.160873
792 0.005309
793 -0.040220
794 0.026393
795 0.067263
796 -0.138748
797 -0.172694
798 0.035717
799 0.147588
800 0.158960
801 0.061723
802 0.208485
803 -0.047774
804 -0.031584
805 -0.237434
806 0.067813
807 -0.258352
808 0.106596
809 -0.099243
810 0.176424
811 -0.050979
812 0.090597
813 -0.052387
814 -0.019101
815 -0.066520
816 0.122083
817 -0.006626
818 -0.033893
819 -0.013314
820 0.123319
821 0.195298
822 0.096053
823 -0.040175
824 -0.151211
825 0.009758
826 0.288836
827 0.148045
828 0.146871
829 0.147533
830 0.077455
831 0.081914
832 -0.083893
833 -0.032063
834 -0.039879
835 0.198990
836 0.155928
837 -0.049168
838 -0.022249
839 0.085115
840 0.013083
841 -0.114598
842 -0.058838
843 -0.017819
844 -0.057744
845 -0.113775
846 -0.035618
847 -0.073116
848 -0.149213
849 0.150281
850 0.192320
851 0.053964
852 0.070460
853 0.263809
854 -0.031078
855 0.077277
856 0.234364
857 -0.174248
858 0.000470
859 0.064078
860 0.043537
861 -0.012833
862 0.016062
863 -0.075980
864 -0.067026
865 0.053060
866 -0.108940
867 0.167911
868 0.014065
869 -0.085778
870 -0.083758
871 0.131676
872 0.099273
873 -0.113560
874 0.002471
875 0.105693
876 -0.044633
877 0.251031
878 -0.099483
879 0.187903
880 0.092198
881 0.037885
882 -0.088281
883 0.078912
884 0.187449
885 0.093073
886 0.105639
887 -0.076034
888 -0.158656
889 0.105193
890 0.229027
891 0.386428
892 0.058941
893 0.042137
894 0.108935
895 0.026408
896 -0.068923
897 0.090555
898 0.143449
899 -0.060616
900 -0.126614
901 -0.035544
902 0.009752
903 -0.001138
904 -0.004205
905 0.028847
906 0.039491
907 0.003575
908 0.003266
909 0.037012
910 0.122049
911 0.096908
912 0.284121
913 -0.049346
914 -0.135545
915 0.033751
916 0.147401
917 0.191068
918 0.089812
919 -0.018583
920 0.012948
921 -0.010605
922 -0.028195
923 -0.140109
924 0.204159
925 -0.040670
926 -0.220752
927 0.001746
928 0.094460
929 0.069901
930 -0.093901
931 0.218277
932 0.025249
933 0.055227
934 0.038036
935 0.068115
936 0.003000
937 0.079456
938 0.041173
939 0.034466
940 0.105084
941 0.100687
942 -0.259110
943 -0.025304
944 -0.157167
945 0.095541
946 -0.052265
947 0.038619
948 -0.020427
949 0.112667
950 0.185946
951 -0.075906
952 0.101252
953 0.037770
954 -0.109157
955 0.056359
956 0.083626
957 0.094996
958 -0.114675
959 0.022409
960 0.185346
961 0.085749
962 -0.054027
963 0.035193
964 -0.066434
965 0.061674
966 -0.128402
967 0.369780
968 -0.218291
969 -0.016554
970 0.151501
971 -0.037128
972 -0.068584
973 -0.242932
974 0.287671
975 -0.239799
976 0.074333
977 -0.215617
978 0.104669
979 -0.062262
980 0.126459
981 0.237924
982 0.204444
983 -0.252134
984 -0.040462
985 0.142125
986 0.155282
987 0.066706
988 -0.014620
989 0.060880
990 0.157338
991 -0.065521
992 0.048620
993 0.195899
994 -0.198724
995 0.126761
996 -0.128029
997 0.053865
998 0.164182
999 0.133204
1000 -0.045498
1001 0.034783
1002 -0.038673
1003 -0.062224
1004 0.197521
1005 -0.076139
1006 -0.067951
1007 -0.133186
1008 0.059550
1009 0.006272
1010 -0.029297
1011 -0.048798
1012 -0.022656
1013 0.175883
1014 -0.012874
1015 0.034926
1016 0.178016
1017 0.006687
1018 -0.023888
1019 0.097485
1020 -0.055836
1021 -0.132102
1022 0.143882
1023 0.200495
1024 0.145676
1025 -0.151028
1026 -0.228444
1027 0.213404
1028 0.129699
1029 0.050304
1030 -0.061652
1031 0.167726
1032 0.099571
1033 0.025203
1034 -0.058054
1035 0.194253
1036 0.198501
1037 -0.020759
1038 0.045107
1039 0.026091
1040 -0.017724
1041 0.092526
1042 0.196593
1043 0.004928
1044 0.061412
1045 0.177695
1046 -0.251547
1047 0.021620
1048 0.118866
1049 0.044563
1050 -0.073919
1051 0.055219
1052 0.020883
1053 0.110880
1054 -0.000432
1055 0.160678
1056 0.151631
1057 -0.004405
1058 -0.050471
1059 0.023609
1060 -0.148182
1061 -0.123536
1062 0.092571
1063 0.075742
1064 0.087123
1065 0.149116
1066 0.070505
1067 -0.138315
1068 -0.160478
1069 0.008470
1070 -0.154684
1071 0.094145
1072 -0.100948
1073 0.059434
1074 0.123598
1075 0.043323
1076 0.123675
1077 -0.093274
1078 0.121756
1079 -0.238318
1080 -0.015290
1081 -0.020508
1082 -0.019162
1083 -0.076707
1084 -0.010840
1085 0.038415
1086 0.087035
1087 -0.013089
1088 -0.052813
1089 0.156255
1090 0.143951
1091 -0.040350
1092 -0.163624
1093 -0.095403
1094 -0.056291
1095 -0.031284
1096 0.023264
1097 0.059654
1098 -0.144748
1099 0.011594
1100 -0.195094
1101 -0.165945
1102 0.114445
1103 -0.132959
1104 0.059384
1105 0.084485
1106 -0.103545
1107 0.113648
1108 -0.035076
1109 -0.083700
1110 0.142935
1111 0.002684
1112 0.089572
1113 -0.076362
1114 -0.010360
1115 0.308026
1116 0.076194
1117 -0.060206
1118 -0.022678
1119 0.009091
1120 -0.073371
1121 0.068861
1122 -0.081894
1123 -0.116425
1124 -0.080820
1125 0.031275
1126 -0.347814
1127 -0.003933
1128 0.076289
1129 -0.143017
1130 -0.241468
1131 0.179354
1132 0.057130
1133 -0.130693
1134 0.157850
1135 -0.299345
1136 -0.174688
1137 0.079153
1138 0.091495
1139 -0.035027
1140 -0.155083
1141 -0.100119
1142 -0.051981
1143 0.068652
1144 0.146252
1145 0.068070
1146 0.070938
1147 -0.102203
1148 0.056599
1149 -0.189905
1150 -0.065999
1151 0.104943
1152 -0.070484
1153 0.101666
1154 0.059359
1155 -0.072690
1156 -0.001372
1157 0.221486
1158 -0.219678
1159 -0.222673
1160 0.120606
1161 0.064213
1162 0.023460
1163 0.113218
1164 -0.210133
1165 0.033368
1166 0.013443
1167 -0.070676
1168 0.108683
1169 0.203143
1170 -0.030343
1171 0.093820
1172 0.099241
1173 -0.118815
1174 -0.071348
1175 -0.178784
1176 0.178450
1177 -0.195414
1178 0.176897
1179 -0.143547
1180 0.009618
1181 0.172869
1182 0.213050
1183 -0.143364
1184 -0.091823
1185 -0.099910
1186 0.004535
1187 0.384749
1188 -0.009707
1189 0.100227
1190 0.199212
1191 0.146492
1192 -0.019543
1193 -0.071596
1194 0.035186
1195 -0.102763
1196 0.014166
1197 0.017863
1198 0.153696
1199 0.087068
1200 0.151209
1201 0.150281
1202 -0.233014
1203 0.092277
1204 0.110113
1205 0.148241
1206 0.017609
1207 0.075906
1208 0.129731
1209 -0.042034
1210 0.057595
1211 0.211036
1212 0.062197
1213 0.193744
1214 0.174180
1215 -0.239735
0 -0.048978
1 0.009164
2 0.138700
3 0.005509
4 -0.075605
5 -0.144197
6 -0.194045
7 0.029434
8 0.003105
9 -0.083429
10 -0.015417
11 -0.052203
12 -0.189376
13 0.186039
14 0.111258
15 0.033821
16 -0.055755
17 -0.165171
18 0.087719
19 -0.011009
20 0.043544
21 -0.015020
22 -0.251019
23 0.005481
24 0.035257
25 -0.213275
26 -0.217316
27 -0.237798
28 0.043433
29 0.080336
30 0.097809
31 -0.022306
32 0.063662
33 -0.059151
34 0.021224
35 0.077536
36 -0.285646
37 -0.112175
38 0.217745
39 -0.061973
40 0.335652
41 0.072246
42 0.042996
43 -0.002662
44 0.145462
45 0.051172
46 0.091391
47 0.041959
48 0.206457
49 0.221855
50 -0.005380
51 0.006579
52 0.091334
53 0.047329
54 0.073785
55 -0.190807
56 -0.198012
57 -0.059884
58 0.159903
59 0.040562
60 0.057249
61 0.269932
62 -0.078781
63 0.178984
64 0.222930
65 -0.011137
66 -0.045515
67 -0.066858
68 0.055874
69 0.034321
70 -0.023794
71 0.263489
72 0.084843
73 0.074124
74 0.160499
75 -0.026132
76 0.018070
77 -0.184864
78 -0.005738
79 0.147737
80 0.033201
81 -0.117442
82 0.069742
83 -0.191460
84 -0.011940
85 0.135956
86 0.194111
87 -0.138973
88 -0.167144
89 0.024776
90 0.074164
91 -0.217940
92 -0.069727
93 0.096219
94 -0.073578
95 -0.094075
96 -0.005036
97 0.061548
98 0.014616
99 0.216751
100 0.208389
101 -0.070349
102 -0.097131
103 0.197606
104 0.233458
105 0.222709
106 -0.052009
107 -0.029456
108 0.048388
109 -0.153580
110 0.151495
111 0.140852
112 0.090822
113 0.038610
114 0.087854
115 0.078936
116 0.127021
117 0.104672
118 -0.147892
119 0.034561
120 0.110058
121 0.068338
122 0.147365
123 -0.116321
124 0.166575
125 0.102039
126 -0.006282
127 0.006785
128 0.025191
129 -0.059180
130 0.207982
131 -0.032500
132 0.167743
133 -0.219240
134 0.086231
135 0.091407
136 0.011771
137 0.065900
138 -0.117911
139 -0.058058
140 -0.074599
141 0.041085
142 -0.228578
143 0.129887
144 -0.153004
145 0.164315
146 0.166782
147 -0.155720
148 0.228174
149 -0.039372
150 0.274568
151 0.114204
152 -0.065919
153 0.118197
154 0.103549
155 0.092858
156 -0.079285
157 0.044496
158 0.067240
159 0.146499
160 -0.107647
161 0.033250
162 -0.183389
163 0.078091
164 -0.115163
165 0.301193
166 0.114001
167 -0.001717
168 0.113558
169 0.084137
170 -0.007327
171 -0.190868
172 0.053020
173 0.051979
174 -0.097227
175 0.015365
176 0.126447
177 0.080661
178 0.081450
179 -0.135438
180 0.053290
181 0.034407
182 -0.068116
183 0.150161
184 0.027208
185 0.144462
186 0.006116
187 0.078710
188 -0.231180
189 -0.204516
190 -0.265934
191 0.062761
192 0.009039
193 0.076094
194 0.035319
195 0.019371
196 0.155430
197 -0.075397
198 0.237884
199 -0.473338
200 -0.093866
201 0.100631
202 -0.310593
203 -0.320477
204 -0.239080
205 0.011891
206 0.241496
207 0.051826
208 -0.032798
209 0.216939
210 0.013921
211 0.014512
212 -0.006467
213 -0.242802
214 -0.130902
215 -0.022152
216 -0.030535
217 0.174514
218 -0.202198
219 -0.049856
220 0.039979
221 0.137184
222 -0.145720
223 0.037607
224 -0.114304
225 -0.093792
226 0.140561
227 -0.048443
228 -0.057621
229 0.395200
230 -0.054096
231 0.008499
232 -0.105740
233 0.205425
234 -0.058208
235 -0.130583
236 -0.045710
237 0.019942
238 0.049039
239 -0.164428
240 -0.081174
241 -0.159475
242 -0.097067
243 -0.023526
244 0.070381
245 -0.038987
246 0.056530
247 -0.012774
248 -0.021725
249 -0.152279
250 0.019940
251 0.092573
252 -0.129260
253 -0.025459
254 -0.081800
255 -0.036983
256 -0.082162
257 -0.146012
258 0.016812
259 0.034516
260 -0.064385
261 -0.225743
262 -0.040047
263 0.105373
264 -0.085493
265 0.040138
266 -0.002621
267 -0.007564
268 0.346950
269 -0.023642
270 0.014126
271 -0.132708
272 0.037049
273 -0.002754
274 -0.010517
275 -0.212404
276 -0.043027
277 0.098945
278 -0.229054
279 -0.046272
280 -0.178532
281 0.177034
282 -0.179092
283 -0.028541
284 -0.205650
285 0.082291
286 -0.208950
287 -0.291786
288 0.029887
289 0.032412
290 -0.018669
291 -0.102875
292 -0.033587
293 0.148465
294 -0.152220
295 0.105204
296 -0.009200
297 0.008922
298 -0.177026
299 -0.073941
300 -0.000055
301 -0.023688
302 -0.077896
303 -0.113768
304 -0.089222
305 -0.104513
306 -0.036856
307 0.026349
308 0.032220
309 0.117148
310 -0.017160
311 0.033404
312 -0.032900
313 0.200941
314 0.119373
315 0.058256
316 -0.046490
317 0.120681
318 0.075546
319 -0.065266
320 0.011533
321 -0.197883
322 0.033594
323 -0.116153
324 -0.164923
325 -0.109757
326 -0.228860
327 0.112967
328 -0.101328
329 -0.204013
330 -0.117071
331 0.108803
332 0.122187
333 -0.065688
334 0.003808
335 0.070568
336 0.188676
337 -0.071667
338 0.113502
339 -0.037699
340 0.015029
341 0.007577
342 0.030015
343 -0.067093
344 0.104570
345 0.066130
346 0.057724
347 0.260381
348 -0.129759
349 -0.069229
350 0.001252
351 -0.040087
352 -0.081007
353 -0.121397
354 -0.102721
355 0.122292
356 0.274743
357 -0.106939
358 0.037528
359 0.133413
360 0.251932
361 0.020743
362 -0.124471
363 0.050039
364 0.374922
365 0.105151
366 -0.265040
367 0.018331
368 -0.042266
369 0.055230
370 -0.203531
371 0.062328
372 -0.564462
373 0.026790
374 -0.065486
375 0.057498
376 -0.150651
377 0.057579
378 -0.030856
379 -0.051195
380 0.244154
381 0.066736
382 0.123755
383 -0.066865
384 -0.137916
385 0.015304
386 -0.012409
387 -0.268094
388 -0.017892
389 0.199300
390 0.230111
391 -0.008562
392 0.014792
393 -0.099728
394 0.047983
395 -0.162640
396 -0.033230
397 -0.184000
398 -0.002044
399 -0.067737
400 -0.065736
401 -0.094311
402 -0.027001
403 0.066027
404 0.137087
405 -0.051889
406 -0.097130
407 -0.135015
408 0.051354
409 -0.054772
410 0.069003
411 0.056028
412 -0.155509
413 0.022594
414 0.039901
415 0.000176
416 0.065478
417 0.028134
418 0.146746
419 0.083862
420 0.042644
421 -0.173646
422 -0.005694
423 -0.020634
424 0.143081
425 -0.001419
426 0.039984
427 0.204607
428 0.134782
429 -0.184370
430 -0.074697
431 0.081954
432 -0.029251
433 0.098420
434 0.034931
435 0.244406
436 0.150024
437 -0.161274
438 -0.029993
439 -0.041798
440 0.066623
441 0.178718
442 -0.104999
443 -0.030201
444 -0.070948
445 0.088423
446 0.155950
447 0.179223
448 0.002046
449 0.128306
450 0.129718
451 -0.040286
452 -0.125254
453 -0.095296
454 0.010002
455 0.218218
456 -0.215952
457 -0.083262
458 -0.199941
459 -0.185757
460 0.055535
461 0.066611
462 -0.011470
463 -0.067231
464 0.001338
465 0.114459
466 0.050752
467 0.129834
468 -0.004551
469 0.308426
470 0.052641
471 -0.119705
472 -0.132169
473 -0.118814
474 0.054726
475 -0.040805
476 0.086175
477 -0.087448
478 -0.007995
479 -0.224500
480 0.116138
481 0.064111
482 -0.095655
483 0.081039
484 -0.180648
485 -0.008772
486 -0.149763
487 -0.227900
488 -0.090711
489 0.189017
490 -0.001883
491 0.091607
492 0.243215
493 0.080976
494 0.109313
495 0.067882
496 0.097114
497 -0.097930
498 0.125755
499 -0.211780
500 0.204386
501 -0.156038
502 -0.368040
503 0.157520
504 0.115006
505 0.025289
506 -0.017911
507 0.025200
508 -0.107405
509 -0.243453
510 0.169273
511 -0.064445
512 0.089151
513 -0.013282
514 0.130895
515 -0.211492
516 0.088819
517 -0.014768
518 -0.008701
519 -0.064260
520 0.019872
521 -0.142364
522 0.249816
523 -0.173869
524 0.081599
525 0.082250
526 -0.106168
527 0.136976
528 0.000418
529 -0.083839
530 0.047741
531 -0.228562
532 0.031662
533 0.281166
534 0.134183
535 0.006561
536 -0.110318
537 -0.038549
538 0.058081
539 -0.218343
540 -0.326381
541 -0.035720
542 0.113351
543 -0.122326
544 -0.027555
545 -0.204964
546 -0.095511
547 0.070590
548 0.069694
549 0.026897
550 0.102800
551 -0.006601
552 0.115514
553 -0.059222
554 -0.115909
555 -0.018105
556 -0.024055
557 -0.105907
558 -0.015078
559 -0.320824
560 0.214478
561 -0.078211
562 0.016439
563 -0.489010
564 0.108995
565 0.020752
566 -0.259022
567 -0.015560
568 -0.018466
569 -0.031936
570 -0.033991
571 0.021726
572 0.075654
573 0.040145
574 0.094942
575 -0.138015
576 -0.215036
577 0.009712
578 0.022358
579 -0.016250
580 -0.082974
581 0.023752
582 0.018540
583 0.180862
584 -0.302284
585 0.110486
586 0.013017
587 0.227512
588 0.056738
589 -0.098132
590 0.000391
591 0.019393
592 0.081208
593 0.034023
594 0.083542
595 -0.051913
596 -0.220575
597 0.187034
598 -0.056631
599 0.037076
600 -0.222426
601 -0.023608
602 -0.005391
603 0.056972
604 -0.056443
605 -0.279946
606 0.008994
607 0.001817
608 0.019328
609 -0.055994
610 0.042036
611 -0.026257
612 0.088491
613 -0.129541
614 0.145475
615 0.023994
616 -0.057559
617 -0.008187
618 -0.132971
619 0.094662
620 -0.050094
621 0.057966
622 0.033306
623 0.122879
624 0.015430
625 0.050736
626 0.017117
627 -0.060713
628 -0.189754
629 -0.149613
630 0.006960
631 0.116179
632 0.264867
633 -0.198764
634 -0.016257
635 0.064400
636 -0.067390
637 0.037054
638 0.060874
639 -0.128885
640 0.248066
641 0.139729
642 -0.193889
643 -0.068492
644 -0.316491
645 -0.038299
646 0.154442
647 -0.147189
648 -0.143469
649 0.009508
650 0.038765
651 0.272836
652 -0.089092
653 -0.029764
654 0.042943
655 -0.015206
656 -0.242427
657 -0.376883
658 -0.153083
659 -0.142084
660 0.036162
661 -0.181966
662 0.070159
663 0.158997
664 -0.067810
665 -0.040241
666 -0.053473
667 -0.070717
668 -0.181583
669 -0.282288
670 -0.058381
671 0.225768
672 0.262692
673 0.135174
674 -0.068771
675 0.062583
676 -0.145242
677 0.038931
678 -0.048017
679 0.457591
680 -0.030763
681 0.043632
682 -0.008489
683 -0.181193
684 0.083412
685 0.019362
686 0.095798
687 0.052074
688 -0.108993
689 -0.072251
690 0.039684
691 0.053801
692 0.009142
693 -0.243260
694 0.021284
695 -0.212019
696 -0.083991
697 0.044416
698 0.116660
699 -0.095974
700 0.012305
701 -0.054290
702 -0.203512
703 0.156145
704 -0.075172
705 -0.174185
706 -0.081067
707 0.124723
708 -0.191490
709 0.191187
710 -0.109896
711 -0.137706
712 -0.362350
713 0.036312
714 -0.152148
715 0.109694
716 0.067108
717 0.017799
718 -0.136151
719 -0.043636
720 -0.180040
721 -0.098230
722 0.090083
723 0.201358
724 0.328219
725 -0.001268
726 0.132330
727 -0.160871
728 -0.179708
729 -0.009998
730 0.108892
731 -0.097851
732 0.230270
733 0.136745
734 -0.245740
735 0.028148
736 0.047118
737 0.220337
738 -0.048409
739 -0.009963
740 0.062891
741 0.129168
742 -0.002224
743 0.038726
744 0.218459
745 0.331019
746 0.124613
747 -0.143849
748 -0.077720
749 -0.126122
750 -0.155799
751 0.110604
752 -0.196999
753 0.117217
754 -0.041418
755 -0.204573
756 0.061163
757 -0.176872
758 0.087397
759 -0.011245
760 -0.139654
761 0.091649
762 0.050765
763 0.055315
764 0.021244
765 -0.187079
766 -0.082339
767 -0.123688
768 0.043282
769 -0.261332
770 0.068969
771 0.144024
772 0.054278
773 -0.075828
774 0.135034
775 -0.163959
776 0.081439
777 -0.254702
778 0.207187
779 -0.031262
780 -0.155401
781 0.075207
782 0.035114
783 0.026983
784 0.002395
785 0.202840
786 0.170482
787 0.045422
788 0.041848
789 0.117404
790 0.176788
791 0.160873
792 0.005309
793 -0.040220
794 0.026393
795 0.067263
796 -0.138748
797 -0.172694
798 0.035717
799 0.147588
800 0.158960
801 0.061723
802 0.208485
803 -0.047774
804 -0.031584
805 -0.237434
806 0.067813
807 -0.258352
808 0.106596
809 -0.099243
810 0.176424
811 -0.050979
812 0.090597
813 -0.052387
814 -0.019101
815 -0.066520
816 0.122083
817 -0.006626
818 -0.033893
819 -0.013314
820 0.123319
821 0.195298
822 0.096053
823 -0.040175
824 -0.151211
825 0.009758
826 0.288836
827 0.148045
828 0.146871
829 0.147533
830 0.077455
831 0.081914
832 -0.083893
833 -0.032063
834 -0.039879
835 0.198990
836 0.155928
837 -0.049168
838 -0.022249
839 0.085115
840 0.013083
841 -0.114598
842 -0.058838
843 -0.017819
844 -0.057744
845 -0.113775
846 -0.035618
847 -0.073116
848 -0.149213
849 0.150281
850 0.192320
851 0.053964
852 0.070460
853 0.263809
854 -0.031078
855 0.077277
856 0.234364
857 -0.174248
858 0.000470
859 0.064078
860 0.043537
861 -0.012833
862 0.016062
863 -0.075980
864 -0.067026
865 0.053060
866 -0.108940
867 0.167911
868 0.014065
869 -0.085778
870 -0.083758
871 0.131676
872 0.099273
873 -0.113560
874 0.002471
875 0.105693
876 -0.044633
877 0.251031
878 -0.099483
879 0.187903
880 0.092198
881 0.037885
882 -0.088281
883 0.078912
884 0.187449
885 0.093073
886 0.105639
887 -0.076034
888 -0.158656
889 0.105193
890 0.229027
891 0.386428
892 0.058941
893 0.042137
894 0.108935
895 0.026408
896 -0.068923
897 0.090555
898 0.143449
899 -0.060616
900 -0.126614
901 -0.035544
902 0.009752
903 -0.001138
904 -0.004205
905 0.028847
906 0.039491
907 0.003575
908 0.003266
909 0.037012
910 0.122049
911 0.096908
912 0.284121
913 -0.049346
914 -0.135545
915 0.033751
916 0.147401
917 0.191068
918 0.089812
919 -0.018583
920 0.012948
921 -0.010605
922 -0.028195
923 -0.140109
924 0.204159
925 -0.040670
926 -0.220752
927 0.001746
928 0.094460
929 0.069901
930 -0.093901
931 0.218277
932 0.025249
933 0.055227
934 0.038036
935 0.068115
936 0.003000
937 0.079456
938 0.041173
939 0.034466
940 0.105084
941 0.100687
942 -0.259110
943 -0.025304
944 -0.157167
945 0.095541
946 -0.052265
947 0.038619
948 -0.020427
949 0.112667
950 0.185946
951 -0.075906
952 0.101252
953 0.037770
954 -0.109157
955 0.056359
956 0.083626
957 0.094996
958 -0.114675
959 0.022409
960 0.185346
961 0.085749
962 -0.054027
963 0.035193
964 -0.066434
965 0.061674
966 -0.128402
967 0.369780
968 -0.218291
969 -0.016554
970 0.151501
971 -0.037128
972 -0.068584
973 -0.242932
974 0.287671
975 -0.239799
976 0.074333
977 -0.215617
978 0.104669
979 -0.062262
980 0.126459
981 0.237924
982 0.204444
983 -0.252134
984 -0.040462
985 0.142125
986 0.155282
987 0.066706
988 -0.014620
989 0.060880
990 0.157338
991 -0.065521
992 0.048620
993 0.195899
994 -0.198724
995 0.126761
996 -0.128029
997 0.053865
998 0.164182
999 0.133204
1000 -0.045498
1001 0.034783
1002 -0.038673
1003 -0.062224
1004 0.197521
1005 -0.076139
1006 -0.067951
1007 -0.133186
1008 0.059550
1009 0.006272
1010 -0.029297
1011 -0.048798
1012 -0.022656
1013 0.175883
1014 -0.012874
1015 0.034926
1016 0.178016
1017 0.006687
1018 -0.023888
1019 0.097485
1020 -0.055836
1021 -0.132102
1022 0.143882
1023 0.200495
1024 0.145676
1025 -0.151028
1026 -0.228444
1027 0.213404
1028 0.129699
1029 0.050304
1030 -0.061652
1031 0.167726
1032 0.099571
1033 0.025203
1034 -0.058054
1035 0.194253
1036 0.198501
1037 -0.020759
1038 0.045107
1039 0.026091
1040 -0.017724
1041 0.092526
1042 0.196593
1043 0.004928
1044 0.061412
1045 0.177695
1046 -0.251547
1047 0.021620
1048 0.118866
1049 0.044563
1050 -0.073919
1051 0.055219
1052 0.020883
1053 0.110880
1054 -0.000432
1055 0.160678
1056 0.151631
1057 -0.004405
1058 -0.050471
1059 0.023609
1060 -0.148182
1061 -0.123536
1062 0.092571
1063 0.075742
1064 0.087123
1065 0.149116
1066 0.070505
1067 -0.138315
1068 -0.160478
1069 0.008470
1070 -0.154684
1071 0.094145
1072 -0.100948
1073 0.059434
1074 0.123598
1075 0.043323
1076 0.123675
1077 -0.093274
1078 0.121756
1079 -0.238318
1080 -0.015290
1081 -0.020508
1082 -0.019162
1083 -0.076707
1084 -0.010840
1085 0.038415
1086 0.087035
1087 -0.013089
1088 -0.052813
1089 0.156255
1090 0.143951
1091 -0.040350
1092 -0.163624
1093 -0.095403
1094 -0.056291
1095 -0.031284
1096 0.023264
1097 0.059654
1098 -0.144748
1099 0.011594
1100 -0.195094
1101 -0.165945
1102 0.114445
1103 -0.132959
1104 0.059384
1105 0.084485
1106 -0.103545
1107 0.113648
1108 -0.035076
1109 -0.083700
1110 0.142935
1111 0.002684
1112 0.089572
1113 -0.076362
1114 -0.010360
1115 0.308026
1116 0.076194
1117 -0.060206
1118 -0.022678
1119 0.009091
1120 -0.073371
1121 0.068861
1122 -0.081894
1123 -0.116425
1124 -0.080820
1125 0.031275
1126 -0.347814
1127 -0.003933
1128 0.076289
1129 -0.143017
1130 -0.241468
1131 0.179354
1132 0.057130
1133 -0.130693
1134 0.157850
1135 -0.299345
1136 -0.174688
1137 0.079153
1138 0.091495
1139 -0.035027
1140 -0.155083
1141 -0.100119
1142 -0.051981
1143 0.068652
1144 0.146252
1145 0.068070
1146 0.070938
1147 -0.102203
1148 0.056599
1149 -0.189905
1150 -0.065999
1151 0.104943
1152 -0.070484
1153 0.101666
1154 0.059359
1155 -0.072690
1156 -0.001372
1157 0.221486
1158 -0.219678
1159 -0.222673
1160 0.120606
1161 0.064213
1162 0.023460
1163 0.113218
1164 -0.210133
1165 0.033368
1166 0.013443
1167 -0.070676
1168 0.108683
1169 0.203143
1170 -0.030343
1171 0.093820
1172 0.099241
1173 -0.118815
1174 -0.071348
1175 -0.178784
1176 0.178450
1177 -0.195414
1178 0.176897
1179 -0.143547
1180 0.009618
1181 0.172869
1182 0.213050
1183 -0.143364
1184 -0.091823
1185 -0.099910
1186 0.004535
1187 0.384749
1188 -0.009707
1189 0.100227
1190 0.199212
1191 0.146492
1192 -0.019543
1193 -0.071596
1194 0.035186
1195 -0.102763
1196 0.014166
1197 0.017863
1198 0.153696
1199 0.087068
1200 0.151209
1201 0.150281
1202 -0.233014
1203 0.092277
1204 0.110113
1205 0.148241
1206 0.017609
1207 0.075906
1208 0.129731
1209 -0.042034
1210 0.057595
1211 0.211036
1212 0.062197
1213 0.193744
1214 0.174180
1215 -0.239735
0 -0.048978
1 -0.311753
2 -0.104145
3 -0.035911
4 0.042464
5 0.003371
6 -0.031207
7 0.127206
8 -0.054874
9 -0.222768
10 0.212669
11 -0.092229
12 0.041368
13 0.187756
14 0.295487
15 0.070822
16 -0.336429
17 0.069999
18 0.071023
19 0.288082
20 -0.048856
21 -0.030106
22 0.192616
23 0.150533
24 0.060377
25 -0.199672
26 -0.269514
27 0.151367
28 0.011005
29 -0.034000
30 -0.124398
31 -0.008995
32 0.165014
33 -0.054453
34 0.122330
35 -0.013099
36 0.437613
37 -0.117470
38 -0.180940
39 0.162876
40 0.096931
41 -0.346148
42 0.303426
43 -0.043939
44 0.066325
45 0.093824
46 0.010008
47 -0.117902
48 -0.017685
49 -0.171408
50 0.254633
51 -0.102097
52 0.107658
53 0.225280
54 0.192407
55 0.141779
56 -0.078969
57 0.166641
58 -0.312285
59 0.329682
60 0.181110
61 0.060501
62 -0.011209
63 -0.000635
64 0.101798
65 0.063304
66 -0.060362
67 0.045440
68 0.323906
69 -0.180674
70 0.220932
71 0.217335
72 0.431666
73 -0.161313
74 0.070218
75 0.049125
76 -0.210198
77 0.293228
78 0.056534
79 -0.026408
80 -0.154002
81 -0.046085
82 -0.262359
83 -0.459125
84 0.002045
85 0.104769
86 -0.367395
87 -0.183894
88 0.205784
89 -0.032358
90 0.115001
91 -0.031799
92 0.430581
93 -0.147632
94 -0.053147
95 -0.013014
96 0.153569
97 -0.103842
98 -0.050347
99 -0.118905
100 0.410403
101 0.074602
102 0.072404
103 0.100142
104 0.101634
105 0.089823
106 0.179258
107 0.070639
108 -0.139673
109 0.115907
110 0.195305
111 -0.149279
112 -0.241846
113 -0.072782
114 -0.240629
115 -0.041548
116 -0.011075
117 0.019477
118 -0.143166
119 -0.230917
120 -0.142828
121 -0.013267
122 0.070842
123 0.070383
124 0.015516
125 0.158213
126 0.061406
127 -0.095725
128 0.153360
129 -0.136134
130 -0.024555
131 -0.018693
132 -0.028433
133 -0.048080
134 -0.009428
135 0.216768
136 0.319170
137 0.106996
138 -0.023011
139 0.024852
140 -0.184447
141 0.036248
142 0.168473
143 -0.124611
144 -0.222602
145 -0.106961
146 -0.251894
147 0.178921
148 0.104726
149 0.077752
150 0.070190
151 -0.220071
152 -0.149622
153 0.098233
154 -0.062617
155 0.462872
156 0.089447
157 -0.101737
158 -0.293971
159 -0.195731
160 0.060428
161 -0.079712
162 -0.227294
163 -0.192952
164 0.091983
165 0.173957
166 0.195372
167 0.130252
168 0.071770
169 0.137158
170 -0.413200
171 -0.172555
172 -0.026596
173 0.006173
174 0.101528
175 0.253770
176 -0.043604
177 -0.039023
178 -0.169163
179 0.243913
180 -0.335225
181 -0.023669
182 0.058441
183 0.047722
184 0.142304
185 -0.071076
186 0.017063
187 -0.300788
188 0.139544
189 0.105390
190 0.048063
191 0.076427
192 -0.073498
193 -0.230509
194 -0.038438
195 -0.040085
196 -0.017808
197 -0.291910
198 -0.436707
199 0.017469
200 0.178432
201 -0.209023
202 0.075340
203 0.033804
204 0.288685
205 -0.230244
206 0.190320
207 -0.015149
208 0.127578
209 0.025870
210 -0.037471
211 -0.101827
212 -0.082098
213 0.200318
214 -0.283111
215 -0.184293
216 0.147072
217 -0.338726
218 -0.010227
219 -0.214505
220 0.207699
221 -0.058114
222 0.138325
223 0.093019
224 0.087786
225 0.295983
226 0.228434
227 0.048036
228 0.158595
229 -0.177593
230 -0.035024
231 0.031931
232 -0.066652
233 0.100267
234 -0.032392
235 0.015565
236 -0.006177
237 -0.067533
238 0.031654
239 -0.075818
240 -0.044055
241 0.051804
242 0.186142
243 -0.152311
244 -0.074384
245 0.045276
246 -0.008985
247 -0.168691
248 0.019316
249 -0.166169
250 0.202599
251 0.032859
252 0.047515
253 -0.048185
254 -0.043633
255 0.108740
256 -0.091895
257 -0.102151
258 -0.253688
259 0.050509
260 -0.163152
261 0.048468
262 0.027338
263 0.160297
264 0.258830
265 0.250789
266 0.067754
267 0.046299
268 -0.034956
269 -0.074849
270 0.031227
271 0.025775
272 -0.017968
273 0.251148
274 -0.175254
275 -0.186257
276 0.336141
277 -0.050363
278 -0.102147
279 0.016570
280 0.086108
281 -0.041758
282 0.090525
283 0.022544
284 -0.261150
285 -0.083512
286 -0.106378
287 -0.009578
288 0.012370
289 -0.001724
290 -0.039844
291 0.018659
292 -0.020905
293 -0.022979
294 -0.016007
295 -0.086466
296 -0.111016
297 -0.163909
298 -0.202178
299 -0.075001
300 -0.027862
301 0.009456
302 -0.183235
303 0.049219
304 0.019096
305 -0.198391
306 -0.247356
307 -0.027016
308 0.018589
309 0.116756
310 -0.055420
311 -0.005317
312 -0.062903
313 -0.183880
314 0.021399
315 -0.013302
316 -0.012300
317 -0.063408
318 -0.117742
319 0.061110
320 0.028106
321 0.076452
322 0.064508
323 -0.236880
324 -0.027643
325 0.090297
326 0.076859
327 0.069571
328 -0.013592
329 -0.031990
330 -0.033709
331 -0.036640
332 -0.011958
333 -0.000491
334 -0.078481
335 -0.166203
336 0.303252
337 -0.038260
338 -0.018348
339 -0.060151
340 -0.297454
341 0.107128
342 0.104324
343 0.141925
344 0.075047
345 0.266250
346 0.354858
347 -0.014130
348 0.014267
349 -0.072617
350 -0.015025
351 -0.061653
352 -0.076765
353 0.007336
354 0.043903
355 0.150100
356 -0.028839
357 -0.093496
358 0.049486
359 -0.320439
360 0.237818
361 0.071485
362 -0.203670
363 0.174738
364 -0.084422
365 -0.039544
366 -0.238778
367 0.129725
368 -0.060097
369 -0.073136
370 -0.730944
371 -0.127689
372 -0.016710
373 -0.004230
374 0.007956
375 0.155362
376 0.079388
377 -0.197093
378 0.055939
379 0.039614
380 0.003625
381 0.019418
382 -0.249667
383 0.020668
384 0.037938
385 0.070313
386 -0.157658
387 0.002155
388 0.126105
389 0.053916
390 0.007193
391 -0.206349
392 0.083787
393 0.113220
394 0.016929
395 0.013089
396 -0.330171
397 -0.037869
398 0.000602
399 0.030106
400 -0.028767
401 0.025933
402 -0.121654
403 -0.023330
404 0.086679
405 0.088565
406 0.067523
407 -0.010274
408 0.008316
409 -0.075574
410 0.121742
411 0.006266
412 -0.172526
413 0.094385
414 0.185850
415 -0.157266
416 -0.152751
417 -0.023377
418 -0.038437
419 -0.018516
420 -0.197319
421 -0.224320
422 -0.087257
423 -0.047811
424 0.008400
425 0.019258
426 0.094347
427 -0.157427
428 -0.105828
429 -0.074792
430 -0.038113
431 0.272521
432 -0.003533
433 0.010521
434 -0.144555
435 0.101018
436 0.004103
437 -0.058538
438 0.018333
439 0.047354
440 0.171093
441 0.058479
442 -0.084238
443 -0.071738
444 -0.044719
445 0.018560
446 -0.077844
447 -0.036836
448 0.100079
449 0.161146
450 0.275512
451 -0.002098
452 0.165764
453 -0.038034
454 -0.104869
455 0.112205
456 -0.145463
457 0.035579
458 -0.082502
459 0.117882
460 -0.039083
461 -0.030584
462 0.136684
463 0.062209
464 -0.015536
465 -0.029687
466 -0.099126
467 0.053888
468 -0.032019
469 -0.146856
470 0.106217
471 0.038516
472 0.095403
473 0.044845
474 0.188390
475 -0.027876
476 0.052795
477 -0.146623
478 0.033442
479 0.094505
480 -0.263701
481 -0.118153
482 -0.073959
483 0.008440
484 -0.037675
485 -0.018095
486 -0.105636
487 -0.087970
488 0.012085
489 -0.067027
490 0.071087
491 0.034446
492 -0.347842
493 -0.015430
494 0.021069
495 -0.012615
496 0.127394
497 0.033454
498 -0.114167
499 0.024141
500 -0.012504
501 0.063167
502 -0.078499
503 0.124441
504 0.147538
505 0.037177
506 -0.090048
507 0.246587
508 0.030867
509 -0.198000
510 0.000051
511 -0.165915
512 0.021155
513 -0.086077
514 -0.182648
515 -0.107079
516 -0.120720
517 -0.042969
518 0.052563
519 -0.115969
520 -0.094367
521 0.089211
522 -0.065431
523 -0.085544
524 -0.093123
525 0.068883
526 -0.115001
527 0.331107
528 -0.031405
529 -0.059300
530 0.065176
531 -0.094589
532 0.040627
533 0.174415
534 -0.066660
535 0.029256
536 -0.073912
537 0.080356
538 0.110293
539 -0.137462
540 0.696734
541 -0.330382
542 0.012276
543 -0.073773
544 -0.101723
545 0.112078
546 -0.039030
547 0.125975
548 0.017540
549 0.095020
550 0.024608
551 -0.097152
552 0.038174
553 -0.157122
554 -0.138743
555 0.215585
556 0.059367
557 -0.213299
558 0.045319
559 -0.013138
560 0.069484
561 -0.010182
562 -0.169754
563 -0.006102
564 0.009171
565 -0.000758
566 -0.188192
567 0.158194
568 0.099559
569 0.108762
570 0.009790
571 0.078310
572 0.072030
573 0.039370
574 0.084340
575 -0.053658
576 0.242622
577 -0.073865
578 0.133545
579 -0.037797
580 -0.170513
581 0.411486
582 -0.173925
583 -0.154011
584 -0.271164
585 -0.036750
586 -0.278900
587 0.111701
588 0.010806
589 -0.299945
590 -0.165662
591 -0.141730
592 0.047469
593 -0.005867
594 -0.047069
595 0.169141
596 0.193199
597 -0.174262
598 0.195345
599 0.212662
600 -0.115864
601 0.081455
602 0.294829
603 -0.112253
604 -0.082806
605 -0.156256
606 0.123941
607 0.071596
608 0.121938
609 0.228860
610 0.278457
611 0.154799
612 -0.034155
613 -0.120341
614 -0.174757
615 -0.226545
616 0.111753
617 0.036380
618 0.019007
619 0.001675
620 -0.153651
621 -0.176926
622 0.323605
623 -0.144417
624 0.146536
625 0.168221
626 -0.205859
627 -0.165792
628 0.024479
629 0.204648
630 0.068345
631 0.137921
632 0.040291
633 -0.095963
634 -0.194653
635 0.279998
636 -0.143026
637 0.368071
638 -0.044868
639 0.039317
640 -0.195250
641 0.053117
642 -0.061448
643 -0.045173
644 -0.168175
645 -0.271003
646 0.126124
647 0.006447
648 -0.019294
649 0.146589
650 -0.015706
651 -0.112379
652 0.107120
653 0.095110
654 0.179692
655 0.001131
656 0.042207
657 -0.003544
658 -0.238748
659 -0.152617
660 0.160063
661 0.207616
662 0.210320
663 0.017560
664 -0.028816
665 0.100146
666 0.006868
667 -0.082109
668 -0.011335
669 0.057598
670 -0.195483
671 0.024488
672 0.193792
673 -0.036901
674 0.093961
675 -0.214950
676 0.308638
677 -0.161657
678 0.112503
679 -0.028902
680 0.084217
681 -0.196026
682 -0.123074
683 -0.061795
684 0.158227
685 0.212545
686 -0.183668
687 0.243829
688 0.121515
689 0.264789
690 0.298610
691 -0.036983
692 0.092877
693 -0.032471
694 -0.043305
695 -0.055351
696 0.103821
697 0.044874
698 -0.183402
699 0.232905
700 -0.075158
701 0.157174
702 -0.111814
703 -0.113917
704 -0.053239
705 -0.117707
706 0.083805
707 0.034026
708 0.025457
709 -0.091902
710 0.057971
711 0.066079
712 0.234627
713 -0.055301
714 0.287402
715 -0.075779
716 0.112550
717 0.112683
718 -0.177229
719 0.123859
720 0.009518
721 -0.038273
722 0.074976
723 0.054148
724 0.060692
725 0.053191
726 0.031971
727 0.072750
728 0.080476
729 0.056525
730 -0.106473
731 -0.075329
732 -0.170357
733 0.046842
734 -0.023874
735 0.249798
736 -0.210541
737 0.190623
738 0.111114
739 -0.219571
740 0.002574
741 0.066314
742 -0.175953
743 0.132058
744 -0.017951
745 0.169516
746 -0.133787
747 -0.079372
748 0.082504
749 0.026138
750 -0.048605
751 -0.035248
752 -0.120825
753 -0.177002
754 0.238639
755 -0.164600
756 0.079912
757 -0.030788
758 -0.096849
759 -0.078932
760 -0.014904
761 0.207099
762 0.080435
763 -0.124124
764 -0.012999
765 0.196850
766 -0.063470
767 -0.085639
768 0.120578
769 -0.024353
770 -0.068618
771 -0.183380
772 0.131427
773 0.001802
774 0.124529
775 -0.053668
776 0.151695
777 0.120789
778 -0.085065
779 -0.153581
780 0.115328
781 -0.082187
782 0.148398
783 -0.033376
784 0.248869
785 0.172345
786 -0.049876
787 -0.130170
788 0.090097
789 -0.021719
790 -0.223267
791 0.187891
792 0.223055
793 0.055151
794 0.034416
795 0.059365
796 0.078857
797 0.134178
798 0.232653
799 -0.014115
800 0.129578
801 0.116529
802 0.032441
803 -0.084205
804 0.050572
805 0.527461
806 -0.012692
807 -0.144141
808 -0.046422
809 0.158785
810 0.056694
811 -0.005059
812 -0.088901
813 0.039507
814 -0.116767
815 0.059642
816 0.164293
817 0.055424
818 0.124035
819 0.159861
820 0.043330
821 -0.249508
822 -0.263772
823 0.075101
824 0.126841
825 -0.140476
826 -0.087408
827 0.114870
828 0.057235
829 0.125800
830 0.153583
831 0.159577
832 0.014207
833 -0.051647
834 0.182191
835 -0.208570
836 -0.033226
837 0.107801
838 0.123720
839 -0.085803
840 -0.168724
841 0.009795
842 -0.194977
843 -0.009010
844 0.019549
845 0.113299
846 0.003716
847 0.101027
848 0.082537
849 0.010019
850 -0.099538
851 -0.207936
852 -0.183173
853 0.113308
854 -0.061015
855 -0.020789
856 0.090309
857 -0.123218
858 -0.039034
859 -0.083226
860 0.025964
861 -0.066083
862 0.109713
863 0.221600
864 -0.075744
865 0.147431
866 0.013128
867 0.226830
868 -0.018084
869 0.123225
870 0.075118
871 0.080516
872 -0.023291
873 0.078248
874 -0.179328
875 0.259431
876 0.199826
877 -0.091332
878 0.080494
879 -0.062532
880 0.167669
881 0.060414
882 -0.104260
883 -0.167301
884 0.145492
885 0.132585
886 -0.036095
887 0.020472
888 0.254395
889 -0.032193
890 0.115256
891 -0.016538
892 0.037721
893 -0.140282
894 -0.071561
895 -0.054497
896 0.031643
897 0.064317
898 -0.062197
899 0.145167
900 0.240366
901 0.015348
902 -0.026744
903 -0.096776
904 -0.140526
905 -0.051483
906 -0.176742
907 -0.347892
908 -0.035032
909 -0.053714
910 0.364248
911 0.130302
912 0.100752
913 0.084673
914 0.058223
915 0.023293
916 0.156489
917 -0.145855
918 -0.133068
919 -0.046559
920 0.104736
921 -0.190827
922 -0.041066
923 0.128609
924 0.098398
925 0.037661
926 -0.040999
927 -0.005448
928 -0.052082
929 0.118133
930 -0.135289
931 -0.090824
932 0.001183
933 -0.102861
934 0.028904
935 0.128318
936 0.156622
937 -0.041838
938 0.073807
939 0.097354
940 0.100243
941 -0.020449
942 0.189630
943 -0.156111
944 0.121658
945 -0.097604
946 0.074693
947 -0.135039
948 0.014304
949 -0.088111
950 -0.087098
951 0.286233
952 0.117186
953 0.113485
954 -0.168158
955 0.232416
956 -0.058644
957 0.167870
958 -0.060630
959 0.054325
960 0.051487
961 -0.053768
962 0.049220
963 -0.125627
964 0.229111
965 0.203216
966 0.132099
967 0.145256
968 0.055869
969 0.086621
970 0.014223
971 0.185673
972 -0.060501
973 0.270619
974 0.057137
975 0.129322
976 0.179999
977 0.238121
978 -0.208592
979 0.086431
980 0.022843
981 -0.068482
982 0.289292
983 -0.019736
984 0.259644
985 -0.055461
986 -0.159588
987 -0.083440
988 0.096472
989 -0.079050
990 0.157722
991 0.032220
992 0.007411
993 -0.064135
994 0.004958
995 -0.020139
996 0.148921
997 0.042419
998 0.122437
999 -0.073202
1000 0.187180
1001 -0.005806
1002 -0.005128
1003 0.032728
1004 -0.004221
1005 0.201226
1006 0.156178
1007 -0.061173
1008 0.029131
1009 0.209593
1010 -0.032502
1011 -0.167912
1012 0.002681
1013 -0.015550
1014 -0.034491
1015 -0.153504
1016 0.094488
1017 0.088292
1018 -0.120604
1019 0.061952
1020 0.116182
1021 -0.088444
1022 0.009750
1023 0.393984
1024 -0.113599
1025 -0.142946
1026 -0.336543
1027 0.054319
1028 -0.032138
1029 -0.278220
1030 -0.055348
1031 -0.140140
1032 -0.078228
1033 0.023985
1034 0.010568
1035 0.017484
1036 -0.039979
1037 0.048357
1038 0.090268
1039 0.095599
1040 -0.194265
1041 0.168464
1042 0.053806
1043 -0.066556
1044 0.053118
1045 0.003637
1046 0.067270
1047 0.045254
1048 0.084219
1049 0.029301
1050 -0.071923
1051 0.175179
1052 -0.152342
1053 -0.099510
1054 -0.007471
1055 0.056011
1056 -0.064481
1057 -0.041573
1058 -0.037159
1059 0.125865
1060 0.137694
1061 -0.043305
1062 -0.060981
1063 0.104981
1064 0.017570
1065 0.015190
1066 0.201315
1067 0.007122
1068 0.038717
1069 -0.014156
1070 -0.098308
1071 -0.058641
1072 0.141902
1073 -0.040010
1074 0.024009
1075 0.002365
1076 -0.080223
1077 0.109812
1078 0.193549
1079 -0.001516
1080 -0.053568
1081 0.008784
1082 0.199131
1083 -0.047755
1084 -0.068070
1085 0.026043
1086 -0.025824
1087 -0.009709
1088 0.136545
1089 0.052267
1090 0.017572
1091 -0.144020
1092 -0.047180
1093 0.069231
1094 -0.078956
1095 -0.224244
1096 0.104056
1097 -0.315949
1098 -0.236923
1099 0.100753
1100 -0.037050
1101 0.144042
1102 -0.115704
1103 0.021987
1104 0.098578
1105 -0.010513
1106 0.034119
1107 0.073873
1108 -0.007406
1109 0.307118
1110 0.155512
1111 -0.027134
1112 -0.065167
1113 0.026360
1114 -0.006293
1115 0.107789
1116 0.009054
1117 -0.184385
1118 0.072571
1119 0.212806
1120 0.234059
1121 0.120853
1122 0.092894
1123 0.115176
1124 -0.100133
1125 0.097604
1126 0.265259
1127 -0.068260
1128 -0.068770
1129 -0.009458
1130 0.027863
1131 -0.124980
1132 0.058290
1133 -0.078554
1134 -0.042968
1135 -0.125809
1136 0.245600
1137 0.076078
1138 0.125470
1139 0.032850
1140 -0.142454
1141 0.037797
1142 -0.007163
1143 -0.160838
1144 0.083573
1145 -0.261163
1146 -0.096750
1147 -0.169836
1148 0.030295
1149 0.374964
1150 0.360996
1151 0.046180
1152 -0.165073
1153 -0.269143
1154 -0.333957
1155 0.109812
1156 0.040375
1157 0.009036
1158 -0.089504
1159 -0.152914
1160 -0.025620
1161 -0.216195
1162 -0.107975
1163 0.096930
1164 0.181465
1165 0.124939
1166 -0.325208
1167 0.123553
1168 0.000538
1169 0.141399
1170 -0.180551
1171 0.113692
1172 0.067973
1173 0.112474
1174 0.288835
1175 0.073262
1176 0.016721
1177 -0.208164
1178 0.251982
1179 -0.023956
1180 0.272361
1181 0.259354
1182 -0.126169
1183 0.048600
1184 0.186620
1185 -0.039385
1186 -0.045122
1187 0.061263
1188 0.119843
1189 0.124993
1190 0.118661
1191 -0.074583
1192 -0.063853
1193 -0.097028
1194 -0.293408
1195 -0.372908
1196 0.314936
1197 0.076155
1198 0.052511
1199 0.025894
1200 0.344040
1201 0.007471
1202 -0.071650
1203 0.051220
1204 0.057660
1205 0.158831
1206 -0.093175
1207 -0.055778
1208 0.196432
1209 -0.137005
1210 -0.065958
1211 0.087523
1212 0.091976
1213 0.046118
1214 -0.175345
1215 0.053143
1216 0.030587
1217 0.282963
1218 0.053677
1219 -0.105223
1220 0.171728
1221 0.197550
1222 -0.003166
1223 -0.020370
0 -0.048978
1 -0.311753
2 -0.104145
3 -0.035911
4 0.042464
5 0.003371
6 -0.031207
7 0.127206
8 -0.054874
9 -0.222768
10 0.212669
11 -0.092229
12 0.041368
13 0.187756
14 0.295487
15 0.070822
16 -0.336429
17 0.069999
18 0.071023
19 0.288082
20 -0.048856
21 -0.030106
22 0.192616
23 0.150533
24 0.060377
25 -0.199672
26 -0.269514
27 0.151367
28 0.011005
29 -0.034000
30 -0.124398
31 -0.008995
32 0.165014
33 -0.054453
34 0.122330
35 -0.013099
36 0.437613
37 -0.117470
38 -0.180940
39 0.162876
40 0.096931
41 -0.346148
42 0.303426
43 -0.043939
44 0.066325
45 0.093824
46 0.010008
47 -0.117902
48 -0.017685
49 -0.171408
50 0.254633
51 -0.102097
52 0.107658
53 0.225280
54 0.192407
55 0.141779
56 -0.078969
57 0.166641
58 -0.312285
59 0.329682
60 0.181110
61 0.060501
62 -0.011209
63 -0.000635
64 0.101798
65 0.063304
66 -0.060362
67 0.045440
68 0.323906
69 -0.180674
70 0.220932
71 0.217335
72 0.431666
73 -0.161313
74 0.070218
75 0.049125
76 -0.210198
77 0.293228
78 0.056534
79 -0.026408
80 -0.154002
81 -0.046085
82 -0.262359
83 -0.459125
84 0.002045
85 0.104769
86 -0.367395
87 -0.183894
88 0.205784
89 -0.032358
90 0.115001
91 -0.031799
92 0.430581
93 -0.147632
94 -0.053147
95 -0.013014
96 0.153569
97 -0.103842
98 -0.050347
99 -0.118905
100 0.410403
101 0.074602
102 0.072404
103 0.100142
104 0.101634
105 0.089823
106 0.179258
107 0.070639
108 -0.139673
109 0.115907
110 0.195305
111 -0.149279
112 -0.241846
113 -0.072782
114 -0.240629
115 -0.041548
116 -0.011075
117 0.019477
118 -0.143166
119 -0.230917
120 -0.142828
121 -0.013267
122 0.070842
123 0.070383
124 0.015516
125 0.158213
126 0.061406
127 -0.095725
128 0.153360
129 -0.136134
130 -0.024555
131 -0.018693
132 -0.028433
133 -0.048080
134 -0.009428
135 0.216768
136 0.319170
137 0.106996
138 -0.023011
139 0.024852
140 -0.184447
141 0.036248
142 0.168473
143 -0.124611
144 -0.222602
145 -0.106961
146 -0.251894
147 0.178921
148 0.104726
149 0.077752
150 0.070190
151 -0.220071
152 -0.149622
153 0.098233
154 -0.062617
155 0.462872
156 0.089447
157 -0.101737
158 -0.293971
159 -0.195731
160 0.060428
161 -0.079712
162 -0.227294
163 -0.192952
164 0.091983
165 0.173957
166 0.195372
167 0.130252
168 0.071770
169 0.137158
170 -0.413200
171 -0.172555
172 -0.026596
173 0.006173
174 0.101528
175 0.253770
176 -0.043604
177 -0.039023
178 -0.169163
179 0.243913
180 -0.335225
181 -0.023669
182 0.058441
183 0.047722
184 0.142304
185 -0.071076
186 0.017063
187 -0.300788
188 0.139544
189 0.105390
190 0.048063
191 0.076427
192 -0.073498
193 -0.230509
194 -0.038438
195 -0.040085
196 -0.017808
197 -0.291910
198 -0.436707
199 0.017469
200 0.178432
201 -0.209023
202 0.075340
203 0.033804
204 0.288685
205 -0.230244
206 0.190320
207 -0.015149
208 0.127578
209 0.025870
210 -0.037471
211 -0.101827
212 -0.082098
213 0.200318
214 -0.283111
215 -0.184293
216 0.147072
217 -0.338726
218 -0.010227
219 -0.214505
220 0.207699
221 -0.058114
222 0.138325
223 0.093019
224 0.087786
225 0.295983
226 0.228434
227 0.048036
228 0.158595
229 -0.177593
230 -0.035024
231 0.031931
232 -0.066652
233 0.100267
234 -0.032392
235 0.015565
236 -0.006177
237 -0.067533
238 0.031654
239 -0.075818
240 -0.044055
241 0.051804
242 0.186142
243 -0.152311
244 -0.074384
245 0.045276
246 -0.008985
247 -0.168691
248 0.019316
249 -0.166169
250 0.202599
251 0.032859
252 0.047515
253 -0.048185
254 -0.043633
255 0.108740
256 -0.091895
257 -0.102151
258 -0.253688
259 0.050509
260 -0.163152
261 0.048468
262 0.027338
263 0.160297
264 0.258830
265 0.250789
266 0.067754
267 0.046299
268 -0.034956
269 -0.074849
270 0.031227
271 0.025775
272 -0.017968
273 0.251148
274 -0.175254
275 -0.186257
276 0.336141
277 -0.050363
278 -0.102147
279 0.016570
280 0.086108
281 -0.041758
282 0.090525
283 0.022544
284 -0.261150
285 -0.083512
286 -0.106378
287 -0.009578
288 0.012370
289 -0.001724
290 -0.039844
291 0.018659
292 -0.020905
293 -0.022979
294 -0.016007
295 -0.086466
296 -0.111016
297 -0.163909
298 -0.202178
299 -0.075001
300 -0.027862
301 0.009456
302 -0.183235
303 0.049219
304 0.019096
305 -0.198391
306 -0.247356
307 -0.027016
308 0.018589
309 0.116756
310 -0.055420
311 -0.005317
312 -0.062903
313 -0.183880
314 0.021399
315 -0.013302
316 -0.012300
317 -0.063408
318 -0.117742
319 0.061110
320 0.028106
321 0.076452
322 0.064508
323 -0.236880
324 -0.027643
325 0.090297
326 0.076859
327 0.069571
328 -0.013592
329 -0.031990
330 -0.033709
331 -0.036640
332 -0.011958
333 -0.000491
334 -0.078481
335 -0.166203
336 0.303252
337 -0.038260
338 -0.018348
339 -0.060151
340 -0.297454
341 0.107128
342 0.104324
343 0.141925
344 0.075047
345 0.266250
346 0.354858
347 -0.014130
348 0.014267
349 -0.072617
350 -0.015025
351 -0.061653
352 -0.076765
353 0.007336
354 0.043903
355 0.150100
356 -0.028839
357 -0.093496
358 0.049486
359 -0.320439
360 0.237818
361 0.071485
362 -0.203670
363 0.174738
364 -0.084422
365 -0.039544
366 -0.238778
367 0.129725
368 -0.060097
369 -0.073136
370 -0.730944
371 -0.127689
372 -0.016710
373 -0.004230
374 0.007956
375 0.155362
376 0.079388
377 -0.197093
378 0.055939
379 0.039614
380 0.003625
381 0.019418
382 -0.249667
383 0.020668
384 0.037938
385 0.070313
386 -0.157658
387 0.002155
388 0.126105
389 0.053916
390 0.007193
391 -0.206349
392 0.083787
393 0.113220
394 0.016929
395 0.013089
396 -0.330171
397 -0.037869
398 0.000602
399 0.030106
400 -0.028767
401 0.025933
402 -0.121654
403 -0.023330
404 0.086679
405 0.088565
406 0.067523
407 -0.010274
408 0.008316
409 -0.075574
410 0.121742
411 0.006266
412 -0.172526
413 0.094385
414 0.185850
415 -0.157266
416 -0.152751
417 -0.023377
418 -0.038437
419 -0.018516
420 -0.197319
421 -0.224320
422 -0.087257
423 -0.047811
424 0.008400
425 0.019258
426 0.094347
427 -0.157427
428 -0.105828
429 -0.074792
430 -0.038113
431 0.272521
432 -0.003533
433 0.010521
434 -0.144555
435 0.101018
436 0.004103
437 -0.058538
438 0.018333
439 0.047354
440 0.171093
441 0.058479
442 -0.084238
443 -0.071738
444 -0.044719
445 0.018560
446 -0.077844
447 -0.036836
448 0.100079
449 0.161146
450 0.275512
451 -0.002098
452 0.165764
453 -0.038034
454 -0.104869
455 0.112205
456 -0.145463
457 0.035579
458 -0.082502
459 0.117882
460 -0.039083
461 -0.030584
462 0.136684
463 0.062209
464 -0.015536
465 -0.029687
466 -0.099126
467 0.053888
468 -0.032019
469 -0.146856
470 0.106217
471 0.038516
472 0.095403
473 0.044845
474 0.188390
475 -0.027876
476 0.052795
477 -0.146623
478 0.033442
479 0.094505
480 -0.263701
481 -0.118153
482 -0.073959
483 0.008440
484 -0.037675
485 -0.018095
486 -0.105636
487 -0.087970
488 0.012085
489 -0.067027
490 0.071087
491 0.034446
492 -0.347842
493 -0.015430
494 0.021069
495 -0.012615
496 0.127394
497 0.033454
498 -0.114167
499 0.024141
500 -0.012504
501 0.063167
502 -0.078499
503 0.124441
504 0.147538
505 0.037177
506 -0.090048
507 0.246587
508 0.030867
509 -0.198000
510 0.000051
511 -0.165915
512 0.021155
513 -0.086077
514 -0.182648
515 -0.107079
516 -0.120720
517 -0.042969
518 0.052563
519 -0.115969
520 -0.094367
521 0.089211
522 -0.065431
523 -0.085544
524 -0.093123
525 0.068883
526 -0.115001
527 0.331107
528 -0.031405
529 -0.059300
530 0.065176
531 -0.094589
532 0.040627
533 0.174415
534 -0.066660
535 0.029256
536 -0.073912
537 0.080356
538 0.110293
539 -0.137462
540 0.696734
541 -0.330382
542 0.012276
543 -0.073773
544 -0.101723
545 0.112078
546 -0.039030
547 0.125975
548 0.017540
549 0.095020
550 0.024608
551 -0.097152
552 0.038174
553 -0.157122
554 -0.138743
555 0.215585
556 0.059367
557 -0.213299
558 0.045319
559 -0.013138
560 0.069484
561 -0.010182
562 -0.169754
563 -0.006102
564 0.009171
565 -0.000758
566 -0.188192
567 0.158194
568 0.099559
569 0.108762
570 0.009790
571 0.078310
572 0.072030
573 0.039370
574 0.084340
575 -0.053658
576 0.242622
577 -0.073865
578 0.133545
579 -0.037797
580 -0.170513
581 0.411486
582 -0.173925
583 -0.154011
584 -0.271164
585 -0.036750
586 -0.278900
587 0.111701
588 0.010806
589 -0.299945
590 -0.165662
591 -0.141730
592 0.047469
593 -0.005867
594 -0.047069
595 0.169141
596 0.193199
597 -0.174262
598 0.195345
599 0.212662
600 -0.115864
601 0.081455
602 0.294829
603 -0.112253
604 -0.082806
605 -0.156256
606 0.123941
607 0.071596
608 0.121938
609 0.228860
610 0.278457
611 0.154799
612 -0.034155
613 -0.120341
614 -0.174757
615 -0.226545
616 0.111753
617 0.036380
618 0.019007
619 0.001675
620 -0.153651
621 -0.176926
622 0.323605
623 -0.144417
624 0.146536
625 0.168221
626 -0.205859
627 -0.165792
628 0.024479
629 0.204648
630 0.068345
631 0.137921
632 0.040291
633 -0.095963
634 -0.194653
635 0.279998
636 -0.143026
637 0.368071
638 -0.044868
639 0.039317
640 -0.195250
641 0.053117
642 -0.061448
643 -0.045173
644 -0.168175
645 -0.271003
646 0.126124
647 0.006447
648 -0.019294
649 0.146589
650 -0.015706
651 -0.112379
652 0.107120
653 0.095110
654 0.179692
655 0.001131
656 0.042207
657 -0.003544
658 -0.238748
659 -0.152617
660 0.160063
661 0.207616
662 0.210320
663 0.017560
664 -0.028816
665 0.100146
666 0.006868
667 -0.082109
668 -0.011335
669 0.057598
670 -0.195483
671 0.024488
672 0.193792
673 -0.036901
674 0.093961
675 -0.214950
676 0.308638
677 -0.161657
678 0.112503
679 -0.028902
680 0.084217
681 -0.196026
682 -0.123074
683 -0.061795
684 0.158227
685 0.212545
686 -0.183668
687 0.243829
688 0.121515
689 0.264789
690 0.298610
691 -0.036983
692 0.092877
693 -0.032471
694 -0.043305
695 -0.055351
696 0.103821
697 0.044874
698 -0.183402
699 0.232905
700 -0.075158
701 0.157174
702 -0.111814
703 -0.113917
704 -0.053239
705 -0.117707
706 0.083805
707 0.034026
708 0.025457
709 -0.091902
710 0.057971
711 0.066079
712 0.234627
713 -0.055301
714 0.287402
715 -0.075779
716 0.112550
717 0.112683
718 -0.177229
719 0.123859
720 0.009518
721 -0.038273
722 0.074976
723 0.054148
724 0.060692
725 0.053191
726 0.031971
727 0.072750
728 0.080476
729 0.056525
730 -0.106473
731 -0.075329
732 -0.170357
733 0.046842
734 -0.023874
735 0.249798
736 -0.210541
737 0.190623
738 0.111114
739 -0.219571
740 0.002574
741 0.066314
742 -0.175953
743 0.132058
744 -0.017951
745 0.169516
746 -0.133787
747 -0.079372
748 0.082504
749 0.026138
750 -0.048605
751 -0.035248
752 -0.120825
753 -0.177002
754 0.238639
755 -0.164600
756 0.079912
757 -0.030788
758 -0.096849
759 -0.078932
760 -0.014904
761 0.207099
762 0.080435
763 -0.124124
764 -0.012999
765 0.196850
766 -0.063470
767 -0.085639
768 0.120578
769 -0.024353
770 -0.068618
771 -0.183380
772 0.131427
773 0.001802
774 0.124529
775 -0.053668
776 0.151695
777 0.120789
778 -0.085065
779 -0.153581
780 0.115328
781 -0.082187
782 0.148398
783 -0.033376
784 0.248869
785 0.172345
786 -0.049876
787 -0.130170
788 0.090097
789 -0.021719
790 -0.223267
791 0.187891
792 0.223055
793 0.055151
794 0.034416
795 0.059365
796 0.078857
797 0.134178
798 0.232653
799 -0.014115
800 0.129578
801 0.116529
802 0.032441
803 -0.084205
804 0.050572
805 0.527461
806 -0.012692
807 -0.144141
808 -0.046422
809 0.158785
810 0.056694
811 -0.005059
812 -0.088901
813 0.039507
814 -0.116767
815 0.059642
816 0.164293
817 0.055424
818 0.124035
819 0.159861
820 0.043330
821 -0.249508
822 -0.263772
823 0.075101
824 0.126841
825 -0.140476
826 -0.087408
827 0.114870
828 0.057235
829 0.125800
830 0.153583
831 0.159577
832 0.014207
833 -0.051647
834 0.182191
835 -0.208570
836 -0.033226
837 0.107801
838 0.123720
839 -0.085803
840 -0.168724
841 0.009795
842 -0.194977
843 -0.009010
844 0.019549
845 0.113299
846 0.003716
847 0.101027
848 0.082537
849 0.010019
850 -0.099538
851 -0.207936
852 -0.183173
853 0.113308
854 -0.061015
855 -0.020789
856 0.090309
857 -0.123218
858 -0.039034
859 -0.083226
860 0.025964
861 -0.066083
862 0.109713
863 0.221600
864 -0.075744
865 0.147431
866 0.013128
867 0.226830
868 -0.018084
869 0.123225
870 0.075118
871 0.080516
872 -0.023291
873 0.078248
874 -0.179328
875 0.259431
876 0.199826
877 -0.091332
878 0.080494
879 -0.062532
880 0.167669
881 0.060414
882 -0.104260
883 -0.167301
884 0.145492
885 0.132585
886 -0.036095
887 0.020472
888 0.254395
889 -0.032193
890 0.115256
891 -0.016538
892 0.037721
893 -0.140282
894 -0.071561
895 -0.054497
896 0.031643
897 0.064317
898 -0.062197
899 0.145167
900 0.240366
901 0.015348
902 -0.026744
903 -0.096776
904 -0.140526
905 -0.051483
906 -0.176742
907 -0.347892
908 -0.035032
909 -0.053714
910 0.364248
911 0.130302
912 0.100752
913 0.084673
914 0.058223
915 0.023293
916 0.156489
917 -0.145855
918 -0.133068
919 -0.046559
920 0.104736
921 -0.190827
922 -0.041066
923 0.128609
924 0.098398
925 0.037661
926 -0.040999
927 -0.005448
928 -0.052082
929 0.118133
930 -0.135289
931 -0.090824
932 0.001183
933 -0.102861
934 0.028904
935 0.128318
936 0.156622
937 -0.041838
938 0.073807
939 0.097354
940 0.100243
941 -0.020449
942 0.189630
943 -0.156111
944 0.121658
945 -0.097604
946 0.074693
947 -0.135039
948 0.014304
949 -0.088111
950 -0.087098
951 0.286233
952 0.117186
953 0.113485
954 -0.168158
955 0.232416
956 -0.058644
957 0.167870
958 -0.060630
959 0.054325
960 0.051487
961 -0.053768
962 0.049220
963 -0.125627
964 0.229111
965 0.203216
966 0.132099
967 0.145256
968 0.055869
969 0.086621
970 0.014223
971 0.185673
972 -0.060501
973 0.270619
974 0.057137
975 0.129322
976 0.179999
977 0.238121
978 -0.208592
979 0.086431
980 0.022843
981 -0.068482
982 0.289292
983 -0.019736
984 0.259644
985 -0.055461
986 -0.159588
987 -0.083440
988 0.096472
989 -0.079050
990 0.157722
991 0.032220
992 0.007411
993 -0.064135
994 0.004958
995 -0.020139
996 0.148921
997 0.042419
998 0.122437
999 -0.073202
1000 0.187180
1001 -0.005806
1002 -0.005128
1003 0.032728
1004 -0.004221
1005 0.201226
1006 0.156178
1007 -0.061173
1008 0.029131
1009 0.209593
1010 -0.032502
1011 -0.167912
1012 0.002681
1013 -0.015550
1014 -0.034491
1015 -0.153504
1016 0.094488
1017 0.088292
1018 -0.120604
1019 0.061952
1020 0.116182
1021 -0.088444
1022 0.009750
1023 0.393984
1024 -0.113599
1025 -0.142946
1026 -0.336543
1027 0.054319
1028 -0.032138
1029 -0.278220
1030 -0.055348
1031 -0.140140
1032 -0.078228
1033 0.023985
1034 0.010568
1035 0.017484
1036 -0.039979
1037 0.048357
1038 0.090268
1039 0.095599
1040 -0.194265
1041 0.168464
1042 0.053806
1043 -0.066556
1044 0.053118
1045 0.003637
1046 0.067270
1047 0.045254
1048 0.084219
1049 0.029301
1050 -0.071923
1051 0.175179
1052 -0.152342
1053 -0.099510
1054 -0.007471
1055 0.056011
1056 -0.064481
1057 -0.041573
1058 -0.037159
1059 0.125865
1060 0.137694
1061 -0.043305
1062 -0.060981
1063 0.104981
1064 0.017570
1065 0.015190
1066 0.201315
1067 0.007122
1068 0.038717
1069 -0.014156
1070 -0.098308
1071 -0.058641
1072 0.141902
1073 -0.040010
1074 0.024009
1075 0.002365
1076 -0.080223
1077 0.109812
1078 0.193549
1079 -0.001516
1080 -0.053568
1081 0.008784
1082 0.199131
1083 -0.047755
1084 -0.068070
1085 0.026043
1086 -0.025824
1087 -0.009709
1088 0.136545
1089 0.052267
1090 0.017572
1091 -0.144020
1092 -0.047180
1093 0.069231
1094 -0.078956
1095 -0.224244
1096 0.104056
1097 -0.315949
1098 -0.236923
1099 0.100753
1100 -0.037050
1101 0.144042
1102 -0.115704
1103 0.021987
1104 0.098578
1105 -0.010513
1106 0.034119
1107 0.073873
1108 -0.007406
1109 0.307118
1110 0.155512
1111 -0.027134
1112 -0.065167
1113 0.026360
1114 -0.006293
1115 0.107789
1116 0.009054
1117 -0.184385
1118 0.072571
1119 0.212806
1120 0.234059
1121 0.120853
1122 0.092894
1123 0.115176
1124 -0.100133
1125 0.097604
1126 0.265259
1127 -0.068260
1128 -0.068770
1129 -0.009458
1130 0.027863
1131 -0.124980
1132 0.058290
1133 -0.078554
1134 -0.042968
1135 -0.125809
1136 0.245600
1137 0.076078
1138 0.125470
1139 0.032850
1140 -0.142454
1141 0.037797
1142 -0.007163
1143 -0.160838
1144 0.083573
1145 -0.261163
1146 -0.096750
1147 -0.169836
1148 0.030295
1149 0.374964
1150 0.360996
1151 0.046180
1152 -0.165073
1153 -0.269143
1154 -0.333957
1155 0.109812
1156 0.040375
1157 0.009036
1158 -0.089504
1159 -0.152914
1160 -0.025620
1161 -0.216195
1162 -0.107975
1163 0.096930
1164 0.181465
1165 0.124939
1166 -0.325208
1167 0.123553
1168 0.000538
1169 0.141399
1170 -0.180551
1171 0.113692
1172 0.067973
1173 0.112474
1174 0.288835
1175 0.073262
1176 0.016721
1177 -0.208164
1178 0.251982
1179 -0.023956
1180 0.272361
1181 0.259354
1182 -0.126169
1183 0.048600
1184 0.186620
1185 -0.039385
1186 -0.045122
1187 0.061263
1188 0.119843
1189 0.124993
1190 0.118661
1191 -0.074583
1192 -0.063853
1193 -0.097028
1194 -0.293408
1195 -0.372908
1196 0.314936
1197 0.076155
1198 0.052511
1199 0.025894
1200 0.344040
1201 0.007471
1202 -0.071650
1203 0.051220
1204 0.057660
1205 0.158831
1206 -0.093175
1207 -0.055778
1208 0.196432
1209 -0.137005
1210 -0.065958
1211 0.087523
1212 0.091976
1213 0.046118
1214 -0.175345
1215 0.053143
1216 0.030587
1217 0.282963
1218 0.053677
1219 -0.105223
1220 0.171728
1221 0.197550
1222 -0.003166
1223 -0.020370
0 -0.048978
1 -0.311753
2 -0.104145
3 -0.035911
4 0.042464
5 0.003371
6 -0.031207
7 0.127206
8 -0.054874
9 -0.222768
10 0.212669
11 -0.092229
12 0.041368
13 0.187756
14 0.295487
15 0.070822
16 -0.336429
17 0.069999
18 0.071023
19 0.288082
20 -0.048856
21 -0.030106
22 0.192616
23 0.150533
24 0.060377
25 -0.199672
26 -0.269514
27 0.151367
28 0.011005
29 -0.034000
30 -0.124398
31 -0.008995
32 0.165014
33 -0.054453
34 0.122330
35 -0.013099
36 0.437613
37 -0.117470
38 -0.180940
39 0.162876
40 0.096931
41 -0.346148
42 0.303426
43 -0.043939
44 0.066325
45 0.093824
46 0.010008
47 -0.117902
48 -0.017685
49 -0.171408
50 0.254633
51 -0.102097
52 0.107658
53 0.225280
54 0.192407
55 0.141779
56 -0.078969
57 0.166641
58 -0.312285
59 0.329682
60 0.181110
61 0.060501
62 -0.011209
63 -0.000635
64 0.101798
65 0.063304
66 -0.060362
67 0.045440
68 0.323906
69 -0.180674
70 0.220932
71 0.217335
72 0.431666
73 -0.161313
74 0.070218
75 0.049125
76 -0.210198
77 0.293228
78 0.056534
79 -0.026408
80 -0.154002
81 -0.046085
82 -0.262359
83 -0.459125
84 0.002045
85 0.104769
86 -0.367395
87 -0.183894
88 0.205784
89 -0.032358
90 0.115001
91 -0.031799
92 0.430581
93 -0.147632
94 -0.053147
95 -0.013014
96 0.153569
97 -0.103842
98 -0.050347
99 -0.118905
100 0.410403
101 0.074602
102 0.072404
103 0.100142
104 0.101634
105 0.089823
106 0.179258
107 0.070639
108 -0.139673
109 0.115907
110 0.195305
111 -0.149279
112 -0.241846
113 -0.072782
114 -0.240629
115 -0.041548
116 -0.011075
117 0.019477
118 -0.143166
119 -0.230917
120 -0.142828
121 -0.013267
122 0.070842
123 0.070383
124 0.015516
125 0.158213
126 0.061406
127 -0.095725
128 0.153360
129 -0.136134
130 -0.024555
131 -0.018693
132 -0.028433
133 -0.048080
134 -0.009428
135 0.216768
136 0.319170
137 0.106996
138 -0.023011
139 0.024852
140 -0.184447
141 0.036248
142 0.168473
143 -0.124611
144 -0.222602
145 -0.106961
146 -0.251894
147 0.178921
148 0.104726
149 0.077752
150 0.070190
151 -0.220071
152 -0.149622
153 0.098233
154 -0.062617
155 0.462872
156 0.089447
157 -0.101737
158 -0.293971
159 -0.195731
160 0.060428
161 -0.079712
162 -0.227294
163 -0.192952
164 0.091983
165 0.173957
166 0.195372
167 0.130252
168 0.071770
169 0.137158
170 -0.413200
171 -0.172555
172 -0.026596
173 0.006173
174 0.101528
175 0.253770
176 -0.043604
177 -0.039023
178 -0.169163
179 0.243913
180 -0.335225
181 -0.023669
182 0.058441
183 0.047722
184 0.142304
185 -0.071076
186 0.017063
187 -0.300788
188 0.139544
189 0.105390
190 0.048063
191 0.076427
192 -0.073498
193 -0.230509
194 -0.038438
195 -0.040085
196 -0.017808
197 -0.291910
198 -0.436707
199 0.017469
200 0.178432
201 -0.209023
202 0.075340
203 0.033804
204 0.288685
205 -0.230244
206 0.190320
207 -0.015149
208 0.127578
209 0.025870
210 -0.037471
211 -0.101827
212 -0.082098
213 0.200318
214 -0.283111
215 -0.184293
216 0.147072
217 -0.338726
218 -0.010227
219 -0.214505
220 0.207699
221 -0.058114
222 0.138325
223 0.093019
224 0.087786
225 0.295983
226 0.228434
227 0.048036
228 0.158595
229 -0.177593
230 -0.035024
231 0.031931
232 -0.066652
233 0.100267
234 -0.032392
235 0.015565
236 -0.006177
237 -0.067533
238 0.031654
239 -0.075818
240 -0.044055
241 0.051804
242 0.186142
243 -0.152311
244 -0.074384
245 0.045276
246 -0.008985
247 -0.168691
248 0.019316
249 -0.166169
250 0.202599
251 0.032859
252 0.047515
253 -0.048185
254 -0.043633
255 0.108740
256 -0.091895
257 -0.102151
258 -0.253688
259 0.050509
260 -0.163152
261 0.048468
262 0.027338
263 0.160297
264 0.258830
265 0.250789
266 0.067754
267 0.046299
268 -0.034956
269 -0.074849
270 0.031227
271 0.025775
272 -0.017968
273 0.251148
274 -0.175254
275 -0.186257
276 0.336141
277 -0.050363
278 -0.102147
279 0.016570
280 0.086108
281 -0.041758
282 0.090525
283 0.022544
284 -0.261150
285 -0.083512
286 -0.106378
287 -0.009578
288 0.012370
289 -0.001724
290 -0.039844
291 0.018659
292 -0.020905
293 -0.022979
294 -0.016007
295 -0.086466
296 -0.111016
297 -0.163909
298 -0.202178
299 -0.075001
300 -0.027862
301 0.009456
302 -0.183235
303 0.049219
304 0.019096
305 -0.198391
306 -0.247356
307 -0.027016
308 0.018589
309 0.116756
310 -0.055420
311 -0.005317
312 -0.062903
313 -0.183880
314 0.021399
315 -0.013302
316 -0.012300
317 -0.063408
318 -0.117742
319 0.061110
320 0.028106
321 0.076452
322 0.064508
323 -0.236880
324 -0.027643
325 0.090297
326 0.076859
327 0.069571
328 -0.013592
329 -0.031990
330 -0.033709
331 -0.036640
332 -0.011958
333 -0.000491
334 -0.078481
335 -0.166203
336 0.303252
337 -0.038260
338 -0.018348
339 -0.060151
340 -0.297454
341 0.107128
342 0.104324
343 0.141925
344 0.075047
345 0.266250
346 0.354858
347 -0.014130
348 0.014267
349 -0.072617
350 -0.015025
351 -0.061653
352 -0.076765
353 0.007336
354 0.043903
355 0.150100
356 -0.028839
357 -0.093496
358 0.049486
359 -0.320439
360 0.237818
361 0.071485
362 -0.203670
363 0.174738
364 -0.084422
365 -0.039544
366 -0.238778
367 0.129725
368 -0.060097
369 -0.073136
370 -0.730944
371 -0.127689
372 -0.016710
373 -0.004230
374 0.007956
375 0.155362
376 0.079388
377 -0.197093
378 0.055939
379 0.039614
380 0.003625
381 0.019418
382 -0.249667
383 0.020668
384 0.037938
385 0.070313
386 -0.157658
387 0.002155
388 0.126105
389 0.053916
390 0.007193
391 -0.206349
392 0.083787
393 0.113220
394 0.016929
395 0.013089
396 -0.330171
397 -0.037869
398 0.000602
399 0.030106
400 -0.028767
401 0.025933
402 -0.121654
403 -0.023330
404 0.086679
405 0.088565
406 0.067523
407 -0.010274
408 0.008316
409 -0.075574
410 0.121742
411 0.006266
412 -0.172526
413 0.094385
414 0.185850
415 -0.157266
416 -0.152751
417 -0.023377
418 -0.038437
419 -0.018516
420 -0.197319
421 -0.224320
422 -0.087257
423 -0.047811
424 0.008400
425 0.019258
426 0.094347
427 -0.157427
428 -0.105828
429 -0.074792
430 -0.038113
431 0.272521
432 -0.003533
433 0.010521
434 -0.144555
435 0.101018
436 0.004103
437 -0.058538
438 0.018333
439 0.047354
440 0.171093
441 0.058479
442 -0.084238
443 -0.071738
444 -0.044719
445 0.018560
446 -0.077844
447 -0.036836
448 0.100079
449 0.161146
450 0.275512
451 -0.002098
452 0.165764
453 -0.038034
454 -0.104869
455 0.112205
456 -0.145463
457 0.035579
458 -0.082502
459 0.117882
460 -0.039083
461 -0.030584
462 0.136684
463 0.062209
464 -0.015536
465 -0.029687
466 -0.099126
467 0.053888
468 -0.032019
469 -0.146856
470 0.106217
471 0.038516
472 0.095403
473 0.044845
474 0.188390
475 -0.027876
476 0.052795
477 -0.146623
478 0.033442
479 0.094505
480 -0.263701
481 -0.118153
482 -0.073959
483 0.008440
484 -0.037675
485 -0.018095
486 -0.105636
487 -0.087970
488 0.012085
489 -0.067027
490 0.071087
491 0.034446
492 -0.347842
493 -0.015430
494 0.021069
495 -0.012615
496 0.127394
497 0.033454
498 -0.114167
499 0.024141
500 -0.012504
501 0.063167
502 -0.078499
503 0.124441
504 0.147538
505 0.037177
506 -0.090048
507 0.246587
508 0.030867
509 -0.198000
510 0.000051
511 -0.165915
512 0.021155
513 -0.086077
514 -0.182648
515 -0.107079
516 -0.120720
517 -0.042969
518 0.052563
519 -0.115969
520 -0.094367
521 0.089211
522 -0.065431
523 -0.085544
524 -0.093123
525 0.068883
526 -0.115001
527 0.331107
528 -0.031405
529 -0.059300
530 0.065176
531 -0.094589
532 0.040627
533 0.174415
534 -0.066660
535 0.029256
536 -0.073912
537 0.080356
538 0.110293
539 -0.137462
540 0.696734
541 -0.330382
542 0.012276
543 -0.073773
544 -0.101723
545 0.112078
546 -0.039030
547 0.125975
548 0.017540
549 0.095020
550 0.024608
551 -0.097152
552 0.038174
553 -0.157122
554 -0.138743
555 0.215585
556 0.059367
557 -0.213299
558 0.045319
559 -0.013138
560 0.069484
561 -0.010182
562 -0.169754
563 -0.006102
564 0.009171
565 -0.000758
566 -0.188192
567 0.158194
568 0.099559
569 0.108762
570 0.009790
571 0.078310
572 0.072030
573 0.039370
574 0.084340
575 -0.053658
576 0.242622
577 -0.073865
578 0.133545
579 -0.037797
580 -0.170513
581 0.411486
582 -0.173925
583 -0.154011
584 -0.271164
585 -0.036750
586 -0.278900
587 0.111701
588 0.010806
589 -0.299945
590 -0.165662
591 -0.141730
592 0.047469
593 -0.005867
594 -0.047069
595 0.169141
596 0.193199
597 -0.174262
598 0.195345
599 0.212662
600 -0.115864
601 0.081455
602 0.294829
603 -0.112253
604 -0.082806
605 -0.156256
606 0.123941
607 0.071596
608 0.121938
609 0.228860
610 0.278457
611 0.154799
612 -0.034155
613 -0.120341
614 -0.174757
615 -0.226545
616 0.111753
617 0.036380
618 0.019007
619 0.001675
620 -0.153651
621 -0.176926
622 0.323605
623 -0.144417
624 0.146536
625 0.168221
626 -0.205859
627 -0.165792
628 0.024479
629 0.204648
630 0.068345
631 0.137921
632 0.040291
633 -0.095963
634 -0.194653
635 0.279998
636 -0.143026
637 0.368071
638 -0.044868
639 0.039317
640 -0.195250
641 0.053117
642 -0.061448
643 -0.045173
644 -0.168175
645 -0.271003
646 0.126124
647 0.006447
648 -0.019294
649 0.146589
650 -0.015706
651 -0.112379
652 0.107120
653 0.095110
654 0.179692
655 0.001131
656 0.042207
657 -0.003544
658 -0.238748
659 -0.152617
660 0.160063
661 0.207616
662 0.210320
663 0.017560
664 -0.028816
665 0.100146
666 0.006868
667 -0.082109
668 -0.011335
669 0.057598
670 -0.195483
671 0.024488
672 0.193792
673 -0.036901
674 0.093961
675 -0.214950
676 0.308638
677 -0.161657
678 0.112503
679 -0.028902
680 0.084217
681 -0.196026
682 -0.123074
683 -0.061795
684 0.158227
685 0.212545
686 -0.183668
687 0.243829
688 0.121515
689 0.264789
690 0.298610
691 -0.036983
692 0.092877
693 -0.032471
694 -0.043305
695 -0.055351
696 0.103821
697 0.044874
698 -0.183402
699 0.232905
700 -0.075158
701 0.157174
702 -0.111814
703 -0.113917
704 -0.053239
705 -0.117707
706 0.083805
707 0.034026
708 0.025457
709 -0.091902
710 0.057971
711 0.066079
712 0.234627
713 -0.055301
714 0.287402
715 -0.075779
716 0.112550
717 0.112683
718 -0.177229
719 0.123859
720 0.009518
721 -0.038273
722 0.074976
723 0.054148
724 0.060692
725 0.053191
726 0.031971
727 0.072750
728 0.080476
729 0.056525
730 -0.106473
731 -0.075329
732 -0.170357
733 0.046842
734 -0.023874
735 0.249798
736 -0.210541
737 0.190623
738 0.111114
739 -0.219571
740 0.002574
741 0.066314
742 -0.175953
743 0.132058
744 -0.017951
745 0.169516
746 -0.133787
747 -0.079372
748 0.082504
749 0.026138
750 -0.048605
751 -0.035248
752 -0.120825
753 -0.177002
754 0.238639
755 -0.164600
756 0.079912
757 -0.030788
758 -0.096849
759 -0.078932
760 -0.014904
761 0.207099
762 0.080435
763 -0.124124
764 -0.012999
765 0.196850
766 -0.063470
767 -0.085639
768 0.120578
769 -0.024353
770 -0.068618
771 -0.183380
772 0.131427
773 0.001802
774 0.124529
775 -0.053668
776 0.151695
777 0.120789
778 -0.085065
779 -0.153581
780 0.115328
781 -0.082187
782 0.148398
783 -0.033376
784 0.248869
785 0.172345
786 -0.049876
787 -0.130170
788 0.090097
789 -0.021719
790 -0.223267
791 0.187891
792 0.223055
793 0.055151
794 0.034416
795 0.059365
796 0.078857
797 0.134178
798 0.232653
799 -0.014115
800 0.129578
801 0.116529
802 0.032441
803 -0.084205
804 0.050572
805 0.527461
806 -0.012692
807 -0.144141
808 -0.046422
809 0.158785
810 0.056694
811 -0.005059
812 -0.088901
813 0.039507
814 -0.116767
815 0.059642
816 0.164293
817 0.055424
818 0.124035
819 0.159861
820 0.043330
821 -0.249508
822 -0.263772
823 0.075101
824 0.126841
825 -0.140476
826 -0.087408
827 0.114870
828 0.057235
829 0.125800
830 0.153583
831 0.159577
832 0.014207
833 -0.051647
834 0.182191
835 -0.208570
836 -0.033226
837 0.107801
838 0.123720
839 -0.085803
840 -0.168724
841 0.009795
842 -0.194977
843 -0.009010
844 0.019549
845 0.113299
846 0.003716
847 0.101027
848 0.082537
849 0.010019
850 -0.099538
851 -0.207936
852 -0.183173
853 0.113308
854 -0.061015
855 -0.020789
856 0.090309
857 -0.123218
858 -0.039034
859 -0.083226
860 0.025964
861 -0.066083
862 0.109713
863 0.221600
864 -0.075744
865 0.147431
866 0.013128
867 0.226830
868 -0.018084
869 0.123225
870 0.075118
871 0.080516
872 -0.023291
873 0.078248
874 -0.179328
875 0.259431
876 0.199826
877 -0.091332
878 0.080494
879 -0.062532
880 0.167669
881 0.060414
882 -0.104260
883 -0.167301
884 0.145492
885 0.132585
886 -0.036095
887 0.020472
888 0.254395
889 -0.032193
890 0.115256
891 -0.016538
892 0.037721
893 -0.140282
894 -0.071561
895 -0.054497
896 0.031643
897 0.064317
898 -0.062197
899 0.145167
900 0.240366
901 0.015348
902 -0.026744
903 -0.096776
904 -0.140526
905 -0.051483
906 -0.176742
907 -0.347892
908 -0.035032
909 -0.053714
910 0.364248
911 0.130302
912 0.100752
913 0.084673
914 0.058223
915 0.023293
916 0.156489
917 -0.145855
918 -0.133068
919 -0.046559
920 0.104736
921 -0.190827
922 -0.041066
923 0.128609
924 0.098398
925 0.037661
926 -0.040999
927 -0.005448
928 -0.052082
929 0.118133
930 -0.135289
931 -0.090824
932 0.001183
933 -0.102861
934 0.028904
935 0.128318
936 0.156622
937 -0.041838
938 0.073807
939 0.097354
940 0.100243
941 -0.020449
942 0.189630
943 -0.156111
944 0.121658
945 -0.097604
946 0.074693
947 -0.135039
948 0.014304
949 -0.088111
950 -0.087098
951 0.286233
952 0.117186
953 0.113485
954 -0.168158
955 0.232416
956 -0.058644
957 0.167870
958 -0.060630
959 0.054325
960 0.051487
961 -0.053768
962 0.049220
963 -0.125627
964 0.229111
965 0.203216
966 0.132099
967 0.145256
968 0.055869
969 0.086621
970 0.014223
971 0.185673
972 -0.060501
973 0.270619
974 0.057137
975 0.129322
976 0.179999
977 0.238121
978 -0.208592
979 0.086431
980 0.022843
981 -0.068482
982 0.289292
983 -0.019736
984 0.259644
985 -0.055461
986 -0.159588
987 -0.083440
988 0.096472
989 -0.079050
990 0.157722
991 0.032220
992 0.007411
993 -0.064135
994 0.004958
995 -0.020139
996 0.148921
997 0.042419
998 0.122437
999 -0.073202
1000 0.187180
1001 -0.005806
1002 -0.005128
1003 0.032728
1004 -0.004221
1005 0.201226
1006 0.156178
1007 -0.061173
1008 0.029131
1009 0.209593
1010 -0.032502
1011 -0.167912
1012 0.002681
1013 -0.015550
1014 -0.034491
1015 -0.153504
1016 0.094488
1017 0.088292
1018 -0.120604
1019 0.061952
1020 0.116182
1021 -0.088444
1022 0.009750
1023 0.393984
1024 -0.113599
1025 -0.142946
1026 -0.336543
1027 0.054319
1028 -0.032138
1029 -0.278220
1030 -0.055348
1031 -0.140140
1032 -0.078228
1033 0.023985
1034 0.010568
1035 0.017484
1036 -0.039979
1037 0.048357
1038 0.090268
1039 0.095599
1040 -0.194265
1041 0.168464
1042 0.053806
1043 -0.066556
1044 0.053118
1045 0.003637
1046 0.067270
1047 0.045254
1048 0.084219
1049 0.029301
1050 -0.071923
1051 0.175179
1052 -0.152342
1053 -0.099510
1054 -0.007471
1055 0.056011
1056 -0.064481
1057 -0.041573
1058 -0.037159
1059 0.125865
1060 0.137694
1061 -0.043305
1062 -0.060981
1063 0.104981
1064 0.017570
1065 0.015190
1066 0.201315
1067 0.007122
1068 0.038717
1069 -0.014156
1070 -0.098308
1071 -0.058641
1072 0.141902
1073 -0.040010
1074 0.024009
1075 0.002365
1076 -0.080223
1077 0.109812
1078 0.193549
1079 -0.001516
1080 -0.053568
1081 0.008784
1082 0.199131
1083 -0.047755
1084 -0.068070
1085 0.026043
1086 -0.025824
1087 -0.009709
1088 0.136545
1089 0.052267
1090 0.017572
1091 -0.144020
1092 -0.047180
1093 0.069231
1094 -0.078956
1095 -0.224244
1096 0.104056
1097 -0.315949
1098 -0.236923
1099 0.100753
1100 -0.037050
1101 0.144042
1102 -0.115704
1103 0.021987
1104 0.098578
1105 -0.010513
1106 0.034119
1107 0.073873
1108 -0.007406
1109 0.307118
1110 0.155512
1111 -0.027134
1112 -0.065167
1113 0.026360
1114 -0.006293
1115 0.107789
1116 0.009054
1117 -0.184385
1118 0.072571
1119 0.212806
1120 0.234059
1121 0.120853
1122 0.092894
1123 0.115176
1124 -0.100133
1125 0.097604
1126 0.265259
1127 -0.068260
1128 -0.068770
1129 -0.009458
1130 0.027863
1131 -0.124980
1132 0.058290
1133 -0.078554
1134 -0.042968
1135 -0.125809
1136 0.245600
1137 0.076078
1138 0.125470
1139 0.032850
1140 -0.142454
1141 0.037797
1142 -0.007163
1143 -0.160838
1144 0.083573
1145 -0.261163
1146 -0.096750
1147 -0.169836
1148 0.030295
1149 0.374964
1150 0.360996
1151 0.046180
1152 -0.165073
1153 -0.269143
1154 -0.333957
1155 0.109812
1156 0.040375
1157 0.009036
1158 -0.089504
1159 -0.152914
1160 -0.025620
1161 -0.216195
1162 -0.107975
1163 0.096930
1164 0.181465
1165 0.124939
1166 -0.325208
1167 0.123553
1168 0.000538
1169 0.141399
1170 -0.180551
1171 0.113692
1172 0.067973
1173 0.112474
1174 0.288835
1175 0.073262
1176 0.016721
1177 -0.208164
1178 0.251982
1179 -0.023956
1180 0.272361
1181 0.259354
1182 -0.126169
1183 0.048600
1184 0.186620
1185 -0.039385
1186 -0.045122
1187 0.061263
1188 0.119843
1189 0.124993
1190 0.118661
1191 -0.074583
1192 -0.063853
1193 -0.097028
1194 -0.293408
1195 -0.372908
1196 0.314936
1197 0.076155
1198 0.052511
1199 0.025894
1200 0.344040
1201 0.007471
1202 -0.071650
1203 0.051220
1204 0.057660
1205 0.158831
1206 -0.093175
1207 -0.055778
1208 0.196432
1209 -0.137005
1210 -0.065958
1211 0.087523
1212 0.091976
1213 0.046118
1214 -0.175345
1215 0.053143
1216 0.030587
1217 0.282963
1218 0.053677
1219 -0.105223
1220 0.171728
1221 0.197550
1222 -0.003166
1223 -0.020370
