0 0.034682
1 -0.172689
2 0.084898
3 0.181494
4 -0.127660
5 -0.115028
6 0.035153
7 -0.221464
8 -0.397249
9 -0.049253
10 0.078184
11 -0.244856
12 -0.203700
13 0.091691
14 -0.240225
15 -0.058744
16 0.053985
17 0.012714
18 -0.227426
19 -0.058466
20 0.709060
21 0.169019
22 0.036608
23 0.214589
24 0.849596
25 0.017958
26 0.014026
27 -0.024354
28 -0.272407
29 0.273831
30 -0.048382
31 -0.319712
32 0.217858
33 0.534525
34 0.544999
35 -0.151420
36 -0.256625
37 0.096862
38 -0.001320
39 -0.066095
40 -0.039821
41 0.283268
42 0.011053
43 -0.080715
44 0.489450
45 0.193489
46 0.070466
47 0.276102
48 0.226766
49 -0.167889
50 -0.124790
51 0.078924
52 0.236821
53 -0.342489
54 0.256894
55 0.284811
56 -0.059035
57 -0.123809
58 0.342118
59 -0.002749
60 0.101813
61 0.157752
62 -0.289503
63 0.329582
64 0.167109
65 -0.188409
66 0.187849
67 0.170578
68 0.076086
69 0.079074
70 -0.161003
71 -0.045311
72 0.065619
73 0.302772
74 0.030402
75 0.101191
76 0.006632
77 0.125279
78 0.274301
79 0.141038
80 -0.102888
81 0.220084
82 0.075796
83 0.197865
84 0.134114
85 0.249507
86 0.314806
87 0.118569
88 0.091300
89 0.117040
90 0.220868
91 -0.239452
92 -0.175143
93 -0.114771
94 -0.063324
95 0.545861
96 0.084788
97 0.111599
98 0.299447
99 0.526731
100 0.517868
101 -0.196166
102 -0.336964
103 0.408922
104 -0.305783
105 0.090779
106 -0.074581
107 0.012927
108 0.294998
109 0.461013
110 0.308517
111 -0.152313
112 0.152968
113 -0.156574
114 0.133110
115 0.008178
116 0.185669
117 0.135426
118 0.154626
119 0.351666
120 0.001586
121 0.143487
122 -0.263294
123 -0.076416
124 0.015529
125 0.090478
126 0.061688
127 0.081250
128 -0.296894
129 0.114647
130 0.164973
131 -0.249380
132 -0.038981
133 -0.254723
134 -0.017758
135 0.154913
136 0.086757
137 0.027783
138 -0.020821
139 -0.114940
140 0.038430
141 -0.297036
142 -0.139808
143 0.174527
144 0.158923
145 0.083202
146 0.289996
147 -0.587230
148 0.189101
149 -0.055723
150 0.025916
151 0.450018
152 0.349089
153 0.064231
154 0.364907
155 0.011130
156 0.080962
157 -0.016516
158 0.158759
159 0.161831
160 0.094004
161 0.252174
162 -0.027481
163 0.048799
164 0.170137
165 0.735871
166 0.125044
167 0.063455
168 -0.232087
169 0.025678
170 -0.348553
171 -0.076628
172 0.331904
173 -0.033444
174 -0.168829
175 -0.281697
176 0.281084
177 0.117142
178 0.093648
179 0.035854
180 -0.011147
181 0.228709
182 -0.423612
183 -0.294020
184 0.074717
185 0.629959
186 0.041131
187 -0.066839
188 -0.448555
189 -0.242136
190 -0.093070
191 -0.005277
192 0.170326
193 -0.320749
194 0.020442
195 -0.135014
196 0.014967
197 0.140999
198 0.029872
199 0.036408
200 -0.069285
201 0.059162
202 -0.300574
203 -0.025300
204 0.016332
205 0.081927
206 0.495895
207 0.309885
208 -0.022408
209 0.327716
210 -0.678081
211 0.111425
212 -0.372907
213 0.175160
214 0.325614
215 0.254567
216 -0.302260
217 0.158276
218 0.098572
219 -0.403448
220 0.110627
221 -0.098055
222 0.380658
223 0.455540
224 0.054298
225 -0.155916
226 0.034889
227 1.052920
228 0.387011
229 -0.199570
230 -0.009421
231 0.041266
232 0.302059
233 -0.177388
234 0.139915
235 0.122759
236 0.206733
237 -0.151064
238 -0.031212
239 0.000561
240 -0.125063
241 0.114124
242 -0.201834
243 -0.150928
244 -0.003552
245 0.146010
246 0.711791
247 -0.041233
248 -0.002584
249 0.190216
250 0.023729
251 -0.045995
252 0.091195
253 0.289695
254 -0.151122
255 -0.263964
256 0.069822
257 0.358434
258 0.196070
259 -0.289723
260 0.266173
261 0.182283
262 0.201226
263 0.150267
264 0.243301
265 -0.134684
266 0.323708
267 0.458872
268 0.937965
269 -0.043738
270 0.081160
271 0.213553
272 -0.405243
273 -0.389086
274 0.452620
275 0.345827
276 0.504846
277 -0.037016
278 0.251708
279 0.171118
280 0.121245
281 0.080599
282 0.250722
283 -0.122896
284 0.014611
285 -0.118957
286 -0.007655
287 0.345239
288 -0.084693
289 -0.105555
290 0.044345
291 0.093535
292 -0.001202
293 0.072641
294 0.168729
295 0.057822
296 -0.102740
297 0.003616
298 0.035174
299 0.077257
300 -0.162804
301 0.213432
302 -0.067139
303 0.179751
304 0.107955
305 0.222064
306 -0.053587
307 0.312438
308 0.096587
309 -0.172642
310 -0.030158
311 0.061417
312 0.211867
313 0.385008
314 0.147932
315 -0.156611
316 0.134775
317 -0.056169
318 0.182940
319 -0.087584
320 0.174523
321 0.289702
322 0.284305
323 -0.165459
324 0.173813
325 0.062965
326 0.252198
327 -0.001575
328 0.122296
329 0.111986
330 -0.098428
331 0.268556
332 0.289865
333 0.305781
334 -0.086581
335 -0.083513
336 -0.530564
337 0.174231
338 -0.027050
339 -0.307863
340 0.333572
341 -0.110028
342 -0.212912
343 -0.259850
344 -0.090750
345 0.054490
346 -0.174921
347 0.430329
348 -0.001984
349 -0.080087
350 0.070784
351 0.259070
352 -0.169699
353 0.003700
354 -0.117619
355 0.062818
356 0.339773
357 -0.127238
358 0.049566
359 0.184862
360 0.820170
361 -0.024461
362 -0.034080
363 -0.148342
364 -0.189772
365 -0.142774
366 0.133270
367 -0.012908
368 0.015100
369 -0.036981
370 0.234248
371 -0.253892
372 0.152626
373 0.327694
374 -0.156065
375 -0.104520
376 -0.001009
377 0.120315
378 0.041839
379 0.293947
380 0.788836
381 0.019574
382 0.217406
383 0.145524
384 0.183276
385 -0.110091
386 -0.553785
387 -0.001930
388 0.163862
389 0.244205
390 0.077058
391 0.050125
392 0.176888
393 -0.076984
394 0.347731
395 -0.152504
396 0.105716
397 -0.047320
398 -0.309250
399 0.332434
400 -0.366472
401 -0.161172
402 -0.045689
403 0.171979
404 0.366389
405 -0.139094
406 -0.076550
407 0.046862
408 0.169449
409 -0.310945
410 0.220206
411 0.532140
412 0.124540
413 -0.295279
414 -0.136657
415 0.086857
416 0.089293
417 -0.093021
418 0.267194
419 0.014460
420 -0.086465
421 0.266526
422 0.246402
423 0.125298
424 0.583220
425 0.134153
426 1.134473
427 0.258088
428 0.286618
429 -0.170826
430 0.124260
431 0.100424
432 0.304705
433 0.118034
434 -0.090759
435 0.005501
436 0.273996
437 0.228127
438 0.098969
439 0.255335
440 0.286838
441 0.167149
442 0.448748
443 0.132164
444 0.208306
445 0.050105
446 0.559289
447 0.664033
448 0.113624
449 0.307928
450 -0.027102
451 0.100400
452 -0.075237
453 0.073265
454 -0.085538
455 0.243138
456 0.284137
457 0.325397
458 0.316508
459 0.009207
460 -0.353077
461 0.037324
462 -0.021230
463 -0.036494
464 -0.271372
465 0.384845
466 0.121862
467 0.147497
468 0.282722
469 0.480497
470 0.598381
471 -0.207144
472 -0.317466
473 0.089283
474 0.021494
475 -0.019850
476 -0.126928
477 0.416794
478 0.119892
479 -0.636032
480 0.613230
481 -0.084823
482 0.189888
483 -0.438150
484 0.256594
485 0.312158
486 0.071338
487 0.181721
488 0.109704
489 0.363822
490 0.476246
491 0.300611
492 0.334541
493 0.046154
494 0.443748
495 0.378760
496 0.346379
497 0.214533
498 -0.116529
499 0.016096
500 0.765653
501 0.065820
502 0.445471
503 0.380518
504 -0.095657
505 0.776738
506 -0.000493
507 -0.020852
508 -0.108834
509 0.379161
510 0.264397
511 0.295395
512 0.038472
513 0.213540
514 -0.084376
515 0.422032
516 -0.164975
517 0.031289
518 -0.104479
519 -0.292510
520 -0.122631
521 -0.035513
522 -0.396226
523 0.172241
524 0.066365
525 0.011253
526 -0.008841
527 -0.300669
528 0.033545
529 0.451062
530 -0.181527
531 -0.000808
532 -0.170889
533 0.255148
534 0.448854
535 -0.152813
536 -0.071440
537 0.037194
538 0.220890
539 -0.247660
540 -0.109257
541 0.325071
542 -0.155655
543 -0.000795
544 0.052676
545 0.068792
546 -0.003750
547 0.023278
548 0.051068
549 -0.176868
550 0.114738
551 0.221775
552 0.016607
553 0.012120
554 0.008290
555 -0.170906
556 -0.026142
557 0.039916
558 -0.017805
559 0.158594
560 -0.273893
561 -0.045234
562 -0.024824
563 0.018441
564 0.079500
565 0.001661
566 0.096837
567 -0.070669
568 0.033289
569 0.008372
570 0.105941
571 0.014183
572 0.011332
573 0.176026
574 -0.035736
575 -0.069402
576 0.584177
577 0.130001
578 0.085899
579 -0.046586
580 0.019639
581 -0.051524
582 -0.016565
583 -0.262451
584 0.508586
585 -0.131192
586 0.070762
587 -0.275746
588 0.034509
589 -0.116331
590 0.068760
591 0.045042
592 -0.073606
593 0.010702
594 -0.042954
595 0.033511
596 0.099281
597 -0.248046
598 -0.134701
599 0.967154
600 0.279323
601 -0.025526
602 -0.113016
603 -0.115202
604 0.066585
605 0.100807
606 -0.033576
607 -0.015208
608 -0.002925
609 -0.040310
610 -0.041511
611 -0.040136
612 0.041407
613 0.003630
614 0.127607
615 0.055390
616 -0.034497
617 -0.001956
618 0.006095
619 -0.038119
620 -0.037689
621 0.023679
622 -0.071455
623 -0.186343
624 0.027203
625 -0.001350
626 0.030562
627 0.084812
628 0.127183
629 -0.035111
630 -0.116973
631 -0.059169
632 -0.206522
633 0.326904
634 0.028526
635 0.100740
636 0.208867
637 0.145728
638 -0.039420
639 -0.154419
640 0.020535
641 0.229257
642 -0.025879
643 -0.165831
644 0.219205
645 0.081808
646 0.025767
647 -0.031977
648 0.091346
649 0.218600
650 -0.142665
651 0.045217
652 -0.582802
653 0.331282
654 -0.252765
655 0.165300
656 0.048622
657 0.273834
658 -0.205697
659 -0.159197
660 -0.027683
661 0.079133
662 0.148460
663 0.047555
664 0.423838
665 -0.347151
666 0.023396
667 0.064423
668 0.073999
669 0.097415
670 -0.174249
671 -0.016728
672 0.120801
673 -0.029189
674 0.081955
675 0.251747
676 0.044343
677 -0.025327
678 -0.088255
679 -0.066768
680 0.151397
681 -0.120486
682 0.003666
683 0.053223
684 0.059927
685 -0.117624
686 0.099471
687 -0.002179
688 -0.147969
689 0.044330
690 0.326867
691 0.742842
692 0.216608
693 0.111220
694 -0.130209
695 0.182697
696 -0.285729
697 -0.181166
698 -0.073011
699 0.267607
700 -0.029806
701 0.049109
702 -0.026905
703 -0.049067
704 0.102854
705 0.244911
706 -0.042539
707 0.849256
708 -0.032903
709 -0.006336
710 -0.291232
711 -0.080387
712 0.523360
713 -0.127345
714 -0.123445
715 0.294823
716 -0.100119
717 -0.200401
718 -0.100252
719 0.203109
720 0.168134
721 0.215006
722 -0.081332
723 0.284859
724 0.086332
725 0.191828
726 0.040950
727 0.098248
728 -0.013718
729 -0.351788
730 0.022592
731 -0.096270
732 0.010395
733 0.023948
734 0.605399
735 0.137948
736 0.533332
737 0.393923
738 -0.096518
739 0.046167
740 -0.068535
741 0.236129
742 0.440434
743 -0.245557
744 -0.147382
745 0.305060
746 -0.038966
747 -0.020294
748 0.102882
749 0.244827
750 -0.148833
751 0.173730
752 -0.175614
753 0.279951
754 0.076439
755 0.019677
756 0.076776
757 0.332960
758 0.041416
759 0.726509
760 0.182703
761 -0.064756
762 0.146960
763 0.016954
764 0.087219
765 0.347564
766 0.052259
767 0.032485
768 0.039427
769 0.228625
770 -0.005211
771 0.431317
772 0.244431
773 -0.120571
774 -0.030347
775 0.039284
776 0.537611
777 0.541714
778 -0.144657
779 -0.335947
780 0.059949
781 0.629622
782 -0.137431
783 0.128604
784 0.181020
785 0.540400
786 0.178727
787 0.225259
788 0.589699
789 -0.115986
790 0.224873
791 -0.083520
792 -0.026713
793 -0.071127
794 0.276180
795 0.149385
796 0.052042
797 -0.096800
798 0.159585
799 0.008758
800 0.009960
801 0.024055
802 0.413651
803 -0.061159
804 0.298430
805 0.112947
806 -0.237351
807 0.031197
808 -0.068699
809 0.122811
810 0.213382
811 -0.397279
812 0.152042
813 -0.124392
814 -0.117864
815 0.014636
816 0.214566
817 0.318865
818 0.171128
819 0.093132
820 -0.003536
821 0.103688
822 -0.163027
823 -0.044498
824 -0.128797
825 -0.001510
826 0.053246
827 0.047168
828 0.341955
829 0.517176
830 0.010923
831 0.227340
832 -0.284534
833 -0.165071
834 0.038649
835 -0.351819
836 -0.048482
837 -0.124636
838 0.264261
839 0.451859
840 -0.069872
841 0.184822
842 -0.105778
843 -0.360451
844 0.277182
845 0.146217
846 -0.169677
847 0.118644
848 -0.007018
849 0.030174
850 0.136132
851 0.099822
852 1.164687
853 0.435934
854 0.139017
855 -0.226809
856 0.114916
857 -0.027932
858 0.201051
859 0.072328
860 0.277216
861 0.252439
862 -0.026741
863 0.272757
864 0.317571
865 -0.066584
866 0.449070
867 0.199116
868 0.285959
869 -0.167623
870 -0.052893
871 -0.068734
872 0.133925
873 0.107634
874 -0.224973
875 -0.034862
876 0.207209
877 0.184458
878 0.150230
879 -0.276183
880 0.075674
881 0.151749
882 0.128013
883 -0.095327
884 0.405121
885 -0.107612
886 0.227303
887 -0.116639
888 0.039959
889 0.057856
890 -0.033240
891 0.804369
892 0.017518
893 -0.092255
894 -0.011523
895 0.243055
896 -0.088177
897 -0.299081
898 0.003240
899 -0.173396
900 0.125731
901 -0.001084
902 -0.062134
903 -0.146864
904 0.120529
905 -0.008214
906 0.022436
907 -0.023454
908 -0.246559
909 -0.247242
910 0.323304
911 0.080311
912 0.078786
913 -0.075895
914 0.122726
915 -0.189603
916 -0.256996
917 0.099850
918 0.041863
919 0.181674
920 -0.043106
921 -0.086205
922 0.136717
923 0.055761
924 -0.037974
925 0.507101
926 0.006050
927 -0.065180
928 0.274075
929 -0.111396
930 -0.010942
931 -0.522224
932 0.074255
933 0.061718
934 0.093205
935 -0.203407
936 -0.244763
937 0.082679
938 0.257672
939 0.031830
940 -0.205512
941 0.254876
942 -0.083533
943 0.112955
944 -0.157800
945 -0.045936
946 -0.073040
947 -0.233500
948 -0.429647
949 0.064639
950 -0.051802
951 -0.011705
952 0.259409
953 0.270708
954 0.162824
955 0.213140
956 0.168463
957 0.072105
958 -0.134338
959 -0.145662
960 0.311403
961 0.114345
962 0.047846
963 -0.135878
964 0.036198
965 0.070081
966 0.002585
967 0.298667
968 -0.094039
969 0.125535
970 -0.049541
971 -0.250829
972 -0.243204
973 -0.277555
974 -0.040831
975 -0.044647
976 0.338046
977 0.101838
978 0.872682
979 0.160399
980 0.186722
981 0.274942
982 0.256873
983 0.306160
984 -0.104938
985 0.118488
986 -0.030643
987 0.199409
988 0.278658
989 -0.149503
990 0.309258
991 0.235617
992 -0.098612
993 0.291427
994 0.156272
995 0.105521
996 -0.186392
997 -0.059197
998 -0.106237
999 -0.168801
1000 0.161747
1001 -0.078570
1002 0.222538
1003 -0.190321
1004 0.044228
1005 0.066992
1006 0.465701
1007 0.175200
1008 -0.136506
1009 -0.006142
1010 0.044471
1011 -0.224772
1012 0.060174
1013 -0.541921
1014 0.133210
1015 0.232027
1016 0.127974
1017 -0.163687
1018 0.179802
1019 0.126423
1020 -0.216534
1021 -0.017041
1022 0.008030
1023 0.311839
1024 -0.266397
1025 0.149269
1026 0.318189
1027 0.141428
1028 -0.033579
1029 -0.092441
1030 0.223200
1031 -0.230343
1032 0.147596
1033 -0.205837
1034 -0.336861
1035 0.051411
1036 -0.264866
1037 0.226338
1038 0.033834
1039 0.281018
1040 0.157384
1041 0.040171
1042 0.008738
1043 -0.022176
1044 0.076883
1045 0.020665
1046 -0.259805
1047 -0.061741
1048 0.043258
1049 0.128755
1050 0.193694
1051 -0.202069
1052 -0.240463
1053 0.124893
1054 0.239818
1055 0.312854
1056 0.122507
1057 0.055939
1058 0.167636
1059 0.109769
1060 0.134929
1061 -0.456938
1062 0.007612
1063 0.302531
1064 0.298437
1065 0.525609
1066 -0.255853
1067 -0.425082
1068 -0.120287
1069 -0.031479
1070 0.149668
1071 -0.132323
1072 -0.242853
1073 0.328320
1074 0.148981
1075 0.252489
1076 0.081955
1077 -0.030026
1078 0.199434
1079 0.080715
1080 0.020139
1081 -0.126979
1082 0.024449
1083 0.212015
1084 0.182117
1085 0.374237
1086 -0.016247
1087 -0.217291
1088 0.344472
1089 0.275359
1090 0.121596
1091 -0.005910
1092 -0.314049
1093 -0.067051
1094 0.184876
1095 0.043180
1096 -0.296819
1097 -0.178106
1098 0.262939
1099 0.316708
1100 -0.150734
1101 -0.280012
1102 -0.073121
1103 -0.161620
1104 -0.032341
1105 0.116473
1106 -0.104430
1107 0.121234
1108 -0.143760
1109 0.110017
1110 0.237478
1111 -0.008914
1112 0.075423
1113 -0.131672
1114 -0.137675
1115 0.730752
1116 0.334988
1117 -0.063935
1118 0.261178
1119 0.053103
1120 -0.230901
1121 -0.253337
1122 0.049183
1123 -0.232930
1124 -0.232301
1125 -0.097763
1126 -0.182336
1127 -0.241547
1128 0.150043
1129 -0.114048
1130 0.260303
1131 0.005481
1132 -0.286485
1133 -0.071040
1134 -0.057386
1135 -0.396347
1136 0.303767
1137 -0.214135
1138 0.214931
1139 0.296764
1140 -0.223914
1141 -0.093715
1142 -0.070741
1143 0.045672
1144 -0.233871
1145 -0.298446
1146 0.232227
1147 0.160431
1148 0.029649
1149 0.151066
1150 -0.171899
1151 -0.002340
1152 0.088775
1153 0.181274
1154 -0.106479
1155 0.127878
1156 0.054336
1157 0.081053
1158 -0.179918
1159 0.196842
1160 -0.168697
1161 0.416809
1162 -0.043177
1163 0.133921
1164 0.087592
1165 -0.138723
1166 0.037383
1167 0.133807
1168 -0.302293
1169 -0.264880
1170 0.344186
1171 0.200727
1172 0.422643
1173 -0.145230
1174 -0.550216
1175 -0.034044
1176 0.186965
1177 -0.106877
1178 0.111657
1179 -0.121156
1180 0.226080
1181 0.252904
1182 0.077284
1183 0.318080
1184 -0.459602
1185 -0.059866
1186 0.174960
1187 -0.001166
1188 0.089979
1189 0.180725
1190 -0.107576
1191 0.391022
1192 0.255586
1193 -0.197495
1194 -0.058757
1195 -0.144426
1196 0.153823
1197 0.033271
1198 -0.155606
1199 -0.007823
1200 0.026881
1201 -0.228197
1202 -0.196008
1203 -0.264440
1204 0.051338
1205 0.109899
1206 0.027418
1207 0.575174
1208 0.079496
1209 -0.126725
1210 -0.182806
1211 -0.088336
1212 0.108769
1213 -0.484415
1214 0.453569
1215 0.008699
0 0.034682
1 -0.172689
2 0.084898
3 0.181494
4 -0.127660
5 -0.115028
6 0.035153
7 -0.221464
8 -0.397249
9 -0.049253
10 0.078184
11 -0.244856
12 -0.203700
13 0.091691
14 -0.240225
15 -0.058744
16 0.053985
17 0.012714
18 -0.227426
19 -0.058466
20 0.709060
21 0.169019
22 0.036608
23 0.214589
24 0.849596
25 0.017958
26 0.014026
27 -0.024354
28 -0.272407
29 0.273831
30 -0.048382
31 -0.319712
32 0.217858
33 0.534525
34 0.544999
35 -0.151420
36 -0.256625
37 0.096862
38 -0.001320
39 -0.066095
40 -0.039821
41 0.283268
42 0.011053
43 -0.080715
44 0.489450
45 0.193489
46 0.070466
47 0.276102
48 0.226766
49 -0.167889
50 -0.124790
51 0.078924
52 0.236821
53 -0.342489
54 0.256894
55 0.284811
56 -0.059035
57 -0.123809
58 0.342118
59 -0.002749
60 0.101813
61 0.157752
62 -0.289503
63 0.329582
64 0.167109
65 -0.188409
66 0.187849
67 0.170578
68 0.076086
69 0.079074
70 -0.161003
71 -0.045311
72 0.065619
73 0.302772
74 0.030402
75 0.101191
76 0.006632
77 0.125279
78 0.274301
79 0.141038
80 -0.102888
81 0.220084
82 0.075796
83 0.197865
84 0.134114
85 0.249507
86 0.314806
87 0.118569
88 0.091300
89 0.117040
90 0.220868
91 -0.239452
92 -0.175143
93 -0.114771
94 -0.063324
95 0.545861
96 0.084788
97 0.111599
98 0.299447
99 0.526731
100 0.517868
101 -0.196166
102 -0.336964
103 0.408922
104 -0.305783
105 0.090779
106 -0.074581
107 0.012927
108 0.294998
109 0.461013
110 0.308517
111 -0.152313
112 0.152968
113 -0.156574
114 0.133110
115 0.008178
116 0.185669
117 0.135426
118 0.154626
119 0.351666
120 0.001586
121 0.143487
122 -0.263294
123 -0.076416
124 0.015529
125 0.090478
126 0.061688
127 0.081250
128 -0.296894
129 0.114647
130 0.164973
131 -0.249380
132 -0.038981
133 -0.254723
134 -0.017758
135 0.154913
136 0.086757
137 0.027783
138 -0.020821
139 -0.114940
140 0.038430
141 -0.297036
142 -0.139808
143 0.174527
144 0.158923
145 0.083202
146 0.289996
147 -0.587230
148 0.189101
149 -0.055723
150 0.025916
151 0.450018
152 0.349089
153 0.064231
154 0.364907
155 0.011130
156 0.080962
157 -0.016516
158 0.158759
159 0.161831
160 0.094004
161 0.252174
162 -0.027481
163 0.048799
164 0.170137
165 0.735871
166 0.125044
167 0.063455
168 -0.232087
169 0.025678
170 -0.348553
171 -0.076628
172 0.331904
173 -0.033444
174 -0.168829
175 -0.281697
176 0.281084
177 0.117142
178 0.093648
179 0.035854
180 -0.011147
181 0.228709
182 -0.423612
183 -0.294020
184 0.074717
185 0.629959
186 0.041131
187 -0.066839
188 -0.448555
189 -0.242136
190 -0.093070
191 -0.005277
192 0.170326
193 -0.320749
194 0.020442
195 -0.135014
196 0.014967
197 0.140999
198 0.029872
199 0.036408
200 -0.069285
201 0.059162
202 -0.300574
203 -0.025300
204 0.016332
205 0.081927
206 0.495895
207 0.309885
208 -0.022408
209 0.327716
210 -0.678081
211 0.111425
212 -0.372907
213 0.175160
214 0.325614
215 0.254567
216 -0.302260
217 0.158276
218 0.098572
219 -0.403448
220 0.110627
221 -0.098055
222 0.380658
223 0.455540
224 0.054298
225 -0.155916
226 0.034889
227 1.052920
228 0.387011
229 -0.199570
230 -0.009421
231 0.041266
232 0.302059
233 -0.177388
234 0.139915
235 0.122759
236 0.206733
237 -0.151064
238 -0.031212
239 0.000561
240 -0.125063
241 0.114124
242 -0.201834
243 -0.150928
244 -0.003552
245 0.146010
246 0.711791
247 -0.041233
248 -0.002584
249 0.190216
250 0.023729
251 -0.045995
252 0.091195
253 0.289695
254 -0.151122
255 -0.263964
256 0.069822
257 0.358434
258 0.196070
259 -0.289723
260 0.266173
261 0.182283
262 0.201226
263 0.150267
264 0.243301
265 -0.134684
266 0.323708
267 0.458872
268 0.937965
269 -0.043738
270 0.081160
271 0.213553
272 -0.405243
273 -0.389086
274 0.452620
275 0.345827
276 0.504846
277 -0.037016
278 0.251708
279 0.171118
280 0.121245
281 0.080599
282 0.250722
283 -0.122896
284 0.014611
285 -0.118957
286 -0.007655
287 0.345239
288 -0.084693
289 -0.105555
290 0.044345
291 0.093535
292 -0.001202
293 0.072641
294 0.168729
295 0.057822
296 -0.102740
297 0.003616
298 0.035174
299 0.077257
300 -0.162804
301 0.213432
302 -0.067139
303 0.179751
304 0.107955
305 0.222064
306 -0.053587
307 0.312438
308 0.096587
309 -0.172642
310 -0.030158
311 0.061417
312 0.211867
313 0.385008
314 0.147932
315 -0.156611
316 0.134775
317 -0.056169
318 0.182940
319 -0.087584
320 0.174523
321 0.289702
322 0.284305
323 -0.165459
324 0.173813
325 0.062965
326 0.252198
327 -0.001575
328 0.122296
329 0.111986
330 -0.098428
331 0.268556
332 0.289865
333 0.305781
334 -0.086581
335 -0.083513
336 -0.530564
337 0.174231
338 -0.027050
339 -0.307863
340 0.333572
341 -0.110028
342 -0.212912
343 -0.259850
344 -0.090750
345 0.054490
346 -0.174921
347 0.430329
348 -0.001984
349 -0.080087
350 0.070784
351 0.259070
352 -0.169699
353 0.003700
354 -0.117619
355 0.062818
356 0.339773
357 -0.127238
358 0.049566
359 0.184862
360 0.820170
361 -0.024461
362 -0.034080
363 -0.148342
364 -0.189772
365 -0.142774
366 0.133270
367 -0.012908
368 0.015100
369 -0.036981
370 0.234248
371 -0.253892
372 0.152626
373 0.327694
374 -0.156065
375 -0.104520
376 -0.001009
377 0.120315
378 0.041839
379 0.293947
380 0.788836
381 0.019574
382 0.217406
383 0.145524
384 0.183276
385 -0.110091
386 -0.553785
387 -0.001930
388 0.163862
389 0.244205
390 0.077058
391 0.050125
392 0.176888
393 -0.076984
394 0.347731
395 -0.152504
396 0.105716
397 -0.047320
398 -0.309250
399 0.332434
400 -0.366472
401 -0.161172
402 -0.045689
403 0.171979
404 0.366389
405 -0.139094
406 -0.076550
407 0.046862
408 0.169449
409 -0.310945
410 0.220206
411 0.532140
412 0.124540
413 -0.295279
414 -0.136657
415 0.086857
416 0.089293
417 -0.093021
418 0.267194
419 0.014460
420 -0.086465
421 0.266526
422 0.246402
423 0.125298
424 0.583220
425 0.134153
426 1.134473
427 0.258088
428 0.286618
429 -0.170826
430 0.124260
431 0.100424
432 0.304705
433 0.118034
434 -0.090759
435 0.005501
436 0.273996
437 0.228127
438 0.098969
439 0.255335
440 0.286838
441 0.167149
442 0.448748
443 0.132164
444 0.208306
445 0.050105
446 0.559289
447 0.664033
448 0.113624
449 0.307928
450 -0.027102
451 0.100400
452 -0.075237
453 0.073265
454 -0.085538
455 0.243138
456 0.284137
457 0.325397
458 0.316508
459 0.009207
460 -0.353077
461 0.037324
462 -0.021230
463 -0.036494
464 -0.271372
465 0.384845
466 0.121862
467 0.147497
468 0.282722
469 0.480497
470 0.598381
471 -0.207144
472 -0.317466
473 0.089283
474 0.021494
475 -0.019850
476 -0.126928
477 0.416794
478 0.119892
479 -0.636032
480 0.613230
481 -0.084823
482 0.189888
483 -0.438150
484 0.256594
485 0.312158
486 0.071338
487 0.181721
488 0.109704
489 0.363822
490 0.476246
491 0.300611
492 0.334541
493 0.046154
494 0.443748
495 0.378760
496 0.346379
497 0.214533
498 -0.116529
499 0.016096
500 0.765653
501 0.065820
502 0.445471
503 0.380518
504 -0.095657
505 0.776738
506 -0.000493
507 -0.020852
508 -0.108834
509 0.379161
510 0.264397
511 0.295395
512 0.038472
513 0.213540
514 -0.084376
515 0.422032
516 -0.164975
517 0.031289
518 -0.104479
519 -0.292510
520 -0.122631
521 -0.035513
522 -0.396226
523 0.172241
524 0.066365
525 0.011253
526 -0.008841
527 -0.300669
528 0.033545
529 0.451062
530 -0.181527
531 -0.000808
532 -0.170889
533 0.255148
534 0.448854
535 -0.152813
536 -0.071440
537 0.037194
538 0.220890
539 -0.247660
540 -0.109257
541 0.325071
542 -0.155655
543 -0.000795
544 0.052676
545 0.068792
546 -0.003750
547 0.023278
548 0.051068
549 -0.176868
550 0.114738
551 0.221775
552 0.016607
553 0.012120
554 0.008290
555 -0.170906
556 -0.026142
557 0.039916
558 -0.017805
559 0.158594
560 -0.273893
561 -0.045234
562 -0.024824
563 0.018441
564 0.079500
565 0.001661
566 0.096837
567 -0.070669
568 0.033289
569 0.008372
570 0.105941
571 0.014183
572 0.011332
573 0.176026
574 -0.035736
575 -0.069402
576 0.584177
577 0.130001
578 0.085899
579 -0.046586
580 0.019639
581 -0.051524
582 -0.016565
583 -0.262451
584 0.508586
585 -0.131192
586 0.070762
587 -0.275746
588 0.034509
589 -0.116331
590 0.068760
591 0.045042
592 -0.073606
593 0.010702
594 -0.042954
595 0.033511
596 0.099281
597 -0.248046
598 -0.134701
599 0.967154
600 0.279323
601 -0.025526
602 -0.113016
603 -0.115202
604 0.066585
605 0.100807
606 -0.033576
607 -0.015208
608 -0.002925
609 -0.040310
610 -0.041511
611 -0.040136
612 0.041407
613 0.003630
614 0.127607
615 0.055390
616 -0.034497
617 -0.001956
618 0.006095
619 -0.038119
620 -0.037689
621 0.023679
622 -0.071455
623 -0.186343
624 0.027203
625 -0.001350
626 0.030562
627 0.084812
628 0.127183
629 -0.035111
630 -0.116973
631 -0.059169
632 -0.206522
633 0.326904
634 0.028526
635 0.100740
636 0.208867
637 0.145728
638 -0.039420
639 -0.154419
640 0.020535
641 0.229257
642 -0.025879
643 -0.165831
644 0.219205
645 0.081808
646 0.025767
647 -0.031977
648 0.091346
649 0.218600
650 -0.142665
651 0.045217
652 -0.582802
653 0.331282
654 -0.252765
655 0.165300
656 0.048622
657 0.273834
658 -0.205697
659 -0.159197
660 -0.027683
661 0.079133
662 0.148460
663 0.047555
664 0.423838
665 -0.347151
666 0.023396
667 0.064423
668 0.073999
669 0.097415
670 -0.174249
671 -0.016728
672 0.120801
673 -0.029189
674 0.081955
675 0.251747
676 0.044343
677 -0.025327
678 -0.088255
679 -0.066768
680 0.151397
681 -0.120486
682 0.003666
683 0.053223
684 0.059927
685 -0.117624
686 0.099471
687 -0.002179
688 -0.147969
689 0.044330
690 0.326867
691 0.742842
692 0.216608
693 0.111220
694 -0.130209
695 0.182697
696 -0.285729
697 -0.181166
698 -0.073011
699 0.267607
700 -0.029806
701 0.049109
702 -0.026905
703 -0.049067
704 0.102854
705 0.244911
706 -0.042539
707 0.849256
708 -0.032903
709 -0.006336
710 -0.291232
711 -0.080387
712 0.523360
713 -0.127345
714 -0.123445
715 0.294823
716 -0.100119
717 -0.200401
718 -0.100252
719 0.203109
720 0.168134
721 0.215006
722 -0.081332
723 0.284859
724 0.086332
725 0.191828
726 0.040950
727 0.098248
728 -0.013718
729 -0.351788
730 0.022592
731 -0.096270
732 0.010395
733 0.023948
734 0.605399
735 0.137948
736 0.533332
737 0.393923
738 -0.096518
739 0.046167
740 -0.068535
741 0.236129
742 0.440434
743 -0.245557
744 -0.147382
745 0.305060
746 -0.038966
747 -0.020294
748 0.102882
749 0.244827
750 -0.148833
751 0.173730
752 -0.175614
753 0.279951
754 0.076439
755 0.019677
756 0.076776
757 0.332960
758 0.041416
759 0.726509
760 0.182703
761 -0.064756
762 0.146960
763 0.016954
764 0.087219
765 0.347564
766 0.052259
767 0.032485
768 0.039427
769 0.228625
770 -0.005211
771 0.431317
772 0.244431
773 -0.120571
774 -0.030347
775 0.039284
776 0.537611
777 0.541714
778 -0.144657
779 -0.335947
780 0.059949
781 0.629622
782 -0.137431
783 0.128604
784 0.181020
785 0.540400
786 0.178727
787 0.225259
788 0.589699
789 -0.115986
790 0.224873
791 -0.083520
792 -0.026713
793 -0.071127
794 0.276180
795 0.149385
796 0.052042
797 -0.096800
798 0.159585
799 0.008758
800 0.009960
801 0.024055
802 0.413651
803 -0.061159
804 0.298430
805 0.112947
806 -0.237351
807 0.031197
808 -0.068699
809 0.122811
810 0.213382
811 -0.397279
812 0.152042
813 -0.124392
814 -0.117864
815 0.014636
816 0.214566
817 0.318865
818 0.171128
819 0.093132
820 -0.003536
821 0.103688
822 -0.163027
823 -0.044498
824 -0.128797
825 -0.001510
826 0.053246
827 0.047168
828 0.341955
829 0.517176
830 0.010923
831 0.227340
832 -0.284534
833 -0.165071
834 0.038649
835 -0.351819
836 -0.048482
837 -0.124636
838 0.264261
839 0.451859
840 -0.069872
841 0.184822
842 -0.105778
843 -0.360451
844 0.277182
845 0.146217
846 -0.169677
847 0.118644
848 -0.007018
849 0.030174
850 0.136132
851 0.099822
852 1.164687
853 0.435934
854 0.139017
855 -0.226809
856 0.114916
857 -0.027932
858 0.201051
859 0.072328
860 0.277216
861 0.252439
862 -0.026741
863 0.272757
864 0.317571
865 -0.066584
866 0.449070
867 0.199116
868 0.285959
869 -0.167623
870 -0.052893
871 -0.068734
872 0.133925
873 0.107634
874 -0.224973
875 -0.034862
876 0.207209
877 0.184458
878 0.150230
879 -0.276183
880 0.075674
881 0.151749
882 0.128013
883 -0.095327
884 0.405121
885 -0.107612
886 0.227303
887 -0.116639
888 0.039959
889 0.057856
890 -0.033240
891 0.804369
892 0.017518
893 -0.092255
894 -0.011523
895 0.243055
896 -0.088177
897 -0.299081
898 0.003240
899 -0.173396
900 0.125731
901 -0.001084
902 -0.062134
903 -0.146864
904 0.120529
905 -0.008214
906 0.022436
907 -0.023454
908 -0.246559
909 -0.247242
910 0.323304
911 0.080311
912 0.078786
913 -0.075895
914 0.122726
915 -0.189603
916 -0.256996
917 0.099850
918 0.041863
919 0.181674
920 -0.043106
921 -0.086205
922 0.136717
923 0.055761
924 -0.037974
925 0.507101
926 0.006050
927 -0.065180
928 0.274075
929 -0.111396
930 -0.010942
931 -0.522224
932 0.074255
933 0.061718
934 0.093205
935 -0.203407
936 -0.244763
937 0.082679
938 0.257672
939 0.031830
940 -0.205512
941 0.254876
942 -0.083533
943 0.112955
944 -0.157800
945 -0.045936
946 -0.073040
947 -0.233500
948 -0.429647
949 0.064639
950 -0.051802
951 -0.011705
952 0.259409
953 0.270708
954 0.162824
955 0.213140
956 0.168463
957 0.072105
958 -0.134338
959 -0.145662
960 0.311403
961 0.114345
962 0.047846
963 -0.135878
964 0.036198
965 0.070081
966 0.002585
967 0.298667
968 -0.094039
969 0.125535
970 -0.049541
971 -0.250829
972 -0.243204
973 -0.277555
974 -0.040831
975 -0.044647
976 0.338046
977 0.101838
978 0.872682
979 0.160399
980 0.186722
981 0.274942
982 0.256873
983 0.306160
984 -0.104938
985 0.118488
986 -0.030643
987 0.199409
988 0.278658
989 -0.149503
990 0.309258
991 0.235617
992 -0.098612
993 0.291427
994 0.156272
995 0.105521
996 -0.186392
997 -0.059197
998 -0.106237
999 -0.168801
1000 0.161747
1001 -0.078570
1002 0.222538
1003 -0.190321
1004 0.044228
1005 0.066992
1006 0.465701
1007 0.175200
1008 -0.136506
1009 -0.006142
1010 0.044471
1011 -0.224772
1012 0.060174
1013 -0.541921
1014 0.133210
1015 0.232027
1016 0.127974
1017 -0.163687
1018 0.179802
1019 0.126423
1020 -0.216534
1021 -0.017041
1022 0.008030
1023 0.311839
1024 -0.266397
1025 0.149269
1026 0.318189
1027 0.141428
1028 -0.033579
1029 -0.092441
1030 0.223200
1031 -0.230343
1032 0.147596
1033 -0.205837
1034 -0.336861
1035 0.051411
1036 -0.264866
1037 0.226338
1038 0.033834
1039 0.281018
1040 0.157384
1041 0.040171
1042 0.008738
1043 -0.022176
1044 0.076883
1045 0.020665
1046 -0.259805
1047 -0.061741
1048 0.043258
1049 0.128755
1050 0.193694
1051 -0.202069
1052 -0.240463
1053 0.124893
1054 0.239818
1055 0.312854
1056 0.122507
1057 0.055939
1058 0.167636
1059 0.109769
1060 0.134929
1061 -0.456938
1062 0.007612
1063 0.302531
1064 0.298437
1065 0.525609
1066 -0.255853
1067 -0.425082
1068 -0.120287
1069 -0.031479
1070 0.149668
1071 -0.132323
1072 -0.242853
1073 0.328320
1074 0.148981
1075 0.252489
1076 0.081955
1077 -0.030026
1078 0.199434
1079 0.080715
1080 0.020139
1081 -0.126979
1082 0.024449
1083 0.212015
1084 0.182117
1085 0.374237
1086 -0.016247
1087 -0.217291
1088 0.344472
1089 0.275359
1090 0.121596
1091 -0.005910
1092 -0.314049
1093 -0.067051
1094 0.184876
1095 0.043180
1096 -0.296819
1097 -0.178106
1098 0.262939
1099 0.316708
1100 -0.150734
1101 -0.280012
1102 -0.073121
1103 -0.161620
1104 -0.032341
1105 0.116473
1106 -0.104430
1107 0.121234
1108 -0.143760
1109 0.110017
1110 0.237478
1111 -0.008914
1112 0.075423
1113 -0.131672
1114 -0.137675
1115 0.730752
1116 0.334988
1117 -0.063935
1118 0.261178
1119 0.053103
1120 -0.230901
1121 -0.253337
1122 0.049183
1123 -0.232930
1124 -0.232301
1125 -0.097763
1126 -0.182336
1127 -0.241547
1128 0.150043
1129 -0.114048
1130 0.260303
1131 0.005481
1132 -0.286485
1133 -0.071040
1134 -0.057386
1135 -0.396347
1136 0.303767
1137 -0.214135
1138 0.214931
1139 0.296764
1140 -0.223914
1141 -0.093715
1142 -0.070741
1143 0.045672
1144 -0.233871
1145 -0.298446
1146 0.232227
1147 0.160431
1148 0.029649
1149 0.151066
1150 -0.171899
1151 -0.002340
1152 0.088775
1153 0.181274
1154 -0.106479
1155 0.127878
1156 0.054336
1157 0.081053
1158 -0.179918
1159 0.196842
1160 -0.168697
1161 0.416809
1162 -0.043177
1163 0.133921
1164 0.087592
1165 -0.138723
1166 0.037383
1167 0.133807
1168 -0.302293
1169 -0.264880
1170 0.344186
1171 0.200727
1172 0.422643
1173 -0.145230
1174 -0.550216
1175 -0.034044
1176 0.186965
1177 -0.106877
1178 0.111657
1179 -0.121156
1180 0.226080
1181 0.252904
1182 0.077284
1183 0.318080
1184 -0.459602
1185 -0.059866
1186 0.174960
1187 -0.001166
1188 0.089979
1189 0.180725
1190 -0.107576
1191 0.391022
1192 0.255586
1193 -0.197495
1194 -0.058757
1195 -0.144426
1196 0.153823
1197 0.033271
1198 -0.155606
1199 -0.007823
1200 0.026881
1201 -0.228197
1202 -0.196008
1203 -0.264440
1204 0.051338
1205 0.109899
1206 0.027418
1207 0.575174
1208 0.079496
1209 -0.126725
1210 -0.182806
1211 -0.088336
1212 0.108769
1213 -0.484415
1214 0.453569
1215 0.008699
0 0.034682
1 -0.172689
2 0.084898
3 0.181494
4 -0.127660
5 -0.115028
6 0.035153
7 -0.221464
8 -0.397249
9 -0.049253
10 0.078184
11 -0.244856
12 -0.203700
13 0.091691
14 -0.240225
15 -0.058744
16 0.053985
17 0.012714
18 -0.227426
19 -0.058466
20 0.709060
21 0.169019
22 0.036608
23 0.214589
24 0.849596
25 0.017958
26 0.014026
27 -0.024354
28 -0.272407
29 0.273831
30 -0.048382
31 -0.319712
32 0.217858
33 0.534525
34 0.544999
35 -0.151420
36 -0.256625
37 0.096862
38 -0.001320
39 -0.066095
40 -0.039821
41 0.283268
42 0.011053
43 -0.080715
44 0.489450
45 0.193489
46 0.070466
47 0.276102
48 0.226766
49 -0.167889
50 -0.124790
51 0.078924
52 0.236821
53 -0.342489
54 0.256894
55 0.284811
56 -0.059035
57 -0.123809
58 0.342118
59 -0.002749
60 0.101813
61 0.157752
62 -0.289503
63 0.329582
64 0.167109
65 -0.188409
66 0.187849
67 0.170578
68 0.076086
69 0.079074
70 -0.161003
71 -0.045311
72 0.065619
73 0.302772
74 0.030402
75 0.101191
76 0.006632
77 0.125279
78 0.274301
79 0.141038
80 -0.102888
81 0.220084
82 0.075796
83 0.197865
84 0.134114
85 0.249507
86 0.314806
87 0.118569
88 0.091300
89 0.117040
90 0.220868
91 -0.239452
92 -0.175143
93 -0.114771
94 -0.063324
95 0.545861
96 0.084788
97 0.111599
98 0.299447
99 0.526731
100 0.517868
101 -0.196166
102 -0.336964
103 0.408922
104 -0.305783
105 0.090779
106 -0.074581
107 0.012927
108 0.294998
109 0.461013
110 0.308517
111 -0.152313
112 0.152968
113 -0.156574
114 0.133110
115 0.008178
116 0.185669
117 0.135426
118 0.154626
119 0.351666
120 0.001586
121 0.143487
122 -0.263294
123 -0.076416
124 0.015529
125 0.090478
126 0.061688
127 0.081250
128 -0.296894
129 0.114647
130 0.164973
131 -0.249380
132 -0.038981
133 -0.254723
134 -0.017758
135 0.154913
136 0.086757
137 0.027783
138 -0.020821
139 -0.114940
140 0.038430
141 -0.297036
142 -0.139808
143 0.174527
144 0.158923
145 0.083202
146 0.289996
147 -0.587230
148 0.189101
149 -0.055723
150 0.025916
151 0.450018
152 0.349089
153 0.064231
154 0.364907
155 0.011130
156 0.080962
157 -0.016516
158 0.158759
159 0.161831
160 0.094004
161 0.252174
162 -0.027481
163 0.048799
164 0.170137
165 0.735871
166 0.125044
167 0.063455
168 -0.232087
169 0.025678
170 -0.348553
171 -0.076628
172 0.331904
173 -0.033444
174 -0.168829
175 -0.281697
176 0.281084
177 0.117142
178 0.093648
179 0.035854
180 -0.011147
181 0.228709
182 -0.423612
183 -0.294020
184 0.074717
185 0.629959
186 0.041131
187 -0.066839
188 -0.448555
189 -0.242136
190 -0.093070
191 -0.005277
192 0.170326
193 -0.320749
194 0.020442
195 -0.135014
196 0.014967
197 0.140999
198 0.029872
199 0.036408
200 -0.069285
201 0.059162
202 -0.300574
203 -0.025300
204 0.016332
205 0.081927
206 0.495895
207 0.309885
208 -0.022408
209 0.327716
210 -0.678081
211 0.111425
212 -0.372907
213 0.175160
214 0.325614
215 0.254567
216 -0.302260
217 0.158276
218 0.098572
219 -0.403448
220 0.110627
221 -0.098055
222 0.380658
223 0.455540
224 0.054298
225 -0.155916
226 0.034889
227 1.052920
228 0.387011
229 -0.199570
230 -0.009421
231 0.041266
232 0.302059
233 -0.177388
234 0.139915
235 0.122759
236 0.206733
237 -0.151064
238 -0.031212
239 0.000561
240 -0.125063
241 0.114124
242 -0.201834
243 -0.150928
244 -0.003552
245 0.146010
246 0.711791
247 -0.041233
248 -0.002584
249 0.190216
250 0.023729
251 -0.045995
252 0.091195
253 0.289695
254 -0.151122
255 -0.263964
256 0.069822
257 0.358434
258 0.196070
259 -0.289723
260 0.266173
261 0.182283
262 0.201226
263 0.150267
264 0.243301
265 -0.134684
266 0.323708
267 0.458872
268 0.937965
269 -0.043738
270 0.081160
271 0.213553
272 -0.405243
273 -0.389086
274 0.452620
275 0.345827
276 0.504846
277 -0.037016
278 0.251708
279 0.171118
280 0.121245
281 0.080599
282 0.250722
283 -0.122896
284 0.014611
285 -0.118957
286 -0.007655
287 0.345239
288 -0.084693
289 -0.105555
290 0.044345
291 0.093535
292 -0.001202
293 0.072641
294 0.168729
295 0.057822
296 -0.102740
297 0.003616
298 0.035174
299 0.077257
300 -0.162804
301 0.213432
302 -0.067139
303 0.179751
304 0.107955
305 0.222064
306 -0.053587
307 0.312438
308 0.096587
309 -0.172642
310 -0.030158
311 0.061417
312 0.211867
313 0.385008
314 0.147932
315 -0.156611
316 0.134775
317 -0.056169
318 0.182940
319 -0.087584
320 0.174523
321 0.289702
322 0.284305
323 -0.165459
324 0.173813
325 0.062965
326 0.252198
327 -0.001575
328 0.122296
329 0.111986
330 -0.098428
331 0.268556
332 0.289865
333 0.305781
334 -0.086581
335 -0.083513
336 -0.530564
337 0.174231
338 -0.027050
339 -0.307863
340 0.333572
341 -0.110028
342 -0.212912
343 -0.259850
344 -0.090750
345 0.054490
346 -0.174921
347 0.430329
348 -0.001984
349 -0.080087
350 0.070784
351 0.259070
352 -0.169699
353 0.003700
354 -0.117619
355 0.062818
356 0.339773
357 -0.127238
358 0.049566
359 0.184862
360 0.820170
361 -0.024461
362 -0.034080
363 -0.148342
364 -0.189772
365 -0.142774
366 0.133270
367 -0.012908
368 0.015100
369 -0.036981
370 0.234248
371 -0.253892
372 0.152626
373 0.327694
374 -0.156065
375 -0.104520
376 -0.001009
377 0.120315
378 0.041839
379 0.293947
380 0.788836
381 0.019574
382 0.217406
383 0.145524
384 0.183276
385 -0.110091
386 -0.553785
387 -0.001930
388 0.163862
389 0.244205
390 0.077058
391 0.050125
392 0.176888
393 -0.076984
394 0.347731
395 -0.152504
396 0.105716
397 -0.047320
398 -0.309250
399 0.332434
400 -0.366472
401 -0.161172
402 -0.045689
403 0.171979
404 0.366389
405 -0.139094
406 -0.076550
407 0.046862
408 0.169449
409 -0.310945
410 0.220206
411 0.532140
412 0.124540
413 -0.295279
414 -0.136657
415 0.086857
416 0.089293
417 -0.093021
418 0.267194
419 0.014460
420 -0.086465
421 0.266526
422 0.246402
423 0.125298
424 0.583220
425 0.134153
426 1.134473
427 0.258088
428 0.286618
429 -0.170826
430 0.124260
431 0.100424
432 0.304705
433 0.118034
434 -0.090759
435 0.005501
436 0.273996
437 0.228127
438 0.098969
439 0.255335
440 0.286838
441 0.167149
442 0.448748
443 0.132164
444 0.208306
445 0.050105
446 0.559289
447 0.664033
448 0.113624
449 0.307928
450 -0.027102
451 0.100400
452 -0.075237
453 0.073265
454 -0.085538
455 0.243138
456 0.284137
457 0.325397
458 0.316508
459 0.009207
460 -0.353077
461 0.037324
462 -0.021230
463 -0.036494
464 -0.271372
465 0.384845
466 0.121862
467 0.147497
468 0.282722
469 0.480497
470 0.598381
471 -0.207144
472 -0.317466
473 0.089283
474 0.021494
475 -0.019850
476 -0.126928
477 0.416794
478 0.119892
479 -0.636032
480 0.613230
481 -0.084823
482 0.189888
483 -0.438150
484 0.256594
485 0.312158
486 0.071338
487 0.181721
488 0.109704
489 0.363822
490 0.476246
491 0.300611
492 0.334541
493 0.046154
494 0.443748
495 0.378760
496 0.346379
497 0.214533
498 -0.116529
499 0.016096
500 0.765653
501 0.065820
502 0.445471
503 0.380518
504 -0.095657
505 0.776738
506 -0.000493
507 -0.020852
508 -0.108834
509 0.379161
510 0.264397
511 0.295395
512 0.038472
513 0.213540
514 -0.084376
515 0.422032
516 -0.164975
517 0.031289
518 -0.104479
519 -0.292510
520 -0.122631
521 -0.035513
522 -0.396226
523 0.172241
524 0.066365
525 0.011253
526 -0.008841
527 -0.300669
528 0.033545
529 0.451062
530 -0.181527
531 -0.000808
532 -0.170889
533 0.255148
534 0.448854
535 -0.152813
536 -0.071440
537 0.037194
538 0.220890
539 -0.247660
540 -0.109257
541 0.325071
542 -0.155655
543 -0.000795
544 0.052676
545 0.068792
546 -0.003750
547 0.023278
548 0.051068
549 -0.176868
550 0.114738
551 0.221775
552 0.016607
553 0.012120
554 0.008290
555 -0.170906
556 -0.026142
557 0.039916
558 -0.017805
559 0.158594
560 -0.273893
561 -0.045234
562 -0.024824
563 0.018441
564 0.079500
565 0.001661
566 0.096837
567 -0.070669
568 0.033289
569 0.008372
570 0.105941
571 0.014183
572 0.011332
573 0.176026
574 -0.035736
575 -0.069402
576 0.584177
577 0.130001
578 0.085899
579 -0.046586
580 0.019639
581 -0.051524
582 -0.016565
583 -0.262451
584 0.508586
585 -0.131192
586 0.070762
587 -0.275746
588 0.034509
589 -0.116331
590 0.068760
591 0.045042
592 -0.073606
593 0.010702
594 -0.042954
595 0.033511
596 0.099281
597 -0.248046
598 -0.134701
599 0.967154
600 0.279323
601 -0.025526
602 -0.113016
603 -0.115202
604 0.066585
605 0.100807
606 -0.033576
607 -0.015208
608 -0.002925
609 -0.040310
610 -0.041511
611 -0.040136
612 0.041407
613 0.003630
614 0.127607
615 0.055390
616 -0.034497
617 -0.001956
618 0.006095
619 -0.038119
620 -0.037689
621 0.023679
622 -0.071455
623 -0.186343
624 0.027203
625 -0.001350
626 0.030562
627 0.084812
628 0.127183
629 -0.035111
630 -0.116973
631 -0.059169
632 -0.206522
633 0.326904
634 0.028526
635 0.100740
636 0.208867
637 0.145728
638 -0.039420
639 -0.154419
640 0.020535
641 0.229257
642 -0.025879
643 -0.165831
644 0.219205
645 0.081808
646 0.025767
647 -0.031977
648 0.091346
649 0.218600
650 -0.142665
651 0.045217
652 -0.582802
653 0.331282
654 -0.252765
655 0.165300
656 0.048622
657 0.273834
658 -0.205697
659 -0.159197
660 -0.027683
661 0.079133
662 0.148460
663 0.047555
664 0.423838
665 -0.347151
666 0.023396
667 0.064423
668 0.073999
669 0.097415
670 -0.174249
671 -0.016728
672 0.120801
673 -0.029189
674 0.081955
675 0.251747
676 0.044343
677 -0.025327
678 -0.088255
679 -0.066768
680 0.151397
681 -0.120486
682 0.003666
683 0.053223
684 0.059927
685 -0.117624
686 0.099471
687 -0.002179
688 -0.147969
689 0.044330
690 0.326867
691 0.742842
692 0.216608
693 0.111220
694 -0.130209
695 0.182697
696 -0.285729
697 -0.181166
698 -0.073011
699 0.267607
700 -0.029806
701 0.049109
702 -0.026905
703 -0.049067
704 0.102854
705 0.244911
706 -0.042539
707 0.849256
708 -0.032903
709 -0.006336
710 -0.291232
711 -0.080387
712 0.523360
713 -0.127345
714 -0.123445
715 0.294823
716 -0.100119
717 -0.200401
718 -0.100252
719 0.203109
720 0.168134
721 0.215006
722 -0.081332
723 0.284859
724 0.086332
725 0.191828
726 0.040950
727 0.098248
728 -0.013718
729 -0.351788
730 0.022592
731 -0.096270
732 0.010395
733 0.023948
734 0.605399
735 0.137948
736 0.533332
737 0.393923
738 -0.096518
739 0.046167
740 -0.068535
741 0.236129
742 0.440434
743 -0.245557
744 -0.147382
745 0.305060
746 -0.038966
747 -0.020294
748 0.102882
749 0.244827
750 -0.148833
751 0.173730
752 -0.175614
753 0.279951
754 0.076439
755 0.019677
756 0.076776
757 0.332960
758 0.041416
759 0.726509
760 0.182703
761 -0.064756
762 0.146960
763 0.016954
764 0.087219
765 0.347564
766 0.052259
767 0.032485
768 0.039427
769 0.228625
770 -0.005211
771 0.431317
772 0.244431
773 -0.120571
774 -0.030347
775 0.039284
776 0.537611
777 0.541714
778 -0.144657
779 -0.335947
780 0.059949
781 0.629622
782 -0.137431
783 0.128604
784 0.181020
785 0.540400
786 0.178727
787 0.225259
788 0.589699
789 -0.115986
790 0.224873
791 -0.083520
792 -0.026713
793 -0.071127
794 0.276180
795 0.149385
796 0.052042
797 -0.096800
798 0.159585
799 0.008758
800 0.009960
801 0.024055
802 0.413651
803 -0.061159
804 0.298430
805 0.112947
806 -0.237351
807 0.031197
808 -0.068699
809 0.122811
810 0.213382
811 -0.397279
812 0.152042
813 -0.124392
814 -0.117864
815 0.014636
816 0.214566
817 0.318865
818 0.171128
819 0.093132
820 -0.003536
821 0.103688
822 -0.163027
823 -0.044498
824 -0.128797
825 -0.001510
826 0.053246
827 0.047168
828 0.341955
829 0.517176
830 0.010923
831 0.227340
832 -0.284534
833 -0.165071
834 0.038649
835 -0.351819
836 -0.048482
837 -0.124636
838 0.264261
839 0.451859
840 -0.069872
841 0.184822
842 -0.105778
843 -0.360451
844 0.277182
845 0.146217
846 -0.169677
847 0.118644
848 -0.007018
849 0.030174
850 0.136132
851 0.099822
852 1.164687
853 0.435934
854 0.139017
855 -0.226809
856 0.114916
857 -0.027932
858 0.201051
859 0.072328
860 0.277216
861 0.252439
862 -0.026741
863 0.272757
864 0.317571
865 -0.066584
866 0.449070
867 0.199116
868 0.285959
869 -0.167623
870 -0.052893
871 -0.068734
872 0.133925
873 0.107634
874 -0.224973
875 -0.034862
876 0.207209
877 0.184458
878 0.150230
879 -0.276183
880 0.075674
881 0.151749
882 0.128013
883 -0.095327
884 0.405121
885 -0.107612
886 0.227303
887 -0.116639
888 0.039959
889 0.057856
890 -0.033240
891 0.804369
892 0.017518
893 -0.092255
894 -0.011523
895 0.243055
896 -0.088177
897 -0.299081
898 0.003240
899 -0.173396
900 0.125731
901 -0.001084
902 -0.062134
903 -0.146864
904 0.120529
905 -0.008214
906 0.022436
907 -0.023454
908 -0.246559
909 -0.247242
910 0.323304
911 0.080311
912 0.078786
913 -0.075895
914 0.122726
915 -0.189603
916 -0.256996
917 0.099850
918 0.041863
919 0.181674
920 -0.043106
921 -0.086205
922 0.136717
923 0.055761
924 -0.037974
925 0.507101
926 0.006050
927 -0.065180
928 0.274075
929 -0.111396
930 -0.010942
931 -0.522224
932 0.074255
933 0.061718
934 0.093205
935 -0.203407
936 -0.244763
937 0.082679
938 0.257672
939 0.031830
940 -0.205512
941 0.254876
942 -0.083533
943 0.112955
944 -0.157800
945 -0.045936
946 -0.073040
947 -0.233500
948 -0.429647
949 0.064639
950 -0.051802
951 -0.011705
952 0.259409
953 0.270708
954 0.162824
955 0.213140
956 0.168463
957 0.072105
958 -0.134338
959 -0.145662
960 0.311403
961 0.114345
962 0.047846
963 -0.135878
964 0.036198
965 0.070081
966 0.002585
967 0.298667
968 -0.094039
969 0.125535
970 -0.049541
971 -0.250829
972 -0.243204
973 -0.277555
974 -0.040831
975 -0.044647
976 0.338046
977 0.101838
978 0.872682
979 0.160399
980 0.186722
981 0.274942
982 0.256873
983 0.306160
984 -0.104938
985 0.118488
986 -0.030643
987 0.199409
988 0.278658
989 -0.149503
990 0.309258
991 0.235617
992 -0.098612
993 0.291427
994 0.156272
995 0.105521
996 -0.186392
997 -0.059197
998 -0.106237
999 -0.168801
1000 0.161747
1001 -0.078570
1002 0.222538
1003 -0.190321
1004 0.044228
1005 0.066992
1006 0.465701
1007 0.175200
1008 -0.136506
1009 -0.006142
1010 0.044471
1011 -0.224772
1012 0.060174
1013 -0.541921
1014 0.133210
1015 0.232027
1016 0.127974
1017 -0.163687
1018 0.179802
1019 0.126423
1020 -0.216534
1021 -0.017041
1022 0.008030
1023 0.311839
1024 -0.266397
1025 0.149269
1026 0.318189
1027 0.141428
1028 -0.033579
1029 -0.092441
1030 0.223200
1031 -0.230343
1032 0.147596
1033 -0.205837
1034 -0.336861
1035 0.051411
1036 -0.264866
1037 0.226338
1038 0.033834
1039 0.281018
1040 0.157384
1041 0.040171
1042 0.008738
1043 -0.022176
1044 0.076883
1045 0.020665
1046 -0.259805
1047 -0.061741
1048 0.043258
1049 0.128755
1050 0.193694
1051 -0.202069
1052 -0.240463
1053 0.124893
1054 0.239818
1055 0.312854
1056 0.122507
1057 0.055939
1058 0.167636
1059 0.109769
1060 0.134929
1061 -0.456938
1062 0.007612
1063 0.302531
1064 0.298437
1065 0.525609
1066 -0.255853
1067 -0.425082
1068 -0.120287
1069 -0.031479
1070 0.149668
1071 -0.132323
1072 -0.242853
1073 0.328320
1074 0.148981
1075 0.252489
1076 0.081955
1077 -0.030026
1078 0.199434
1079 0.080715
1080 0.020139
1081 -0.126979
1082 0.024449
1083 0.212015
1084 0.182117
1085 0.374237
1086 -0.016247
1087 -0.217291
1088 0.344472
1089 0.275359
1090 0.121596
1091 -0.005910
1092 -0.314049
1093 -0.067051
1094 0.184876
1095 0.043180
1096 -0.296819
1097 -0.178106
1098 0.262939
1099 0.316708
1100 -0.150734
1101 -0.280012
1102 -0.073121
1103 -0.161620
1104 -0.032341
1105 0.116473
1106 -0.104430
1107 0.121234
1108 -0.143760
1109 0.110017
1110 0.237478
1111 -0.008914
1112 0.075423
1113 -0.131672
1114 -0.137675
1115 0.730752
1116 0.334988
1117 -0.063935
1118 0.261178
1119 0.053103
1120 -0.230901
1121 -0.253337
1122 0.049183
1123 -0.232930
1124 -0.232301
1125 -0.097763
1126 -0.182336
1127 -0.241547
1128 0.150043
1129 -0.114048
1130 0.260303
1131 0.005481
1132 -0.286485
1133 -0.071040
1134 -0.057386
1135 -0.396347
1136 0.303767
1137 -0.214135
1138 0.214931
1139 0.296764
1140 -0.223914
1141 -0.093715
1142 -0.070741
1143 0.045672
1144 -0.233871
1145 -0.298446
1146 0.232227
1147 0.160431
1148 0.029649
1149 0.151066
1150 -0.171899
1151 -0.002340
1152 0.088775
1153 0.181274
1154 -0.106479
1155 0.127878
1156 0.054336
1157 0.081053
1158 -0.179918
1159 0.196842
1160 -0.168697
1161 0.416809
1162 -0.043177
1163 0.133921
1164 0.087592
1165 -0.138723
1166 0.037383
1167 0.133807
1168 -0.302293
1169 -0.264880
1170 0.344186
1171 0.200727
1172 0.422643
1173 -0.145230
1174 -0.550216
1175 -0.034044
1176 0.186965
1177 -0.106877
1178 0.111657
1179 -0.121156
1180 0.226080
1181 0.252904
1182 0.077284
1183 0.318080
1184 -0.459602
1185 -0.059866
1186 0.174960
1187 -0.001166
1188 0.089979
1189 0.180725
1190 -0.107576
1191 0.391022
1192 0.255586
1193 -0.197495
1194 -0.058757
1195 -0.144426
1196 0.153823
1197 0.033271
1198 -0.155606
1199 -0.007823
1200 0.026881
1201 -0.228197
1202 -0.196008
1203 -0.264440
1204 0.051338
1205 0.109899
1206 0.027418
1207 0.575174
1208 0.079496
1209 -0.126725
1210 -0.182806
1211 -0.088336
1212 0.108769
1213 -0.484415
1214 0.453569
1215 0.008699
0 0.034682
1 -0.324697
2 -0.427618
3 -0.244640
4 -0.477706
5 -0.180453
6 0.304312
7 -0.320591
8 -0.195250
9 0.071297
10 -0.001454
11 -0.825981
12 -0.013113
13 -0.046229
14 -0.048964
15 0.068023
16 -0.043825
17 -0.336347
18 0.200218
19 0.661821
20 -0.268279
21 -0.188734
22 0.094366
23 -0.021911
24 -0.323937
25 0.149393
26 -0.033130
27 -0.046296
28 -0.068928
29 0.042093
30 0.087870
31 -0.102703
32 0.150870
33 0.108026
34 0.087099
35 -0.213850
36 0.065835
37 -0.354186
38 -0.047596
39 -0.257563
40 0.287649
41 -0.057020
42 -0.067098
43 -0.119535
44 0.082743
45 0.285701
46 -0.196261
47 0.212733
48 -0.238243
49 -0.038919
50 0.025752
51 0.353150
52 0.003770
53 -0.102670
54 -0.333359
55 0.243933
56 0.009013
57 0.134640
58 -0.108582
59 0.244751
60 -0.029513
61 0.199720
62 -0.047943
63 -0.245302
64 0.063208
65 0.128744
66 -0.150760
67 -0.138407
68 0.010335
69 -0.021789
70 -0.070747
71 0.273210
72 0.310367
73 0.386317
74 -0.051721
75 -0.047439
76 -0.476495
77 -0.020385
78 -0.385958
79 -0.266296
80 -0.007524
81 0.104823
82 0.388260
83 0.485736
84 -0.153307
85 0.075390
86 -0.044813
87 -0.367753
88 0.102727
89 -0.365109
90 0.130785
91 -0.047633
92 0.937976
93 -0.410350
94 0.069865
95 -0.131026
96 -0.095638
97 0.451899
98 0.002433
99 0.040117
100 0.086581
101 -0.053100
102 0.030574
103 -0.074485
104 0.245743
105 -0.168469
106 0.239198
107 -0.099212
108 0.072589
109 0.277358
110 0.148454
111 -0.481724
112 0.294257
113 -0.212696
114 -0.138833
115 -0.128353
116 -0.201887
117 0.101642
118 0.147244
119 0.344835
120 -0.055449
121 0.028419
122 0.023948
123 0.051050
124 -0.033676
125 0.082851
126 -0.021233
127 -0.147524
128 -0.022186
129 0.169475
130 -0.143831
131 0.093285
132 0.633904
133 0.166812
134 0.314579
135 0.172579
136 -0.274326
137 0.190812
138 0.000743
139 0.088007
140 0.344669
141 0.416927
142 0.926248
143 -0.205023
144 0.251293
145 -0.000707
146 0.120538
147 0.057008
148 -0.054130
149 0.062337
150 0.222537
151 0.083314
152 0.196237
153 0.233390
154 -0.007031
155 0.233216
156 0.056146
157 0.104539
158 0.069211
159 -0.197757
160 0.285272
161 -0.100317
162 0.381065
163 -0.047688
164 0.160983
165 -0.003333
166 0.292771
167 0.025814
168 0.079373
169 0.029857
170 0.007050
171 0.175657
172 -0.269107
173 0.249761
174 0.317167
175 0.046344
176 -0.483574
177 0.130838
178 -0.438832
179 0.322419
180 0.108087
181 0.010247
182 -0.178437
183 0.429389
184 0.138738
185 -0.021766
186 0.087545
187 -0.120857
188 0.079036
189 -0.192887
190 -0.385445
191 0.305674
192 -0.089669
193 -0.134199
194 -0.054043
195 0.275887
196 -0.207306
197 0.110682
198 0.197556
199 0.080718
200 0.174616
201 -0.055966
202 0.526683
203 0.250239
204 0.133486
205 0.313692
206 0.050861
207 0.144374
208 -0.257157
209 0.230906
210 -0.100583
211 0.056257
212 0.083143
213 -0.157767
214 -0.233868
215 0.201682
216 0.458334
217 0.161980
218 -0.005727
219 -0.106312
220 -0.410866
221 -0.272330
222 -0.108957
223 -0.206552
224 0.312670
225 -0.067536
226 0.259941
227 0.236696
228 -0.208997
229 -0.173596
230 -0.096120
231 0.084118
232 -0.025097
233 -0.012143
234 -0.085926
235 -0.023336
236 -0.064907
237 0.044117
238 0.034222
239 -0.019319
240 0.009089
241 0.011036
242 0.055684
243 -0.219572
244 -0.014648
245 -0.551007
246 0.039296
247 -0.138202
248 0.135645
249 -0.120108
250 -0.165550
251 0.114631
252 -0.192506
253 -0.081820
254 -0.120227
255 -0.041614
256 -0.051453
257 -0.054103
258 -0.385030
259 0.011363
260 0.133802
261 -0.179524
262 0.143271
263 -0.100071
264 1.673761
265 1.287593
266 -0.123709
267 0.034427
268 -0.150020
269 -0.051387
270 -0.184590
271 0.140871
272 0.071555
273 1.484369
274 -0.078932
275 0.075795
276 -0.218939
277 -0.094802
278 -0.001359
279 0.025492
280 -0.180932
281 -0.298909
282 0.030019
283 -0.024117
284 0.421804
285 -0.206844
286 0.089554
287 -0.116500
288 -0.075433
289 0.083718
290 -0.032072
291 -0.118361
292 0.030769
293 -0.047142
294 -0.157097
295 0.081466
296 -0.020054
297 0.188433
298 0.180683
299 0.902900
300 0.015429
301 0.033844
302 0.216542
303 -0.340997
304 0.048544
305 0.119658
306 0.328976
307 0.005745
308 -0.050247
309 -0.167425
310 -0.069190
311 0.036410
312 0.050493
313 0.032851
314 -0.027902
315 0.086291
316 -0.245255
317 -0.061953
318 0.069588
319 0.059500
320 -0.070380
321 -0.032855
322 -0.148715
323 0.094431
324 -0.038609
325 -0.296740
326 -0.016812
327 0.137409
328 0.272062
329 -0.035684
330 -0.093729
331 0.153336
332 -0.044816
333 -0.038767
334 0.045290
335 0.015377
336 -0.233858
337 0.003096
338 0.107246
339 -0.117776
340 0.051019
341 0.047543
342 -0.137736
343 -0.026519
344 -0.025206
345 -0.236089
346 -0.196510
347 -0.171860
348 -0.030603
349 0.064601
350 0.099937
351 0.305538
352 -0.142676
353 0.009344
354 0.075904
355 0.043120
356 -0.082729
357 -0.055657
358 -0.058816
359 -0.026182
360 0.486458
361 -0.342360
362 0.017267
363 -0.191660
364 -0.208983
365 0.066306
366 0.076532
367 0.318043
368 0.111636
369 0.094755
370 -0.040011
371 -0.007842
372 -0.092039
373 -0.040774
374 -0.079837
375 -0.064655
376 -0.010549
377 0.066291
378 -0.304759
379 0.137000
380 0.021848
381 -0.048822
382 0.217413
383 0.060554
384 -0.057197
385 0.031991
386 0.101551
387 0.035496
388 0.015239
389 -0.063618
390 -0.134018
391 0.117619
392 -0.056293
393 0.063382
394 0.003712
395 0.057939
396 0.227738
397 0.019690
398 -0.016441
399 -0.095626
400 0.028039
401 -0.054401
402 0.051213
403 -0.038153
404 0.046793
405 0.003655
406 -0.152209
407 -0.108417
408 -0.045174
409 0.136281
410 -0.012472
411 -0.074602
412 -0.146514
413 0.112510
414 -0.055980
415 0.023618
416 0.027444
417 -0.131304
418 -0.136695
419 0.012556
420 -0.059323
421 -0.279521
422 -0.003270
423 -0.001756
424 -0.099876
425 0.295618
426 0.003004
427 -0.100902
428 0.163883
429 -0.104940
430 -0.186953
431 0.179023
432 0.127559
433 -0.164104
434 0.073447
435 0.008426
436 -0.081829
437 0.036436
438 -0.167202
439 -0.214931
440 -0.139164
441 -0.038312
442 -0.051924
443 0.090401
444 -0.209034
445 0.020950
446 -0.082041
447 0.041513
448 0.097456
449 -0.041380
450 0.010440
451 -0.032586
452 -0.193173
453 -0.137405
454 -0.029206
455 -0.025125
456 0.133845
457 -0.113196
458 -0.038450
459 0.005234
460 -0.079778
461 0.020921
462 -0.095282
463 0.120917
464 0.004494
465 -0.135277
466 -0.053524
467 -0.017128
468 -0.070037
469 -0.125907
470 -0.008403
471 -0.122767
472 0.285700
473 -0.140730
474 0.054254
475 0.016123
476 0.080641
477 -0.040586
478 -0.006341
479 0.641024
480 0.065393
481 -0.003237
482 -0.054212
483 -0.088575
484 -0.017169
485 0.100822
486 0.283707
487 0.041983
488 0.053892
489 0.104589
490 0.023145
491 -0.075249
492 -0.038291
493 -0.201422
494 -0.025217
495 0.104826
496 0.059393
497 -0.016852
498 0.014111
499 0.324078
500 0.055025
501 -0.009056
502 0.029287
503 0.034025
504 -0.206290
505 -0.197668
506 -0.063335
507 -0.035747
508 0.009948
509 -0.081694
510 0.085814
511 0.331290
512 0.282892
513 0.033197
514 0.077016
515 -0.006239
516 -0.133214
517 -0.003367
518 0.030619
519 0.053480
520 -0.088159
521 0.026419
522 0.116527
523 0.025764
524 -0.026105
525 0.071803
526 -0.203741
527 0.154869
528 -0.029983
529 -0.023115
530 0.055826
531 0.083889
532 0.053007
533 0.155004
534 0.154101
535 0.087474
536 0.038278
537 0.035538
538 0.039140
539 -0.146695
540 0.995185
541 0.057449
542 0.255388
543 -0.089792
544 0.057370
545 0.045886
546 0.100968
547 -0.093455
548 -0.011911
549 0.047326
550 0.102771
551 -0.176741
552 -0.226461
553 0.049071
554 -0.137246
555 -0.206400
556 -0.036385
557 0.017117
558 0.096420
559 0.068803
560 -0.137540
561 0.009610
562 -0.165823
563 0.201918
564 0.134010
565 -0.070655
566 0.004031
567 0.207882
568 -0.174243
569 0.050604
570 -0.009368
571 -0.076609
572 -0.033882
573 0.088399
574 -0.141005
575 0.094393
576 0.237132
577 0.401194
578 -0.116643
579 0.120484
580 0.182121
581 0.445993
582 -0.133289
583 -0.216736
584 -0.273669
585 0.313451
586 0.047596
587 0.137157
588 -0.163227
589 0.090749
590 -0.242050
591 -0.260797
592 -0.053150
593 -0.644836
594 0.418033
595 0.280383
596 -0.050677
597 0.096317
598 -0.006413
599 -0.331696
600 0.047322
601 0.234624
602 0.295687
603 0.386366
604 0.111063
605 0.200350
606 -0.041094
607 -0.241889
608 0.225664
609 -0.075324
610 0.030366
611 -0.175428
612 -0.189044
613 -0.243848
614 -0.382614
615 -0.671067
616 0.349502
617 0.014233
618 0.568261
619 0.086907
620 0.184598
621 -0.267944
622 0.046358
623 0.068748
624 0.253260
625 -0.049687
626 0.043964
627 -0.171859
628 0.232622
629 0.008503
630 0.110926
631 -0.172649
632 0.227423
633 0.027712
634 0.187130
635 0.183341
636 0.051120
637 0.244653
638 -0.336204
639 0.115920
640 0.096452
641 0.161079
642 0.182921
643 0.247571
644 0.210145
645 0.097133
646 0.321075
647 0.011966
648 0.041347
649 0.266349
650 0.168214
651 -0.051305
652 0.561214
653 0.075711
654 0.185336
655 0.466913
656 0.097169
657 -0.118418
658 -0.045076
659 0.330735
660 -0.024632
661 -0.034505
662 0.230180
663 -0.087872
664 -0.180254
665 0.304989
666 0.134547
667 -0.060878
668 -0.378515
669 0.519502
670 0.115902
671 0.525981
672 0.318202
673 -0.134583
674 -0.120964
675 0.236745
676 -0.209244
677 0.345642
678 -0.135303
679 0.387182
680 0.282287
681 -0.053606
682 -0.214555
683 -0.087790
684 -0.239006
685 0.190860
686 0.121286
687 0.222676
688 0.253424
689 -0.180915
690 -0.004831
691 -0.127045
692 0.405247
693 0.006016
694 0.105231
695 0.099340
696 -0.221816
697 0.498169
698 0.019688
699 -0.061560
700 -0.240593
701 0.322602
702 -0.095091
703 -0.149118
704 0.287017
705 0.056010
706 0.186992
707 -0.384805
708 0.015290
709 0.008798
710 0.035034
711 -0.158377
712 0.378453
713 0.094328
714 0.434868
715 -0.176213
716 -0.495367
717 -0.133433
718 0.271314
719 0.412836
720 0.310191
721 -0.262762
722 0.054589
723 -0.143914
724 -0.376327
725 0.231549
726 0.050477
727 -0.290723
728 0.100529
729 0.067330
730 -0.128018
731 0.121844
732 0.187668
733 0.070408
734 0.267135
735 -0.137013
736 0.007402
737 0.293599
738 -0.051068
739 0.327524
740 0.177132
741 -0.114076
742 0.295584
743 0.079264
744 0.384211
745 0.039346
746 -0.027793
747 0.085923
748 -0.050379
749 0.187089
750 0.055096
751 0.006190
752 -0.050087
753 0.353116
754 0.147900
755 0.094793
756 -0.117197
757 -0.375938
758 0.312898
759 0.110947
760 -0.112799
761 1.057770
762 0.072631
763 -0.250006
764 0.058974
765 0.177812
766 0.374241
767 0.103080
768 0.400680
769 -0.126485
770 -0.313619
771 0.146810
772 0.183930
773 0.044413
774 0.155867
775 0.270878
776 -0.346074
777 -0.274968
778 0.417633
779 0.221018
780 0.063294
781 0.699201
782 0.084430
783 -0.110730
784 0.255393
785 0.503348
786 0.103208
787 -0.323783
788 0.122535
789 0.229041
790 0.130352
791 -0.149545
792 -0.191986
793 -0.035257
794 0.018294
795 0.073920
796 -0.062272
797 0.521531
798 -0.411326
799 0.022247
800 0.469590
801 0.083476
802 0.029305
803 0.134142
804 0.133295
805 0.637219
806 0.198406
807 -0.181267
808 -0.132994
809 0.123932
810 0.090033
811 0.129031
812 0.009266
813 0.425296
814 -0.434533
815 -0.048775
816 -0.022578
817 -0.040924
818 -0.257319
819 0.155045
820 -0.030798
821 -0.051331
822 0.089287
823 0.398871
824 0.060311
825 -0.546202
826 -0.141998
827 0.080508
828 0.058524
829 -0.253152
830 0.059819
831 0.448700
832 -0.217488
833 -0.101230
834 0.070140
835 0.212696
836 0.147799
837 0.040635
838 -0.170271
839 0.061049
840 0.030968
841 0.007765
842 0.077214
843 0.522264
844 0.321112
845 0.263783
846 0.458551
847 -0.136787
848 0.070278
849 0.205623
850 -0.169507
851 -0.417455
852 -0.015699
853 0.325907
854 0.084639
855 0.002463
856 0.078798
857 0.119314
858 0.292009
859 0.045242
860 0.332642
861 0.196925
862 -0.058151
863 -0.080724
864 0.145854
865 0.022219
866 0.172069
867 0.151315
868 -0.051578
869 0.185372
870 0.721360
871 0.072627
872 0.000536
873 -0.136051
874 -0.018498
875 0.119834
876 0.101442
877 -0.289099
878 0.223090
879 -0.097409
880 0.182412
881 -0.099414
882 -0.328602
883 0.090672
884 0.050265
885 0.127742
886 0.166438
887 -0.016397
888 0.385941
889 0.140662
890 -0.108413
891 0.003938
892 0.137542
893 -0.221832
894 0.161558
895 0.051803
896 -0.260628
897 0.067269
898 -0.009907
899 0.110564
900 0.031922
901 -0.045746
902 0.112252
903 -0.078638
904 -0.208596
905 -0.307707
906 0.078853
907 -0.133084
908 -0.071868
909 0.464688
910 0.618026
911 0.101822
912 -0.075226
913 0.197608
914 0.071294
915 -0.020674
916 0.572543
917 0.160567
918 -0.122825
919 0.275036
920 0.215561
921 0.160462
922 0.005098
923 -0.019240
924 0.199376
925 0.331733
926 -0.075627
927 -0.217108
928 0.007512
929 0.070278
930 -0.124582
931 0.042580
932 0.120347
933 0.162147
934 0.371255
935 0.186312
936 0.104330
937 0.135640
938 -0.009394
939 0.079021
940 0.513485
941 0.287698
942 0.026817
943 -0.318491
944 -0.236699
945 0.196441
946 -0.092328
947 0.039009
948 0.057617
949 -0.305013
950 -0.122094
951 0.244153
952 -0.040155
953 -0.134779
954 0.118027
955 0.031896
956 0.024734
957 0.055294
958 0.143885
959 0.118634
960 0.710058
961 -0.341464
962 0.371601
963 -0.315671
964 0.026475
965 0.150046
966 -0.050083
967 0.546377
968 -0.072680
969 0.232505
970 -0.014033
971 0.577451
972 -0.169786
973 -0.010157
974 -0.087751
975 0.059824
976 0.225879
977 0.260258
978 0.149923
979 -0.182440
980 -0.069804
981 0.139432
982 0.498320
983 -0.173697
984 0.239082
985 -0.241517
986 -0.309280
987 0.092660
988 -0.073428
989 0.297653
990 0.035888
991 0.084312
992 -0.318598
993 0.078527
994 -0.079639
995 0.186049
996 -0.229365
997 -0.025437
998 0.282614
999 0.218231
1000 -0.003605
1001 0.060650
1002 0.198105
1003 0.059929
1004 0.145236
1005 -0.426692
1006 -0.000461
1007 -0.126024
1008 0.349924
1009 0.164389
1010 -0.164127
1011 0.090354
1012 -0.224610
1013 0.210239
1014 -0.024006
1015 -0.260289
1016 0.121451
1017 -0.048260
1018 -0.139838
1019 -0.211155
1020 0.327180
1021 -0.592618
1022 0.050494
1023 -0.283152
1024 -0.233672
1025 -0.342333
1026 -0.007742
1027 0.267351
1028 -0.131507
1029 0.214917
1030 -0.019910
1031 0.038083
1032 -0.286454
1033 0.137707
1034 0.264381
1035 0.125783
1036 -0.210975
1037 -0.150174
1038 -0.300791
1039 -0.056488
1040 -0.156131
1041 0.188672
1042 -0.051269
1043 0.146105
1044 0.579385
1045 0.273119
1046 -0.044248
1047 -0.186340
1048 -0.298031
1049 -0.223696
1050 -0.130322
1051 0.266988
1052 -0.033562
1053 0.025502
1054 -0.186194
1055 0.017754
1056 -0.031367
1057 0.202698
1058 0.100705
1059 0.512668
1060 0.383570
1061 0.183468
1062 0.011365
1063 0.324265
1064 -0.113652
1065 0.482427
1066 0.131302
1067 0.374107
1068 0.099161
1069 0.181127
1070 -0.184362
1071 0.181263
1072 0.145944
1073 -0.000833
1074 -0.105936
1075 -0.110293
1076 0.092271
1077 -0.167313
1078 -0.061372
1079 -0.175857
1080 -0.202827
1081 0.250005
1082 0.348667
1083 0.140611
1084 -0.299644
1085 -0.201265
1086 -0.028205
1087 -0.044533
1088 0.051474
1089 -0.089732
1090 0.309666
1091 -0.013855
1092 -0.275425
1093 0.474261
1094 0.241935
1095 -0.052408
1096 0.876198
1097 -0.876983
1098 -0.381080
1099 0.193270
1100 0.159967
1101 -0.013133
1102 0.176545
1103 0.082313
1104 0.111664
1105 -0.131275
1106 -0.120248
1107 0.117593
1108 0.061379
1109 0.105725
1110 -0.050475
1111 0.287002
1112 0.137378
1113 0.139465
1114 0.179211
1115 0.168698
1116 0.029287
1117 0.019122
1118 0.303912
1119 0.083072
1120 0.097598
1121 -0.062359
1122 0.356172
1123 0.114871
1124 0.174995
1125 0.316040
1126 0.048180
1127 0.077693
1128 -0.037678
1129 0.084971
1130 0.110261
1131 -0.220752
1132 -0.192030
1133 -0.345865
1134 -0.077907
1135 0.307009
1136 -0.005523
1137 -0.227048
1138 0.181209
1139 -0.025854
1140 -0.031275
1141 0.011836
1142 0.013840
1143 0.123907
1144 -0.107324
1145 -0.140236
1146 0.609015
1147 0.079468
1148 0.104868
1149 -0.116444
1150 -0.336224
1151 0.585544
1152 -0.019433
1153 -0.017457
1154 -0.341643
1155 0.080075
1156 -0.370563
1157 -0.087933
1158 -0.056751
1159 0.311761
1160 0.324852
1161 0.240890
1162 0.324320
1163 0.073572
1164 0.680625
1165 -0.151815
1166 -0.016705
1167 -0.089770
1168 -0.105367
1169 -0.262923
1170 0.379831
1171 -0.008982
1172 0.134334
1173 0.341222
1174 1.036368
1175 -0.289695
1176 0.250581
1177 -0.339940
1178 0.051370
1179 0.285373
1180 -0.122000
1181 -0.001686
1182 0.286905
1183 -0.314954
1184 0.138444
1185 0.030267
1186 -0.291182
1187 0.033144
1188 0.128870
1189 0.060400
1190 0.181031
1191 0.056002
1192 0.277077
1193 0.274318
1194 -0.122144
1195 0.075070
1196 0.570388
1197 -0.220677
1198 -0.143656
1199 -0.003200
1200 0.046432
1201 -0.090849
1202 0.288546
1203 0.141823
1204 0.685976
1205 0.049392
1206 -0.404250
1207 0.240426
1208 -0.264700
1209 0.290341
1210 0.018379
1211 0.023138
1212 -0.103929
1213 0.253111
1214 -0.133279
1215 -0.076139
1216 0.502635
1217 0.320903
1218 0.085398
1219 -0.115502
1220 0.094228
1221 -0.052185
1222 0.247119
1223 -0.121840
0 0.034682
1 -0.324697
2 -0.427618
3 -0.244640
4 -0.477706
5 -0.180453
6 0.304312
7 -0.320591
8 -0.195250
9 0.071297
10 -0.001454
11 -0.825981
12 -0.013113
13 -0.046229
14 -0.048964
15 0.068023
16 -0.043825
17 -0.336347
18 0.200218
19 0.661821
20 -0.268279
21 -0.188734
22 0.094366
23 -0.021911
24 -0.323937
25 0.149393
26 -0.033130
27 -0.046296
28 -0.068928
29 0.042093
30 0.087870
31 -0.102703
32 0.150870
33 0.108026
34 0.087099
35 -0.213850
36 0.065835
37 -0.354186
38 -0.047596
39 -0.257563
40 0.287649
41 -0.057020
42 -0.067098
43 -0.119535
44 0.082743
45 0.285701
46 -0.196261
47 0.212733
48 -0.238243
49 -0.038919
50 0.025752
51 0.353150
52 0.003770
53 -0.102670
54 -0.333359
55 0.243933
56 0.009013
57 0.134640
58 -0.108582
59 0.244751
60 -0.029513
61 0.199720
62 -0.047943
63 -0.245302
64 0.063208
65 0.128744
66 -0.150760
67 -0.138407
68 0.010335
69 -0.021789
70 -0.070747
71 0.273210
72 0.310367
73 0.386317
74 -0.051721
75 -0.047439
76 -0.476495
77 -0.020385
78 -0.385958
79 -0.266296
80 -0.007524
81 0.104823
82 0.388260
83 0.485736
84 -0.153307
85 0.075390
86 -0.044813
87 -0.367753
88 0.102727
89 -0.365109
90 0.130785
91 -0.047633
92 0.937976
93 -0.410350
94 0.069865
95 -0.131026
96 -0.095638
97 0.451899
98 0.002433
99 0.040117
100 0.086581
101 -0.053100
102 0.030574
103 -0.074485
104 0.245743
105 -0.168469
106 0.239198
107 -0.099212
108 0.072589
109 0.277358
110 0.148454
111 -0.481724
112 0.294257
113 -0.212696
114 -0.138833
115 -0.128353
116 -0.201887
117 0.101642
118 0.147244
119 0.344835
120 -0.055449
121 0.028419
122 0.023948
123 0.051050
124 -0.033676
125 0.082851
126 -0.021233
127 -0.147524
128 -0.022186
129 0.169475
130 -0.143831
131 0.093285
132 0.633904
133 0.166812
134 0.314579
135 0.172579
136 -0.274326
137 0.190812
138 0.000743
139 0.088007
140 0.344669
141 0.416927
142 0.926248
143 -0.205023
144 0.251293
145 -0.000707
146 0.120538
147 0.057008
148 -0.054130
149 0.062337
150 0.222537
151 0.083314
152 0.196237
153 0.233390
154 -0.007031
155 0.233216
156 0.056146
157 0.104539
158 0.069211
159 -0.197757
160 0.285272
161 -0.100317
162 0.381065
163 -0.047688
164 0.160983
165 -0.003333
166 0.292771
167 0.025814
168 0.079373
169 0.029857
170 0.007050
171 0.175657
172 -0.269107
173 0.249761
174 0.317167
175 0.046344
176 -0.483574
177 0.130838
178 -0.438832
179 0.322419
180 0.108087
181 0.010247
182 -0.178437
183 0.429389
184 0.138738
185 -0.021766
186 0.087545
187 -0.120857
188 0.079036
189 -0.192887
190 -0.385445
191 0.305674
192 -0.089669
193 -0.134199
194 -0.054043
195 0.275887
196 -0.207306
197 0.110682
198 0.197556
199 0.080718
200 0.174616
201 -0.055966
202 0.526683
203 0.250239
204 0.133486
205 0.313692
206 0.050861
207 0.144374
208 -0.257157
209 0.230906
210 -0.100583
211 0.056257
212 0.083143
213 -0.157767
214 -0.233868
215 0.201682
216 0.458334
217 0.161980
218 -0.005727
219 -0.106312
220 -0.410866
221 -0.272330
222 -0.108957
223 -0.206552
224 0.312670
225 -0.067536
226 0.259941
227 0.236696
228 -0.208997
229 -0.173596
230 -0.096120
231 0.084118
232 -0.025097
233 -0.012143
234 -0.085926
235 -0.023336
236 -0.064907
237 0.044117
238 0.034222
239 -0.019319
240 0.009089
241 0.011036
242 0.055684
243 -0.219572
244 -0.014648
245 -0.551007
246 0.039296
247 -0.138202
248 0.135645
249 -0.120108
250 -0.165550
251 0.114631
252 -0.192506
253 -0.081820
254 -0.120227
255 -0.041614
256 -0.051453
257 -0.054103
258 -0.385030
259 0.011363
260 0.133802
261 -0.179524
262 0.143271
263 -0.100071
264 1.673761
265 1.287593
266 -0.123709
267 0.034427
268 -0.150020
269 -0.051387
270 -0.184590
271 0.140871
272 0.071555
273 1.484369
274 -0.078932
275 0.075795
276 -0.218939
277 -0.094802
278 -0.001359
279 0.025492
280 -0.180932
281 -0.298909
282 0.030019
283 -0.024117
284 0.421804
285 -0.206844
286 0.089554
287 -0.116500
288 -0.075433
289 0.083718
290 -0.032072
291 -0.118361
292 0.030769
293 -0.047142
294 -0.157097
295 0.081466
296 -0.020054
297 0.188433
298 0.180683
299 0.902900
300 0.015429
301 0.033844
302 0.216542
303 -0.340997
304 0.048544
305 0.119658
306 0.328976
307 0.005745
308 -0.050247
309 -0.167425
310 -0.069190
311 0.036410
312 0.050493
313 0.032851
314 -0.027902
315 0.086291
316 -0.245255
317 -0.061953
318 0.069588
319 0.059500
320 -0.070380
321 -0.032855
322 -0.148715
323 0.094431
324 -0.038609
325 -0.296740
326 -0.016812
327 0.137409
328 0.272062
329 -0.035684
330 -0.093729
331 0.153336
332 -0.044816
333 -0.038767
334 0.045290
335 0.015377
336 -0.233858
337 0.003096
338 0.107246
339 -0.117776
340 0.051019
341 0.047543
342 -0.137736
343 -0.026519
344 -0.025206
345 -0.236089
346 -0.196510
347 -0.171860
348 -0.030603
349 0.064601
350 0.099937
351 0.305538
352 -0.142676
353 0.009344
354 0.075904
355 0.043120
356 -0.082729
357 -0.055657
358 -0.058816
359 -0.026182
360 0.486458
361 -0.342360
362 0.017267
363 -0.191660
364 -0.208983
365 0.066306
366 0.076532
367 0.318043
368 0.111636
369 0.094755
370 -0.040011
371 -0.007842
372 -0.092039
373 -0.040774
374 -0.079837
375 -0.064655
376 -0.010549
377 0.066291
378 -0.304759
379 0.137000
380 0.021848
381 -0.048822
382 0.217413
383 0.060554
384 -0.057197
385 0.031991
386 0.101551
387 0.035496
388 0.015239
389 -0.063618
390 -0.134018
391 0.117619
392 -0.056293
393 0.063382
394 0.003712
395 0.057939
396 0.227738
397 0.019690
398 -0.016441
399 -0.095626
400 0.028039
401 -0.054401
402 0.051213
403 -0.038153
404 0.046793
405 0.003655
406 -0.152209
407 -0.108417
408 -0.045174
409 0.136281
410 -0.012472
411 -0.074602
412 -0.146514
413 0.112510
414 -0.055980
415 0.023618
416 0.027444
417 -0.131304
418 -0.136695
419 0.012556
420 -0.059323
421 -0.279521
422 -0.003270
423 -0.001756
424 -0.099876
425 0.295618
426 0.003004
427 -0.100902
428 0.163883
429 -0.104940
430 -0.186953
431 0.179023
432 0.127559
433 -0.164104
434 0.073447
435 0.008426
436 -0.081829
437 0.036436
438 -0.167202
439 -0.214931
440 -0.139164
441 -0.038312
442 -0.051924
443 0.090401
444 -0.209034
445 0.020950
446 -0.082041
447 0.041513
448 0.097456
449 -0.041380
450 0.010440
451 -0.032586
452 -0.193173
453 -0.137405
454 -0.029206
455 -0.025125
456 0.133845
457 -0.113196
458 -0.038450
459 0.005234
460 -0.079778
461 0.020921
462 -0.095282
463 0.120917
464 0.004494
465 -0.135277
466 -0.053524
467 -0.017128
468 -0.070037
469 -0.125907
470 -0.008403
471 -0.122767
472 0.285700
473 -0.140730
474 0.054254
475 0.016123
476 0.080641
477 -0.040586
478 -0.006341
479 0.641024
480 0.065393
481 -0.003237
482 -0.054212
483 -0.088575
484 -0.017169
485 0.100822
486 0.283707
487 0.041983
488 0.053892
489 0.104589
490 0.023145
491 -0.075249
492 -0.038291
493 -0.201422
494 -0.025217
495 0.104826
496 0.059393
497 -0.016852
498 0.014111
499 0.324078
500 0.055025
501 -0.009056
502 0.029287
503 0.034025
504 -0.206290
505 -0.197668
506 -0.063335
507 -0.035747
508 0.009948
509 -0.081694
510 0.085814
511 0.331290
512 0.282892
513 0.033197
514 0.077016
515 -0.006239
516 -0.133214
517 -0.003367
518 0.030619
519 0.053480
520 -0.088159
521 0.026419
522 0.116527
523 0.025764
524 -0.026105
525 0.071803
526 -0.203741
527 0.154869
528 -0.029983
529 -0.023115
530 0.055826
531 0.083889
532 0.053007
533 0.155004
534 0.154101
535 0.087474
536 0.038278
537 0.035538
538 0.039140
539 -0.146695
540 0.995185
541 0.057449
542 0.255388
543 -0.089792
544 0.057370
545 0.045886
546 0.100968
547 -0.093455
548 -0.011911
549 0.047326
550 0.102771
551 -0.176741
552 -0.226461
553 0.049071
554 -0.137246
555 -0.206400
556 -0.036385
557 0.017117
558 0.096420
559 0.068803
560 -0.137540
561 0.009610
562 -0.165823
563 0.201918
564 0.134010
565 -0.070655
566 0.004031
567 0.207882
568 -0.174243
569 0.050604
570 -0.009368
571 -0.076609
572 -0.033882
573 0.088399
574 -0.141005
575 0.094393
576 0.237132
577 0.401194
578 -0.116643
579 0.120484
580 0.182121
581 0.445993
582 -0.133289
583 -0.216736
584 -0.273669
585 0.313451
586 0.047596
587 0.137157
588 -0.163227
589 0.090749
590 -0.242050
591 -0.260797
592 -0.053150
593 -0.644836
594 0.418033
595 0.280383
596 -0.050677
597 0.096317
598 -0.006413
599 -0.331696
600 0.047322
601 0.234624
602 0.295687
603 0.386366
604 0.111063
605 0.200350
606 -0.041094
607 -0.241889
608 0.225664
609 -0.075324
610 0.030366
611 -0.175428
612 -0.189044
613 -0.243848
614 -0.382614
615 -0.671067
616 0.349502
617 0.014233
618 0.568261
619 0.086907
620 0.184598
621 -0.267944
622 0.046358
623 0.068748
624 0.253260
625 -0.049687
626 0.043964
627 -0.171859
628 0.232622
629 0.008503
630 0.110926
631 -0.172649
632 0.227423
633 0.027712
634 0.187130
635 0.183341
636 0.051120
637 0.244653
638 -0.336204
639 0.115920
640 0.096452
641 0.161079
642 0.182921
643 0.247571
644 0.210145
645 0.097133
646 0.321075
647 0.011966
648 0.041347
649 0.266349
650 0.168214
651 -0.051305
652 0.561214
653 0.075711
654 0.185336
655 0.466913
656 0.097169
657 -0.118418
658 -0.045076
659 0.330735
660 -0.024632
661 -0.034505
662 0.230180
663 -0.087872
664 -0.180254
665 0.304989
666 0.134547
667 -0.060878
668 -0.378515
669 0.519502
670 0.115902
671 0.525981
672 0.318202
673 -0.134583
674 -0.120964
675 0.236745
676 -0.209244
677 0.345642
678 -0.135303
679 0.387182
680 0.282287
681 -0.053606
682 -0.214555
683 -0.087790
684 -0.239006
685 0.190860
686 0.121286
687 0.222676
688 0.253424
689 -0.180915
690 -0.004831
691 -0.127045
692 0.405247
693 0.006016
694 0.105231
695 0.099340
696 -0.221816
697 0.498169
698 0.019688
699 -0.061560
700 -0.240593
701 0.322602
702 -0.095091
703 -0.149118
704 0.287017
705 0.056010
706 0.186992
707 -0.384805
708 0.015290
709 0.008798
710 0.035034
711 -0.158377
712 0.378453
713 0.094328
714 0.434868
715 -0.176213
716 -0.495367
717 -0.133433
718 0.271314
719 0.412836
720 0.310191
721 -0.262762
722 0.054589
723 -0.143914
724 -0.376327
725 0.231549
726 0.050477
727 -0.290723
728 0.100529
729 0.067330
730 -0.128018
731 0.121844
732 0.187668
733 0.070408
734 0.267135
735 -0.137013
736 0.007402
737 0.293599
738 -0.051068
739 0.327524
740 0.177132
741 -0.114076
742 0.295584
743 0.079264
744 0.384211
745 0.039346
746 -0.027793
747 0.085923
748 -0.050379
749 0.187089
750 0.055096
751 0.006190
752 -0.050087
753 0.353116
754 0.147900
755 0.094793
756 -0.117197
757 -0.375938
758 0.312898
759 0.110947
760 -0.112799
761 1.057770
762 0.072631
763 -0.250006
764 0.058974
765 0.177812
766 0.374241
767 0.103080
768 0.400680
769 -0.126485
770 -0.313619
771 0.146810
772 0.183930
773 0.044413
774 0.155867
775 0.270878
776 -0.346074
777 -0.274968
778 0.417633
779 0.221018
780 0.063294
781 0.699201
782 0.084430
783 -0.110730
784 0.255393
785 0.503348
786 0.103208
787 -0.323783
788 0.122535
789 0.229041
790 0.130352
791 -0.149545
792 -0.191986
793 -0.035257
794 0.018294
795 0.073920
796 -0.062272
797 0.521531
798 -0.411326
799 0.022247
800 0.469590
801 0.083476
802 0.029305
803 0.134142
804 0.133295
805 0.637219
806 0.198406
807 -0.181267
808 -0.132994
809 0.123932
810 0.090033
811 0.129031
812 0.009266
813 0.425296
814 -0.434533
815 -0.048775
816 -0.022578
817 -0.040924
818 -0.257319
819 0.155045
820 -0.030798
821 -0.051331
822 0.089287
823 0.398871
824 0.060311
825 -0.546202
826 -0.141998
827 0.080508
828 0.058524
829 -0.253152
830 0.059819
831 0.448700
832 -0.217488
833 -0.101230
834 0.070140
835 0.212696
836 0.147799
837 0.040635
838 -0.170271
839 0.061049
840 0.030968
841 0.007765
842 0.077214
843 0.522264
844 0.321112
845 0.263783
846 0.458551
847 -0.136787
848 0.070278
849 0.205623
850 -0.169507
851 -0.417455
852 -0.015699
853 0.325907
854 0.084639
855 0.002463
856 0.078798
857 0.119314
858 0.292009
859 0.045242
860 0.332642
861 0.196925
862 -0.058151
863 -0.080724
864 0.145854
865 0.022219
866 0.172069
867 0.151315
868 -0.051578
869 0.185372
870 0.721360
871 0.072627
872 0.000536
873 -0.136051
874 -0.018498
875 0.119834
876 0.101442
877 -0.289099
878 0.223090
879 -0.097409
880 0.182412
881 -0.099414
882 -0.328602
883 0.090672
884 0.050265
885 0.127742
886 0.166438
887 -0.016397
888 0.385941
889 0.140662
890 -0.108413
891 0.003938
892 0.137542
893 -0.221832
894 0.161558
895 0.051803
896 -0.260628
897 0.067269
898 -0.009907
899 0.110564
900 0.031922
901 -0.045746
902 0.112252
903 -0.078638
904 -0.208596
905 -0.307707
906 0.078853
907 -0.133084
908 -0.071868
909 0.464688
910 0.618026
911 0.101822
912 -0.075226
913 0.197608
914 0.071294
915 -0.020674
916 0.572543
917 0.160567
918 -0.122825
919 0.275036
920 0.215561
921 0.160462
922 0.005098
923 -0.019240
924 0.199376
925 0.331733
926 -0.075627
927 -0.217108
928 0.007512
929 0.070278
930 -0.124582
931 0.042580
932 0.120347
933 0.162147
934 0.371255
935 0.186312
936 0.104330
937 0.135640
938 -0.009394
939 0.079021
940 0.513485
941 0.287698
942 0.026817
943 -0.318491
944 -0.236699
945 0.196441
946 -0.092328
947 0.039009
948 0.057617
949 -0.305013
950 -0.122094
951 0.244153
952 -0.040155
953 -0.134779
954 0.118027
955 0.031896
956 0.024734
957 0.055294
958 0.143885
959 0.118634
960 0.710058
961 -0.341464
962 0.371601
963 -0.315671
964 0.026475
965 0.150046
966 -0.050083
967 0.546377
968 -0.072680
969 0.232505
970 -0.014033
971 0.577451
972 -0.169786
973 -0.010157
974 -0.087751
975 0.059824
976 0.225879
977 0.260258
978 0.149923
979 -0.182440
980 -0.069804
981 0.139432
982 0.498320
983 -0.173697
984 0.239082
985 -0.241517
986 -0.309280
987 0.092660
988 -0.073428
989 0.297653
990 0.035888
991 0.084312
992 -0.318598
993 0.078527
994 -0.079639
995 0.186049
996 -0.229365
997 -0.025437
998 0.282614
999 0.218231
1000 -0.003605
1001 0.060650
1002 0.198105
1003 0.059929
1004 0.145236
1005 -0.426692
1006 -0.000461
1007 -0.126024
1008 0.349924
1009 0.164389
1010 -0.164127
1011 0.090354
1012 -0.224610
1013 0.210239
1014 -0.024006
1015 -0.260289
1016 0.121451
1017 -0.048260
1018 -0.139838
1019 -0.211155
1020 0.327180
1021 -0.592618
1022 0.050494
1023 -0.283152
1024 -0.233672
1025 -0.342333
1026 -0.007742
1027 0.267351
1028 -0.131507
1029 0.214917
1030 -0.019910
1031 0.038083
1032 -0.286454
1033 0.137707
1034 0.264381
1035 0.125783
1036 -0.210975
1037 -0.150174
1038 -0.300791
1039 -0.056488
1040 -0.156131
1041 0.188672
1042 -0.051269
1043 0.146105
1044 0.579385
1045 0.273119
1046 -0.044248
1047 -0.186340
1048 -0.298031
1049 -0.223696
1050 -0.130322
1051 0.266988
1052 -0.033562
1053 0.025502
1054 -0.186194
1055 0.017754
1056 -0.031367
1057 0.202698
1058 0.100705
1059 0.512668
1060 0.383570
1061 0.183468
1062 0.011365
1063 0.324265
1064 -0.113652
1065 0.482427
1066 0.131302
1067 0.374107
1068 0.099161
1069 0.181127
1070 -0.184362
1071 0.181263
1072 0.145944
1073 -0.000833
1074 -0.105936
1075 -0.110293
1076 0.092271
1077 -0.167313
1078 -0.061372
1079 -0.175857
1080 -0.202827
1081 0.250005
1082 0.348667
1083 0.140611
1084 -0.299644
1085 -0.201265
1086 -0.028205
1087 -0.044533
1088 0.051474
1089 -0.089732
1090 0.309666
1091 -0.013855
1092 -0.275425
1093 0.474261
1094 0.241935
1095 -0.052408
1096 0.876198
1097 -0.876983
1098 -0.381080
1099 0.193270
1100 0.159967
1101 -0.013133
1102 0.176545
1103 0.082313
1104 0.111664
1105 -0.131275
1106 -0.120248
1107 0.117593
1108 0.061379
1109 0.105725
1110 -0.050475
1111 0.287002
1112 0.137378
1113 0.139465
1114 0.179211
1115 0.168698
1116 0.029287
1117 0.019122
1118 0.303912
1119 0.083072
1120 0.097598
1121 -0.062359
1122 0.356172
1123 0.114871
1124 0.174995
1125 0.316040
1126 0.048180
1127 0.077693
1128 -0.037678
1129 0.084971
1130 0.110261
1131 -0.220752
1132 -0.192030
1133 -0.345865
1134 -0.077907
1135 0.307009
1136 -0.005523
1137 -0.227048
1138 0.181209
1139 -0.025854
1140 -0.031275
1141 0.011836
1142 0.013840
1143 0.123907
1144 -0.107324
1145 -0.140236
1146 0.609015
1147 0.079468
1148 0.104868
1149 -0.116444
1150 -0.336224
1151 0.585544
1152 -0.019433
1153 -0.017457
1154 -0.341643
1155 0.080075
1156 -0.370563
1157 -0.087933
1158 -0.056751
1159 0.311761
1160 0.324852
1161 0.240890
1162 0.324320
1163 0.073572
1164 0.680625
1165 -0.151815
1166 -0.016705
1167 -0.089770
1168 -0.105367
1169 -0.262923
1170 0.379831
1171 -0.008982
1172 0.134334
1173 0.341222
1174 1.036368
1175 -0.289695
1176 0.250581
1177 -0.339940
1178 0.051370
1179 0.285373
1180 -0.122000
1181 -0.001686
1182 0.286905
1183 -0.314954
1184 0.138444
1185 0.030267
1186 -0.291182
1187 0.033144
1188 0.128870
1189 0.060400
1190 0.181031
1191 0.056002
1192 0.277077
1193 0.274318
1194 -0.122144
1195 0.075070
1196 0.570388
1197 -0.220677
1198 -0.143656
1199 -0.003200
1200 0.046432
1201 -0.090849
1202 0.288546
1203 0.141823
1204 0.685976
1205 0.049392
1206 -0.404250
1207 0.240426
1208 -0.264700
1209 0.290341
1210 0.018379
1211 0.023138
1212 -0.103929
1213 0.253111
1214 -0.133279
1215 -0.076139
1216 0.502635
1217 0.320903
1218 0.085398
1219 -0.115502
1220 0.094228
1221 -0.052185
1222 0.247119
1223 -0.121840
0 0.034682
1 -0.324697
2 -0.427618
3 -0.244640
4 -0.477706
5 -0.180453
6 0.304312
7 -0.320591
8 -0.195250
9 0.071297
10 -0.001454
11 -0.825981
12 -0.013113
13 -0.046229
14 -0.048964
15 0.068023
16 -0.043825
17 -0.336347
18 0.200218
19 0.661821
20 -0.268279
21 -0.188734
22 0.094366
23 -0.021911
24 -0.323937
25 0.149393
26 -0.033130
27 -0.046296
28 -0.068928
29 0.042093
30 0.087870
31 -0.102703
32 0.150870
33 0.108026
34 0.087099
35 -0.213850
36 0.065835
37 -0.354186
38 -0.047596
39 -0.257563
40 0.287649
41 -0.057020
42 -0.067098
43 -0.119535
44 0.082743
45 0.285701
46 -0.196261
47 0.212733
48 -0.238243
49 -0.038919
50 0.025752
51 0.353150
52 0.003770
53 -0.102670
54 -0.333359
55 0.243933
56 0.009013
57 0.134640
58 -0.108582
59 0.244751
60 -0.029513
61 0.199720
62 -0.047943
63 -0.245302
64 0.063208
65 0.128744
66 -0.150760
67 -0.138407
68 0.010335
69 -0.021789
70 -0.070747
71 0.273210
72 0.310367
73 0.386317
74 -0.051721
75 -0.047439
76 -0.476495
77 -0.020385
78 -0.385958
79 -0.266296
80 -0.007524
81 0.104823
82 0.388260
83 0.485736
84 -0.153307
85 0.075390
86 -0.044813
87 -0.367753
88 0.102727
89 -0.365109
90 0.130785
91 -0.047633
92 0.937976
93 -0.410350
94 0.069865
95 -0.131026
96 -0.095638
97 0.451899
98 0.002433
99 0.040117
100 0.086581
101 -0.053100
102 0.030574
103 -0.074485
104 0.245743
105 -0.168469
106 0.239198
107 -0.099212
108 0.072589
109 0.277358
110 0.148454
111 -0.481724
112 0.294257
113 -0.212696
114 -0.138833
115 -0.128353
116 -0.201887
117 0.101642
118 0.147244
119 0.344835
120 -0.055449
121 0.028419
122 0.023948
123 0.051050
124 -0.033676
125 0.082851
126 -0.021233
127 -0.147524
128 -0.022186
129 0.169475
130 -0.143831
131 0.093285
132 0.633904
133 0.166812
134 0.314579
135 0.172579
136 -0.274326
137 0.190812
138 0.000743
139 0.088007
140 0.344669
141 0.416927
142 0.926248
143 -0.205023
144 0.251293
145 -0.000707
146 0.120538
147 0.057008
148 -0.054130
149 0.062337
150 0.222537
151 0.083314
152 0.196237
153 0.233390
154 -0.007031
155 0.233216
156 0.056146
157 0.104539
158 0.069211
159 -0.197757
160 0.285272
161 -0.100317
162 0.381065
163 -0.047688
164 0.160983
165 -0.003333
166 0.292771
167 0.025814
168 0.079373
169 0.029857
170 0.007050
171 0.175657
172 -0.269107
173 0.249761
174 0.317167
175 0.046344
176 -0.483574
177 0.130838
178 -0.438832
179 0.322419
180 0.108087
181 0.010247
182 -0.178437
183 0.429389
184 0.138738
185 -0.021766
186 0.087545
187 -0.120857
188 0.079036
189 -0.192887
190 -0.385445
191 0.305674
192 -0.089669
193 -0.134199
194 -0.054043
195 0.275887
196 -0.207306
197 0.110682
198 0.197556
199 0.080718
200 0.174616
201 -0.055966
202 0.526683
203 0.250239
204 0.133486
205 0.313692
206 0.050861
207 0.144374
208 -0.257157
209 0.230906
210 -0.100583
211 0.056257
212 0.083143
213 -0.157767
214 -0.233868
215 0.201682
216 0.458334
217 0.161980
218 -0.005727
219 -0.106312
220 -0.410866
221 -0.272330
222 -0.108957
223 -0.206552
224 0.312670
225 -0.067536
226 0.259941
227 0.236696
228 -0.208997
229 -0.173596
230 -0.096120
231 0.084118
232 -0.025097
233 -0.012143
234 -0.085926
235 -0.023336
236 -0.064907
237 0.044117
238 0.034222
239 -0.019319
240 0.009089
241 0.011036
242 0.055684
243 -0.219572
244 -0.014648
245 -0.551007
246 0.039296
247 -0.138202
248 0.135645
249 -0.120108
250 -0.165550
251 0.114631
252 -0.192506
253 -0.081820
254 -0.120227
255 -0.041614
256 -0.051453
257 -0.054103
258 -0.385030
259 0.011363
260 0.133802
261 -0.179524
262 0.143271
263 -0.100071
264 1.673761
265 1.287593
266 -0.123709
267 0.034427
268 -0.150020
269 -0.051387
270 -0.184590
271 0.140871
272 0.071555
273 1.484369
274 -0.078932
275 0.075795
276 -0.218939
277 -0.094802
278 -0.001359
279 0.025492
280 -0.180932
281 -0.298909
282 0.030019
283 -0.024117
284 0.421804
285 -0.206844
286 0.089554
287 -0.116500
288 -0.075433
289 0.083718
290 -0.032072
291 -0.118361
292 0.030769
293 -0.047142
294 -0.157097
295 0.081466
296 -0.020054
297 0.188433
298 0.180683
299 0.902900
300 0.015429
301 0.033844
302 0.216542
303 -0.340997
304 0.048544
305 0.119658
306 0.328976
307 0.005745
308 -0.050247
309 -0.167425
310 -0.069190
311 0.036410
312 0.050493
313 0.032851
314 -0.027902
315 0.086291
316 -0.245255
317 -0.061953
318 0.069588
319 0.059500
320 -0.070380
321 -0.032855
322 -0.148715
323 0.094431
324 -0.038609
325 -0.296740
326 -0.016812
327 0.137409
328 0.272062
329 -0.035684
330 -0.093729
331 0.153336
332 -0.044816
333 -0.038767
334 0.045290
335 0.015377
336 -0.233858
337 0.003096
338 0.107246
339 -0.117776
340 0.051019
341 0.047543
342 -0.137736
343 -0.026519
344 -0.025206
345 -0.236089
346 -0.196510
347 -0.171860
348 -0.030603
349 0.064601
350 0.099937
351 0.305538
352 -0.142676
353 0.009344
354 0.075904
355 0.043120
356 -0.082729
357 -0.055657
358 -0.058816
359 -0.026182
360 0.486458
361 -0.342360
362 0.017267
363 -0.191660
364 -0.208983
365 0.066306
366 0.076532
367 0.318043
368 0.111636
369 0.094755
370 -0.040011
371 -0.007842
372 -0.092039
373 -0.040774
374 -0.079837
375 -0.064655
376 -0.010549
377 0.066291
378 -0.304759
379 0.137000
380 0.021848
381 -0.048822
382 0.217413
383 0.060554
384 -0.057197
385 0.031991
386 0.101551
387 0.035496
388 0.015239
389 -0.063618
390 -0.134018
391 0.117619
392 -0.056293
393 0.063382
394 0.003712
395 0.057939
396 0.227738
397 0.019690
398 -0.016441
399 -0.095626
400 0.028039
401 -0.054401
402 0.051213
403 -0.038153
404 0.046793
405 0.003655
406 -0.152209
407 -0.108417
408 -0.045174
409 0.136281
410 -0.012472
411 -0.074602
412 -0.146514
413 0.112510
414 -0.055980
415 0.023618
416 0.027444
417 -0.131304
418 -0.136695
419 0.012556
420 -0.059323
421 -0.279521
422 -0.003270
423 -0.001756
424 -0.099876
425 0.295618
426 0.003004
427 -0.100902
428 0.163883
429 -0.104940
430 -0.186953
431 0.179023
432 0.127559
433 -0.164104
434 0.073447
435 0.008426
436 -0.081829
437 0.036436
438 -0.167202
439 -0.214931
440 -0.139164
441 -0.038312
442 -0.051924
443 0.090401
444 -0.209034
445 0.020950
446 -0.082041
447 0.041513
448 0.097456
449 -0.041380
450 0.010440
451 -0.032586
452 -0.193173
453 -0.137405
454 -0.029206
455 -0.025125
456 0.133845
457 -0.113196
458 -0.038450
459 0.005234
460 -0.079778
461 0.020921
462 -0.095282
463 0.120917
464 0.004494
465 -0.135277
466 -0.053524
467 -0.017128
468 -0.070037
469 -0.125907
470 -0.008403
471 -0.122767
472 0.285700
473 -0.140730
474 0.054254
475 0.016123
476 0.080641
477 -0.040586
478 -0.006341
479 0.641024
480 0.065393
481 -0.003237
482 -0.054212
483 -0.088575
484 -0.017169
485 0.100822
486 0.283707
487 0.041983
488 0.053892
489 0.104589
490 0.023145
491 -0.075249
492 -0.038291
493 -0.201422
494 -0.025217
495 0.104826
496 0.059393
497 -0.016852
498 0.014111
499 0.324078
500 0.055025
501 -0.009056
502 0.029287
503 0.034025
504 -0.206290
505 -0.197668
506 -0.063335
507 -0.035747
508 0.009948
509 -0.081694
510 0.085814
511 0.331290
512 0.282892
513 0.033197
514 0.077016
515 -0.006239
516 -0.133214
517 -0.003367
518 0.030619
519 0.053480
520 -0.088159
521 0.026419
522 0.116527
523 0.025764
524 -0.026105
525 0.071803
526 -0.203741
527 0.154869
528 -0.029983
529 -0.023115
530 0.055826
531 0.083889
532 0.053007
533 0.155004
534 0.154101
535 0.087474
536 0.038278
537 0.035538
538 0.039140
539 -0.146695
540 0.995185
541 0.057449
542 0.255388
543 -0.089792
544 0.057370
545 0.045886
546 0.100968
547 -0.093455
548 -0.011911
549 0.047326
550 0.102771
551 -0.176741
552 -0.226461
553 0.049071
554 -0.137246
555 -0.206400
556 -0.036385
557 0.017117
558 0.096420
559 0.068803
560 -0.137540
561 0.009610
562 -0.165823
563 0.201918
564 0.134010
565 -0.070655
566 0.004031
567 0.207882
568 -0.174243
569 0.050604
570 -0.009368
571 -0.076609
572 -0.033882
573 0.088399
574 -0.141005
575 0.094393
576 0.237132
577 0.401194
578 -0.116643
579 0.120484
580 0.182121
581 0.445993
582 -0.133289
583 -0.216736
584 -0.273669
585 0.313451
586 0.047596
587 0.137157
588 -0.163227
589 0.090749
590 -0.242050
591 -0.260797
592 -0.053150
593 -0.644836
594 0.418033
595 0.280383
596 -0.050677
597 0.096317
598 -0.006413
599 -0.331696
600 0.047322
601 0.234624
602 0.295687
603 0.386366
604 0.111063
605 0.200350
606 -0.041094
607 -0.241889
608 0.225664
609 -0.075324
610 0.030366
611 -0.175428
612 -0.189044
613 -0.243848
614 -0.382614
615 -0.671067
616 0.349502
617 0.014233
618 0.568261
619 0.086907
620 0.184598
621 -0.267944
622 0.046358
623 0.068748
624 0.253260
625 -0.049687
626 0.043964
627 -0.171859
628 0.232622
629 0.008503
630 0.110926
631 -0.172649
632 0.227423
633 0.027712
634 0.187130
635 0.183341
636 0.051120
637 0.244653
638 -0.336204
639 0.115920
640 0.096452
641 0.161079
642 0.182921
643 0.247571
644 0.210145
645 0.097133
646 0.321075
647 0.011966
648 0.041347
649 0.266349
650 0.168214
651 -0.051305
652 0.561214
653 0.075711
654 0.185336
655 0.466913
656 0.097169
657 -0.118418
658 -0.045076
659 0.330735
660 -0.024632
661 -0.034505
662 0.230180
663 -0.087872
664 -0.180254
665 0.304989
666 0.134547
667 -0.060878
668 -0.378515
669 0.519502
670 0.115902
671 0.525981
672 0.318202
673 -0.134583
674 -0.120964
675 0.236745
676 -0.209244
677 0.345642
678 -0.135303
679 0.387182
680 0.282287
681 -0.053606
682 -0.214555
683 -0.087790
684 -0.239006
685 0.190860
686 0.121286
687 0.222676
688 0.253424
689 -0.180915
690 -0.004831
691 -0.127045
692 0.405247
693 0.006016
694 0.105231
695 0.099340
696 -0.221816
697 0.498169
698 0.019688
699 -0.061560
700 -0.240593
701 0.322602
702 -0.095091
703 -0.149118
704 0.287017
705 0.056010
706 0.186992
707 -0.384805
708 0.015290
709 0.008798
710 0.035034
711 -0.158377
712 0.378453
713 0.094328
714 0.434868
715 -0.176213
716 -0.495367
717 -0.133433
718 0.271314
719 0.412836
720 0.310191
721 -0.262762
722 0.054589
723 -0.143914
724 -0.376327
725 0.231549
726 0.050477
727 -0.290723
728 0.100529
729 0.067330
730 -0.128018
731 0.121844
732 0.187668
733 0.070408
734 0.267135
735 -0.137013
736 0.007402
737 0.293599
738 -0.051068
739 0.327524
740 0.177132
741 -0.114076
742 0.295584
743 0.079264
744 0.384211
745 0.039346
746 -0.027793
747 0.085923
748 -0.050379
749 0.187089
750 0.055096
751 0.006190
752 -0.050087
753 0.353116
754 0.147900
755 0.094793
756 -0.117197
757 -0.375938
758 0.312898
759 0.110947
760 -0.112799
761 1.057770
762 0.072631
763 -0.250006
764 0.058974
765 0.177812
766 0.374241
767 0.103080
768 0.400680
769 -0.126485
770 -0.313619
771 0.146810
772 0.183930
773 0.044413
774 0.155867
775 0.270878
776 -0.346074
777 -0.274968
778 0.417633
779 0.221018
780 0.063294
781 0.699201
782 0.084430
783 -0.110730
784 0.255393
785 0.503348
786 0.103208
787 -0.323783
788 0.122535
789 0.229041
790 0.130352
791 -0.149545
792 -0.191986
793 -0.035257
794 0.018294
795 0.073920
796 -0.062272
797 0.521531
798 -0.411326
799 0.022247
800 0.469590
801 0.083476
802 0.029305
803 0.134142
804 0.133295
805 0.637219
806 0.198406
807 -0.181267
808 -0.132994
809 0.123932
810 0.090033
811 0.129031
812 0.009266
813 0.425296
814 -0.434533
815 -0.048775
816 -0.022578
817 -0.040924
818 -0.257319
819 0.155045
820 -0.030798
821 -0.051331
822 0.089287
823 0.398871
824 0.060311
825 -0.546202
826 -0.141998
827 0.080508
828 0.058524
829 -0.253152
830 0.059819
831 0.448700
832 -0.217488
833 -0.101230
834 0.070140
835 0.212696
836 0.147799
837 0.040635
838 -0.170271
839 0.061049
840 0.030968
841 0.007765
842 0.077214
843 0.522264
844 0.321112
845 0.263783
846 0.458551
847 -0.136787
848 0.070278
849 0.205623
850 -0.169507
851 -0.417455
852 -0.015699
853 0.325907
854 0.084639
855 0.002463
856 0.078798
857 0.119314
858 0.292009
859 0.045242
860 0.332642
861 0.196925
862 -0.058151
863 -0.080724
864 0.145854
865 0.022219
866 0.172069
867 0.151315
868 -0.051578
869 0.185372
870 0.721360
871 0.072627
872 0.000536
873 -0.136051
874 -0.018498
875 0.119834
876 0.101442
877 -0.289099
878 0.223090
879 -0.097409
880 0.182412
881 -0.099414
882 -0.328602
883 0.090672
884 0.050265
885 0.127742
886 0.166438
887 -0.016397
888 0.385941
889 0.140662
890 -0.108413
891 0.003938
892 0.137542
893 -0.221832
894 0.161558
895 0.051803
896 -0.260628
897 0.067269
898 -0.009907
899 0.110564
900 0.031922
901 -0.045746
902 0.112252
903 -0.078638
904 -0.208596
905 -0.307707
906 0.078853
907 -0.133084
908 -0.071868
909 0.464688
910 0.618026
911 0.101822
912 -0.075226
913 0.197608
914 0.071294
915 -0.020674
916 0.572543
917 0.160567
918 -0.122825
919 0.275036
920 0.215561
921 0.160462
922 0.005098
923 -0.019240
924 0.199376
925 0.331733
926 -0.075627
927 -0.217108
928 0.007512
929 0.070278
930 -0.124582
931 0.042580
932 0.120347
933 0.162147
934 0.371255
935 0.186312
936 0.104330
937 0.135640
938 -0.009394
939 0.079021
940 0.513485
941 0.287698
942 0.026817
943 -0.318491
944 -0.236699
945 0.196441
946 -0.092328
947 0.039009
948 0.057617
949 -0.305013
950 -0.122094
951 0.244153
952 -0.040155
953 -0.134779
954 0.118027
955 0.031896
956 0.024734
957 0.055294
958 0.143885
959 0.118634
960 0.710058
961 -0.341464
962 0.371601
963 -0.315671
964 0.026475
965 0.150046
966 -0.050083
967 0.546377
968 -0.072680
969 0.232505
970 -0.014033
971 0.577451
972 -0.169786
973 -0.010157
974 -0.087751
975 0.059824
976 0.225879
977 0.260258
978 0.149923
979 -0.182440
980 -0.069804
981 0.139432
982 0.498320
983 -0.173697
984 0.239082
985 -0.241517
986 -0.309280
987 0.092660
988 -0.073428
989 0.297653
990 0.035888
991 0.084312
992 -0.318598
993 0.078527
994 -0.079639
995 0.186049
996 -0.229365
997 -0.025437
998 0.282614
999 0.218231
1000 -0.003605
1001 0.060650
1002 0.198105
1003 0.059929
1004 0.145236
1005 -0.426692
1006 -0.000461
1007 -0.126024
1008 0.349924
1009 0.164389
1010 -0.164127
1011 0.090354
1012 -0.224610
1013 0.210239
1014 -0.024006
1015 -0.260289
1016 0.121451
1017 -0.048260
1018 -0.139838
1019 -0.211155
1020 0.327180
1021 -0.592618
1022 0.050494
1023 -0.283152
1024 -0.233672
1025 -0.342333
1026 -0.007742
1027 0.267351
1028 -0.131507
1029 0.214917
1030 -0.019910
1031 0.038083
1032 -0.286454
1033 0.137707
1034 0.264381
1035 0.125783
1036 -0.210975
1037 -0.150174
1038 -0.300791
1039 -0.056488
1040 -0.156131
1041 0.188672
1042 -0.051269
1043 0.146105
1044 0.579385
1045 0.273119
1046 -0.044248
1047 -0.186340
1048 -0.298031
1049 -0.223696
1050 -0.130322
1051 0.266988
1052 -0.033562
1053 0.025502
1054 -0.186194
1055 0.017754
1056 -0.031367
1057 0.202698
1058 0.100705
1059 0.512668
1060 0.383570
1061 0.183468
1062 0.011365
1063 0.324265
1064 -0.113652
1065 0.482427
1066 0.131302
1067 0.374107
1068 0.099161
1069 0.181127
1070 -0.184362
1071 0.181263
1072 0.145944
1073 -0.000833
1074 -0.105936
1075 -0.110293
1076 0.092271
1077 -0.167313
1078 -0.061372
1079 -0.175857
1080 -0.202827
1081 0.250005
1082 0.348667
1083 0.140611
1084 -0.299644
1085 -0.201265
1086 -0.028205
1087 -0.044533
1088 0.051474
1089 -0.089732
1090 0.309666
1091 -0.013855
1092 -0.275425
1093 0.474261
1094 0.241935
1095 -0.052408
1096 0.876198
1097 -0.876983
1098 -0.381080
1099 0.193270
1100 0.159967
1101 -0.013133
1102 0.176545
1103 0.082313
1104 0.111664
1105 -0.131275
1106 -0.120248
1107 0.117593
1108 0.061379
1109 0.105725
1110 -0.050475
1111 0.287002
1112 0.137378
1113 0.139465
1114 0.179211
1115 0.168698
1116 0.029287
1117 0.019122
1118 0.303912
1119 0.083072
1120 0.097598
1121 -0.062359
1122 0.356172
1123 0.114871
1124 0.174995
1125 0.316040
1126 0.048180
1127 0.077693
1128 -0.037678
1129 0.084971
1130 0.110261
1131 -0.220752
1132 -0.192030
1133 -0.345865
1134 -0.077907
1135 0.307009
1136 -0.005523
1137 -0.227048
1138 0.181209
1139 -0.025854
1140 -0.031275
1141 0.011836
1142 0.013840
1143 0.123907
1144 -0.107324
1145 -0.140236
1146 0.609015
1147 0.079468
1148 0.104868
1149 -0.116444
1150 -0.336224
1151 0.585544
1152 -0.019433
1153 -0.017457
1154 -0.341643
1155 0.080075
1156 -0.370563
1157 -0.087933
1158 -0.056751
1159 0.311761
1160 0.324852
1161 0.240890
1162 0.324320
1163 0.073572
1164 0.680625
1165 -0.151815
1166 -0.016705
1167 -0.089770
1168 -0.105367
1169 -0.262923
1170 0.379831
1171 -0.008982
1172 0.134334
1173 0.341222
1174 1.036368
1175 -0.289695
1176 0.250581
1177 -0.339940
1178 0.051370
1179 0.285373
1180 -0.122000
1181 -0.001686
1182 0.286905
1183 -0.314954
1184 0.138444
1185 0.030267
1186 -0.291182
1187 0.033144
1188 0.128870
1189 0.060400
1190 0.181031
1191 0.056002
1192 0.277077
1193 0.274318
1194 -0.122144
1195 0.075070
1196 0.570388
1197 -0.220677
1198 -0.143656
1199 -0.003200
1200 0.046432
1201 -0.090849
1202 0.288546
1203 0.141823
1204 0.685976
1205 0.049392
1206 -0.404250
1207 0.240426
1208 -0.264700
1209 0.290341
1210 0.018379
1211 0.023138
1212 -0.103929
1213 0.253111
1214 -0.133279
1215 -0.076139
1216 0.502635
1217 0.320903
1218 0.085398
1219 -0.115502
1220 0.094228
1221 -0.052185
1222 0.247119
1223 -0.121840
