0 -0.378249
1 -0.070657
2 0.186718
3 0.019070
4 -0.044272
5 -0.099303
6 0.090027
7 -0.018492
8 -0.167298
9 0.027877
10 0.130826
11 -0.031902
12 -0.332139
13 -0.100338
14 -0.070439
15 0.039426
16 -0.283415
17 0.127118
18 0.242620
19 -0.176103
20 0.151418
21 0.149605
22 0.141546
23 -0.271049
24 -0.107575
25 -0.305570
26 -0.374881
27 -0.055633
28 0.049538
29 -0.139877
30 0.036569
31 -0.290971
32 0.192887
33 0.119736
34 0.288942
35 0.030895
36 -0.046904
37 0.143612
38 0.345276
39 0.200956
40 0.164366
41 -0.091116
42 0.351078
43 0.225965
44 0.242894
45 0.264099
46 -0.075122
47 0.173268
48 -0.136787
49 0.065885
50 -0.009173
51 0.001985
52 0.331527
53 -0.180811
54 0.224752
55 0.221764
56 -0.035344
57 0.146867
58 -0.215786
59 0.070053
60 -0.086606
61 -0.032242
62 -0.246746
63 0.384829
64 0.355636
65 0.000888
66 -0.003730
67 -0.008615
68 0.139562
69 0.335775
70 0.069056
71 0.153539
72 -0.274142
73 0.010741
74 0.034516
75 0.012388
76 0.047367
77 -0.033569
78 0.088124
79 0.143888
80 0.029583
81 -0.156814
82 -0.116885
83 0.001295
84 0.068007
85 -0.055101
86 0.303286
87 -0.086995
88 -0.231130
89 0.167082
90 -0.004845
91 -0.276239
92 -0.092918
93 0.063438
94 0.268990
95 -0.083449
96 -0.103302
97 -0.145104
98 0.197782
99 0.214650
100 0.207667
101 0.306560
102 -0.069642
103 0.111605
104 0.188643
105 0.318321
106 0.012563
107 0.164028
108 0.108381
109 0.186922
110 -0.021389
111 -0.115070
112 0.188375
113 0.102390
114 -0.071682
115 0.286171
116 0.181391
117 0.248166
118 0.076499
119 -0.019966
120 0.395301
121 -0.096709
122 -0.197950
123 0.017166
124 -0.123497
125 0.144851
126 -0.103273
127 -0.105451
128 -0.252112
129 0.072416
130 -0.131746
131 -0.152710
132 0.106415
133 -0.175669
134 -0.045672
135 -0.052433
136 0.045956
137 0.073072
138 -0.011349
139 0.037010
140 -0.234766
141 -0.151352
142 0.041397
143 -0.153685
144 0.309897
145 -0.097965
146 0.459063
147 -0.173809
148 -0.075173
149 0.091209
150 -0.116664
151 0.012977
152 -0.077653
153 0.075040
154 -0.065064
155 -0.145926
156 0.021324
157 -0.127525
158 -0.075020
159 0.055916
160 -0.355452
161 0.284967
162 -0.082217
163 0.069151
164 0.166948
165 0.165021
166 -0.037222
167 -0.055543
168 0.302676
169 -0.093642
170 -0.044542
171 -0.037573
172 0.028196
173 0.140013
174 -0.035880
175 0.025342
176 0.125181
177 -0.095508
178 0.010395
179 0.081313
180 0.121355
181 0.110211
182 0.175304
183 0.116634
184 -0.120434
185 0.474310
186 0.031585
187 0.029760
188 -0.559261
189 -0.170793
190 -0.098032
191 -0.170750
192 0.152759
193 -0.083862
194 -0.001903
195 0.083403
196 -0.377686
197 0.077591
198 0.123514
199 -0.717413
200 -0.158823
201 0.123390
202 -0.310319
203 -0.395796
204 -0.150980
205 -0.165730
206 0.653809
207 0.136315
208 -0.025434
209 0.465885
210 0.011134
211 0.094545
212 0.020270
213 -0.046795
214 0.023745
215 -0.051661
216 -0.322430
217 0.273278
218 0.060169
219 -0.095226
220 -0.019163
221 0.235146
222 -0.176931
223 0.169833
224 -0.014416
225 -0.117469
226 0.355288
227 -0.103939
228 0.118513
229 0.072364
230 0.270249
231 -0.022486
232 0.050956
233 0.046957
234 0.244235
235 0.041771
236 0.032876
237 -0.198842
238 0.207836
239 -0.045339
240 -0.293165
241 -0.066586
242 -0.120706
243 -0.155367
244 0.039591
245 -0.028145
246 0.300899
247 -0.122238
248 0.228097
249 -0.008705
250 -0.062364
251 -0.159194
252 0.072712
253 -0.022500
254 -0.197324
255 -0.320961
256 -0.020556
257 0.066455
258 0.088241
259 0.146358
260 0.047550
261 0.015036
262 -0.021750
263 0.410240
264 -0.012446
265 -0.190947
266 0.063547
267 -0.067598
268 0.496801
269 0.046335
270 0.027715
271 -0.129797
272 -0.004097
273 -0.398089
274 0.091833
275 0.141966
276 0.286454
277 -0.111923
278 0.130443
279 0.244996
280 -0.059720
281 0.234143
282 0.025216
283 -0.039926
284 0.052024
285 -0.076122
286 -0.101867
287 0.027989
288 0.110566
289 -0.010265
290 0.238426
291 -0.040359
292 -0.044084
293 0.077530
294 0.090324
295 0.030658
296 0.211369
297 -0.051961
298 0.139193
299 -0.013024
300 0.205473
301 0.190191
302 0.093211
303 -0.029847
304 0.047744
305 0.202168
306 0.171565
307 0.057355
308 0.054351
309 -0.028441
310 0.008543
311 0.034416
312 0.010008
313 -0.039785
314 0.109379
315 0.162375
316 -0.009756
317 -0.105392
318 0.023803
319 0.026842
320 0.028806
321 0.121707
322 0.129731
323 -0.003919
324 -0.030811
325 0.164397
326 0.127248
327 0.081118
328 -0.125476
329 0.205301
330 0.114588
331 0.231620
332 0.037868
333 0.112581
334 -0.032830
335 -0.009329
336 0.226483
337 0.030536
338 -0.294877
339 -0.111100
340 0.044683
341 0.002488
342 -0.104581
343 -0.091901
344 -0.017837
345 0.112742
346 0.030116
347 0.408043
348 0.004069
349 0.250835
350 0.020888
351 0.216639
352 -0.052904
353 -0.009384
354 -0.095396
355 -0.080723
356 0.129050
357 -0.212785
358 -0.009702
359 0.149471
360 0.350296
361 -0.146023
362 0.017070
363 -0.153173
364 0.270057
365 -0.044946
366 0.088307
367 -0.077444
368 -0.056998
369 -0.007058
370 0.062290
371 0.009370
372 -0.790906
373 -0.004846
374 -0.086584
375 0.002229
376 -0.002458
377 0.010462
378 0.131587
379 0.030993
380 0.266858
381 -0.135731
382 0.161991
383 0.046443
384 -0.019548
385 -0.013583
386 0.012816
387 -0.031462
388 0.070682
389 0.088917
390 0.123664
391 -0.044503
392 0.022364
393 -0.058963
394 0.275873
395 -0.012657
396 -0.040617
397 -0.202903
398 -0.005940
399 -0.008963
400 -0.086948
401 0.016627
402 -0.079916
403 0.323841
404 0.142811
405 -0.042509
406 -0.244781
407 -0.050113
408 0.047403
409 -0.086601
410 0.062741
411 0.064365
412 -0.005133
413 0.034041
414 -0.036579
415 0.255536
416 -0.056673
417 -0.100097
418 0.098110
419 0.000009
420 -0.196078
421 0.261042
422 -0.012653
423 -0.028730
424 0.360701
425 0.089336
426 0.355454
427 0.092317
428 0.088648
429 -0.066092
430 -0.165532
431 -0.161925
432 0.049461
433 0.026296
434 0.056769
435 0.348348
436 0.093202
437 0.107065
438 -0.284572
439 0.059100
440 0.175729
441 0.154401
442 -0.165204
443 0.047401
444 0.106601
445 0.101496
446 0.257734
447 0.205021
448 0.179310
449 0.050329
450 0.098402
451 -0.117357
452 -0.239694
453 -0.140033
454 0.045526
455 0.253927
456 -0.257675
457 0.096851
458 -0.132969
459 0.113233
460 -0.033253
461 0.001219
462 -0.023656
463 0.134765
464 -0.114841
465 0.120237
466 -0.122518
467 0.045688
468 0.036546
469 0.314720
470 -0.039663
471 -0.185103
472 -0.391784
473 -0.001745
474 0.062226
475 -0.138103
476 -0.107134
477 0.028188
478 0.191064
479 -0.256945
480 0.382782
481 0.023525
482 0.104693
483 0.061752
484 -0.050429
485 0.012090
486 -0.025430
487 0.021540
488 -0.070719
489 0.306129
490 0.101006
491 0.007400
492 0.076373
493 -0.115495
494 0.140991
495 0.137471
496 -0.055730
497 -0.110719
498 -0.001312
499 0.157097
500 0.316313
501 -0.211748
502 -0.252730
503 0.052888
504 -0.075271
505 0.219083
506 0.155081
507 -0.198945
508 0.041160
509 -0.331303
510 0.269600
511 -0.087320
512 -0.309724
513 0.013850
514 0.084331
515 0.094609
516 0.082564
517 -0.040966
518 0.067591
519 -0.201893
520 -0.237516
521 -0.118106
522 0.020545
523 0.125906
524 -0.067083
525 0.069275
526 0.033729
527 0.089758
528 -0.119201
529 -0.230332
530 0.277910
531 -0.049928
532 0.129047
533 0.269915
534 0.463503
535 0.082471
536 -0.093807
537 -0.132958
538 -0.110351
539 -0.768196
540 -0.828508
541 -0.183161
542 -0.074925
543 0.011980
544 -0.016356
545 -0.116377
546 -0.077944
547 0.042524
548 -0.110280
549 0.040136
550 -0.006061
551 -0.313554
552 -0.059526
553 0.088865
554 -0.117365
555 0.076132
556 0.095406
557 -0.189753
558 0.146951
559 -0.150063
560 -0.173920
561 0.093635
562 -0.023136
563 -0.198649
564 -0.034899
565 -0.028661
566 -0.014264
567 -0.022187
568 -0.065987
569 -0.040104
570 -0.014251
571 -0.085792
572 0.110083
573 -0.251663
574 -0.199449
575 -0.027791
576 -0.841512
577 -0.282228
578 -0.012347
579 -0.043295
580 0.000432
581 0.026451
582 -0.003073
583 0.129711
584 0.103813
585 -0.111232
586 -0.022549
587 -0.513701
588 -0.176438
589 0.012223
590 0.133949
591 0.024897
592 -0.007985
593 0.069554
594 -0.175217
595 0.030738
596 0.142893
597 0.044274
598 -0.018977
599 -0.198073
600 0.100686
601 0.066046
602 -0.052054
603 0.004320
604 -0.061681
605 0.027983
606 -0.038830
607 0.018911
608 -0.059077
609 0.057903
610 -0.053334
611 -0.038482
612 -0.014081
613 -0.005049
614 -0.104221
615 0.004377
616 0.100374
617 -0.021331
618 -0.037420
619 -0.039447
620 0.017860
621 0.102194
622 0.024402
623 -0.011899
624 0.081118
625 -0.044868
626 -0.013658
627 0.068947
628 0.027983
629 0.052757
630 0.133086
631 0.083513
632 0.231697
633 0.006666
634 -0.024089
635 -0.028572
636 0.003636
637 -0.140897
638 0.116231
639 0.077397
640 -0.408266
641 -0.160439
642 0.064531
643 0.030728
644 0.036379
645 -0.057281
646 -0.172173
647 -0.095593
648 0.239757
649 -0.021316
650 -0.008190
651 -0.161425
652 -0.308557
653 -0.235010
654 0.014564
655 0.080210
656 -0.063091
657 -0.157376
658 0.030928
659 0.040608
660 0.210632
661 -0.215398
662 -0.036459
663 -0.118057
664 -0.036996
665 0.392062
666 -0.141376
667 -0.032929
668 -0.160857
669 0.004322
670 -0.421941
671 0.084022
672 -0.242974
673 -0.008572
674 0.210281
675 -0.064883
676 0.018781
677 -0.206029
678 0.059619
679 0.090679
680 0.106729
681 0.072756
682 -0.076552
683 -0.073807
684 0.049596
685 -0.239482
686 -0.164364
687 -0.014300
688 0.006086
689 0.098954
690 0.210815
691 0.174903
692 0.214352
693 -0.211627
694 -0.039691
695 0.019798
696 -0.233879
697 0.127381
698 0.226446
699 -0.010372
700 0.060374
701 0.224202
702 0.147605
703 -0.093806
704 -0.172614
705 0.279993
706 -0.277896
707 0.166854
708 -0.015367
709 0.031324
710 -0.122415
711 0.066408
712 -0.008378
713 0.025282
714 0.320064
715 -0.032195
716 -0.150131
717 -0.062537
718 -0.160331
719 -0.105689
720 0.143360
721 0.060857
722 0.189542
723 0.488444
724 0.003774
725 0.143534
726 -0.105541
727 -0.098623
728 -0.019738
729 -0.054655
730 0.172819
731 -0.221963
732 -0.241312
733 -0.126864
734 0.160802
735 0.074662
736 0.339447
737 0.140707
738 0.089900
739 0.007710
740 -0.082422
741 -0.029885
742 0.268224
743 0.257160
744 0.018914
745 0.311465
746 0.105912
747 -0.019819
748 -0.089522
749 -0.113381
750 0.198068
751 -0.044607
752 -0.115164
753 0.148493
754 0.035175
755 0.176806
756 0.102112
757 -0.118440
758 -0.228196
759 0.136581
760 0.219034
761 -0.028554
762 0.156519
763 -0.037419
764 0.156596
765 0.013041
766 0.068391
767 -0.085914
768 -0.068273
769 -0.006010
770 0.225836
771 0.174803
772 0.116880
773 -0.146950
774 0.021033
775 0.019091
776 0.115272
777 0.218941
778 0.083307
779 -0.111232
780 -0.156606
781 0.330111
782 0.082995
783 0.127342
784 -0.127923
785 0.155531
786 0.154270
787 -0.084459
788 0.334001
789 -0.394741
790 0.112489
791 -0.047709
792 -0.093228
793 0.016205
794 0.119913
795 0.052903
796 0.021987
797 0.008259
798 -0.153595
799 -0.064087
800 0.199143
801 0.345220
802 0.072412
803 0.094835
804 0.092402
805 -0.029008
806 0.179805
807 -0.479538
808 0.221757
809 0.215863
810 -0.094997
811 0.024801
812 0.097950
813 -0.074207
814 -0.032919
815 0.188999
816 -0.034259
817 0.181363
818 -0.126884
819 -0.032837
820 0.090433
821 0.104927
822 -0.073781
823 0.246229
824 -0.138381
825 0.337626
826 0.040466
827 0.040410
828 0.120764
829 0.172246
830 0.117931
831 0.056832
832 -0.178012
833 -0.044217
834 -0.271271
835 0.181553
836 0.139548
837 -0.152171
838 0.058442
839 0.128078
840 0.045683
841 0.164749
842 0.232711
843 -0.012762
844 0.020567
845 0.063074
846 -0.075124
847 0.058117
848 -0.002107
849 0.115206
850 0.261251
851 0.325178
852 0.388615
853 0.089608
854 0.276383
855 0.154034
856 -0.134888
857 -0.058431
858 -0.083295
859 0.014647
860 0.118894
861 -0.052172
862 -0.067908
863 0.155696
864 0.290207
865 0.057385
866 0.018400
867 0.378201
868 0.130569
869 -0.077420
870 -0.040231
871 0.074411
872 0.050282
873 -0.071904
874 0.098760
875 0.221105
876 0.015156
877 -0.070719
878 -0.140913
879 -0.065947
880 0.001600
881 0.061402
882 0.148787
883 -0.046530
884 0.092116
885 0.223179
886 0.047800
887 0.109223
888 -0.017680
889 0.257367
890 0.118409
891 0.487648
892 -0.043606
893 -0.145861
894 0.302609
895 -0.004151
896 -0.008028
897 -0.276761
898 0.015191
899 -0.139856
900 0.030528
901 0.057761
902 0.177187
903 0.195430
904 0.251799
905 0.042138
906 0.034416
907 -0.001716
908 0.190227
909 -0.154785
910 0.191317
911 0.176511
912 -0.071780
913 -0.064027
914 -0.000080
915 -0.148590
916 -0.017576
917 0.089107
918 -0.213763
919 0.168702
920 -0.033693
921 -0.140025
922 0.172282
923 0.143557
924 0.107067
925 0.112916
926 -0.049957
927 -0.072455
928 -0.222279
929 -0.121891
930 0.011378
931 0.133737
932 0.047481
933 0.112273
934 -0.099385
935 -0.046792
936 0.003386
937 0.002685
938 0.265214
939 0.060680
940 -0.026109
941 0.043890
942 0.000448
943 -0.116783
944 -0.149273
945 0.006180
946 -0.026563
947 -0.105271
948 -0.407710
949 -0.028271
950 0.029480
951 0.003676
952 0.228826
953 0.044403
954 0.445435
955 0.011159
956 0.067670
957 0.257536
958 -0.028020
959 0.150052
960 -0.204392
961 0.141037
962 0.127163
963 0.074119
964 -0.157257
965 -0.163538
966 0.075283
967 0.116594
968 0.003990
969 0.056158
970 0.030077
971 -0.166864
972 -0.032643
973 -0.134342
974 0.099352
975 -0.174617
976 0.376341
977 -0.009976
978 0.296723
979 -0.125668
980 -0.064073
981 0.152083
982 -0.196184
983 -0.109956
984 0.000988
985 0.084074
986 0.080786
987 0.131036
988 0.083762
989 0.293746
990 0.172579
991 0.076245
992 0.108167
993 -0.108639
994 0.177908
995 -0.200291
996 -0.062686
997 0.078552
998 0.090624
999 0.049098
1000 -0.019774
1001 0.131344
1002 0.194075
1003 -0.151391
1004 -0.198285
1005 -0.074068
1006 -0.025824
1007 0.023840
1008 0.253660
1009 0.076755
1010 -0.079558
1011 0.200224
1012 0.137857
1013 0.194179
1014 -0.109097
1015 0.111682
1016 0.047390
1017 0.136408
1018 -0.205323
1019 0.055230
1020 0.046807
1021 -0.037498
1022 0.186370
1023 0.223614
1024 0.194224
1025 -0.122963
1026 -0.036894
1027 0.030505
1028 -0.026870
1029 0.098689
1030 -0.236276
1031 0.061006
1032 0.111456
1033 0.168054
1034 -0.036055
1035 0.326044
1036 0.140393
1037 0.127574
1038 0.399492
1039 0.149518
1040 -0.005721
1041 0.022597
1042 0.343490
1043 0.186604
1044 0.009518
1045 -0.031357
1046 -0.278778
1047 0.226067
1048 0.367454
1049 -0.249065
1050 -0.036540
1051 -0.064339
1052 0.038808
1053 0.051358
1054 0.049471
1055 0.200929
1056 -0.063397
1057 -0.083088
1058 0.020223
1059 0.250354
1060 -0.194246
1061 -0.102760
1062 0.230727
1063 0.043808
1064 0.198073
1065 0.397538
1066 0.108339
1067 -0.004742
1068 -0.088588
1069 0.021951
1070 0.015015
1071 0.004157
1072 -0.178737
1073 0.196368
1074 0.154642
1075 -0.112799
1076 0.121973
1077 0.042703
1078 0.244885
1079 0.051069
1080 0.160055
1081 -0.022200
1082 -0.031772
1083 -0.182295
1084 0.050917
1085 0.007883
1086 -0.205859
1087 -0.171120
1088 -0.154901
1089 0.131627
1090 0.281916
1091 0.098370
1092 -0.316823
1093 0.019651
1094 0.004922
1095 -0.120294
1096 0.010827
1097 -0.182149
1098 0.064031
1099 0.120355
1100 -0.015144
1101 -0.154834
1102 0.169767
1103 -0.172375
1104 0.028704
1105 0.153961
1106 -0.161787
1107 0.117303
1108 -0.232696
1109 -0.017446
1110 -0.056214
1111 0.039798
1112 0.064667
1113 -0.115072
1114 -0.022302
1115 0.166726
1116 0.072340
1117 -0.010611
1118 0.074685
1119 0.201084
1120 -0.269512
1121 0.290834
1122 0.231399
1123 -0.042416
1124 0.045509
1125 -0.161402
1126 0.046425
1127 -0.061992
1128 -0.147044
1129 0.184910
1130 0.110532
1131 0.038244
1132 0.050518
1133 -0.056553
1134 0.043105
1135 -0.206259
1136 0.136442
1137 -0.011606
1138 0.259924
1139 0.036210
1140 -0.232723
1141 -0.021339
1142 -0.070897
1143 -0.041939
1144 0.056979
1145 -0.046318
1146 -0.054924
1147 0.196341
1148 0.202903
1149 0.030263
1150 -0.050311
1151 0.117309
1152 0.111455
1153 0.118492
1154 0.081193
1155 -0.010039
1156 -0.245451
1157 -0.107804
1158 -0.039834
1159 0.022542
1160 0.062890
1161 -0.022830
1162 -0.267708
1163 0.113020
1164 -0.054542
1165 0.154327
1166 0.141297
1167 -0.034619
1168 -0.009418
1169 0.055029
1170 0.111960
1171 -0.029093
1172 0.022653
1173 -0.174175
1174 -0.112517
1175 -0.027075
1176 0.028142
1177 -0.269146
1178 0.167792
1179 0.053449
1180 0.093246
1181 0.280401
1182 0.019268
1183 -0.112511
1184 -0.081494
1185 0.019526
1186 0.008198
1187 0.025482
1188 0.149706
1189 0.101800
1190 -0.193408
1191 0.188830
1192 0.012425
1193 -0.077852
1194 0.162868
1195 -0.040958
1196 0.182275
1197 0.207341
1198 0.021439
1199 0.096539
1200 0.133693
1201 -0.131523
1202 -0.233951
1203 -0.063985
1204 0.032893
1205 0.100492
1206 -0.265804
1207 0.078097
1208 -0.098668
1209 -0.056122
1210 -0.171539
1211 0.085253
1212 0.039373
1213 0.051789
1214 0.093495
1215 -0.319352
0 -0.378249
1 -0.070657
2 0.186718
3 0.019070
4 -0.044272
5 -0.099303
6 0.090027
7 -0.018492
8 -0.167298
9 0.027877
10 0.130826
11 -0.031902
12 -0.332139
13 -0.100338
14 -0.070439
15 0.039426
16 -0.283415
17 0.127118
18 0.242620
19 -0.176103
20 0.151418
21 0.149605
22 0.141546
23 -0.271049
24 -0.107575
25 -0.305570
26 -0.374881
27 -0.055633
28 0.049538
29 -0.139877
30 0.036569
31 -0.290971
32 0.192887
33 0.119736
34 0.288942
35 0.030895
36 -0.046904
37 0.143612
38 0.345276
39 0.200956
40 0.164366
41 -0.091116
42 0.351078
43 0.225965
44 0.242894
45 0.264099
46 -0.075122
47 0.173268
48 -0.136787
49 0.065885
50 -0.009173
51 0.001985
52 0.331527
53 -0.180811
54 0.224752
55 0.221764
56 -0.035344
57 0.146867
58 -0.215786
59 0.070053
60 -0.086606
61 -0.032242
62 -0.246746
63 0.384829
64 0.355636
65 0.000888
66 -0.003730
67 -0.008615
68 0.139562
69 0.335775
70 0.069056
71 0.153539
72 -0.274142
73 0.010741
74 0.034516
75 0.012388
76 0.047367
77 -0.033569
78 0.088124
79 0.143888
80 0.029583
81 -0.156814
82 -0.116885
83 0.001295
84 0.068007
85 -0.055101
86 0.303286
87 -0.086995
88 -0.231130
89 0.167082
90 -0.004845
91 -0.276239
92 -0.092918
93 0.063438
94 0.268990
95 -0.083449
96 -0.103302
97 -0.145104
98 0.197782
99 0.214650
100 0.207667
101 0.306560
102 -0.069642
103 0.111605
104 0.188643
105 0.318321
106 0.012563
107 0.164028
108 0.108381
109 0.186922
110 -0.021389
111 -0.115070
112 0.188375
113 0.102390
114 -0.071682
115 0.286171
116 0.181391
117 0.248166
118 0.076499
119 -0.019966
120 0.395301
121 -0.096709
122 -0.197950
123 0.017166
124 -0.123497
125 0.144851
126 -0.103273
127 -0.105451
128 -0.252112
129 0.072416
130 -0.131746
131 -0.152710
132 0.106415
133 -0.175669
134 -0.045672
135 -0.052433
136 0.045956
137 0.073072
138 -0.011349
139 0.037010
140 -0.234766
141 -0.151352
142 0.041397
143 -0.153685
144 0.309897
145 -0.097965
146 0.459063
147 -0.173809
148 -0.075173
149 0.091209
150 -0.116664
151 0.012977
152 -0.077653
153 0.075040
154 -0.065064
155 -0.145926
156 0.021324
157 -0.127525
158 -0.075020
159 0.055916
160 -0.355452
161 0.284967
162 -0.082217
163 0.069151
164 0.166948
165 0.165021
166 -0.037222
167 -0.055543
168 0.302676
169 -0.093642
170 -0.044542
171 -0.037573
172 0.028196
173 0.140013
174 -0.035880
175 0.025342
176 0.125181
177 -0.095508
178 0.010395
179 0.081313
180 0.121355
181 0.110211
182 0.175304
183 0.116634
184 -0.120434
185 0.474310
186 0.031585
187 0.029760
188 -0.559261
189 -0.170793
190 -0.098032
191 -0.170750
192 0.152759
193 -0.083862
194 -0.001903
195 0.083403
196 -0.377686
197 0.077591
198 0.123514
199 -0.717413
200 -0.158823
201 0.123390
202 -0.310319
203 -0.395796
204 -0.150980
205 -0.165730
206 0.653809
207 0.136315
208 -0.025434
209 0.465885
210 0.011134
211 0.094545
212 0.020270
213 -0.046795
214 0.023745
215 -0.051661
216 -0.322430
217 0.273278
218 0.060169
219 -0.095226
220 -0.019163
221 0.235146
222 -0.176931
223 0.169833
224 -0.014416
225 -0.117469
226 0.355288
227 -0.103939
228 0.118513
229 0.072364
230 0.270249
231 -0.022486
232 0.050956
233 0.046957
234 0.244235
235 0.041771
236 0.032876
237 -0.198842
238 0.207836
239 -0.045339
240 -0.293165
241 -0.066586
242 -0.120706
243 -0.155367
244 0.039591
245 -0.028145
246 0.300899
247 -0.122238
248 0.228097
249 -0.008705
250 -0.062364
251 -0.159194
252 0.072712
253 -0.022500
254 -0.197324
255 -0.320961
256 -0.020556
257 0.066455
258 0.088241
259 0.146358
260 0.047550
261 0.015036
262 -0.021750
263 0.410240
264 -0.012446
265 -0.190947
266 0.063547
267 -0.067598
268 0.496801
269 0.046335
270 0.027715
271 -0.129797
272 -0.004097
273 -0.398089
274 0.091833
275 0.141966
276 0.286454
277 -0.111923
278 0.130443
279 0.244996
280 -0.059720
281 0.234143
282 0.025216
283 -0.039926
284 0.052024
285 -0.076122
286 -0.101867
287 0.027989
288 0.110566
289 -0.010265
290 0.238426
291 -0.040359
292 -0.044084
293 0.077530
294 0.090324
295 0.030658
296 0.211369
297 -0.051961
298 0.139193
299 -0.013024
300 0.205473
301 0.190191
302 0.093211
303 -0.029847
304 0.047744
305 0.202168
306 0.171565
307 0.057355
308 0.054351
309 -0.028441
310 0.008543
311 0.034416
312 0.010008
313 -0.039785
314 0.109379
315 0.162375
316 -0.009756
317 -0.105392
318 0.023803
319 0.026842
320 0.028806
321 0.121707
322 0.129731
323 -0.003919
324 -0.030811
325 0.164397
326 0.127248
327 0.081118
328 -0.125476
329 0.205301
330 0.114588
331 0.231620
332 0.037868
333 0.112581
334 -0.032830
335 -0.009329
336 0.226483
337 0.030536
338 -0.294877
339 -0.111100
340 0.044683
341 0.002488
342 -0.104581
343 -0.091901
344 -0.017837
345 0.112742
346 0.030116
347 0.408043
348 0.004069
349 0.250835
350 0.020888
351 0.216639
352 -0.052904
353 -0.009384
354 -0.095396
355 -0.080723
356 0.129050
357 -0.212785
358 -0.009702
359 0.149471
360 0.350296
361 -0.146023
362 0.017070
363 -0.153173
364 0.270057
365 -0.044946
366 0.088307
367 -0.077444
368 -0.056998
369 -0.007058
370 0.062290
371 0.009370
372 -0.790906
373 -0.004846
374 -0.086584
375 0.002229
376 -0.002458
377 0.010462
378 0.131587
379 0.030993
380 0.266858
381 -0.135731
382 0.161991
383 0.046443
384 -0.019548
385 -0.013583
386 0.012816
387 -0.031462
388 0.070682
389 0.088917
390 0.123664
391 -0.044503
392 0.022364
393 -0.058963
394 0.275873
395 -0.012657
396 -0.040617
397 -0.202903
398 -0.005940
399 -0.008963
400 -0.086948
401 0.016627
402 -0.079916
403 0.323841
404 0.142811
405 -0.042509
406 -0.244781
407 -0.050113
408 0.047403
409 -0.086601
410 0.062741
411 0.064365
412 -0.005133
413 0.034041
414 -0.036579
415 0.255536
416 -0.056673
417 -0.100097
418 0.098110
419 0.000009
420 -0.196078
421 0.261042
422 -0.012653
423 -0.028730
424 0.360701
425 0.089336
426 0.355454
427 0.092317
428 0.088648
429 -0.066092
430 -0.165532
431 -0.161925
432 0.049461
433 0.026296
434 0.056769
435 0.348348
436 0.093202
437 0.107065
438 -0.284572
439 0.059100
440 0.175729
441 0.154401
442 -0.165204
443 0.047401
444 0.106601
445 0.101496
446 0.257734
447 0.205021
448 0.179310
449 0.050329
450 0.098402
451 -0.117357
452 -0.239694
453 -0.140033
454 0.045526
455 0.253927
456 -0.257675
457 0.096851
458 -0.132969
459 0.113233
460 -0.033253
461 0.001219
462 -0.023656
463 0.134765
464 -0.114841
465 0.120237
466 -0.122518
467 0.045688
468 0.036546
469 0.314720
470 -0.039663
471 -0.185103
472 -0.391784
473 -0.001745
474 0.062226
475 -0.138103
476 -0.107134
477 0.028188
478 0.191064
479 -0.256945
480 0.382782
481 0.023525
482 0.104693
483 0.061752
484 -0.050429
485 0.012090
486 -0.025430
487 0.021540
488 -0.070719
489 0.306129
490 0.101006
491 0.007400
492 0.076373
493 -0.115495
494 0.140991
495 0.137471
496 -0.055730
497 -0.110719
498 -0.001312
499 0.157097
500 0.316313
501 -0.211748
502 -0.252730
503 0.052888
504 -0.075271
505 0.219083
506 0.155081
507 -0.198945
508 0.041160
509 -0.331303
510 0.269600
511 -0.087320
512 -0.309724
513 0.013850
514 0.084331
515 0.094609
516 0.082564
517 -0.040966
518 0.067591
519 -0.201893
520 -0.237516
521 -0.118106
522 0.020545
523 0.125906
524 -0.067083
525 0.069275
526 0.033729
527 0.089758
528 -0.119201
529 -0.230332
530 0.277910
531 -0.049928
532 0.129047
533 0.269915
534 0.463503
535 0.082471
536 -0.093807
537 -0.132958
538 -0.110351
539 -0.768196
540 -0.828508
541 -0.183161
542 -0.074925
543 0.011980
544 -0.016356
545 -0.116377
546 -0.077944
547 0.042524
548 -0.110280
549 0.040136
550 -0.006061
551 -0.313554
552 -0.059526
553 0.088865
554 -0.117365
555 0.076132
556 0.095406
557 -0.189753
558 0.146951
559 -0.150063
560 -0.173920
561 0.093635
562 -0.023136
563 -0.198649
564 -0.034899
565 -0.028661
566 -0.014264
567 -0.022187
568 -0.065987
569 -0.040104
570 -0.014251
571 -0.085792
572 0.110083
573 -0.251663
574 -0.199449
575 -0.027791
576 -0.841512
577 -0.282228
578 -0.012347
579 -0.043295
580 0.000432
581 0.026451
582 -0.003073
583 0.129711
584 0.103813
585 -0.111232
586 -0.022549
587 -0.513701
588 -0.176438
589 0.012223
590 0.133949
591 0.024897
592 -0.007985
593 0.069554
594 -0.175217
595 0.030738
596 0.142893
597 0.044274
598 -0.018977
599 -0.198073
600 0.100686
601 0.066046
602 -0.052054
603 0.004320
604 -0.061681
605 0.027983
606 -0.038830
607 0.018911
608 -0.059077
609 0.057903
610 -0.053334
611 -0.038482
612 -0.014081
613 -0.005049
614 -0.104221
615 0.004377
616 0.100374
617 -0.021331
618 -0.037420
619 -0.039447
620 0.017860
621 0.102194
622 0.024402
623 -0.011899
624 0.081118
625 -0.044868
626 -0.013658
627 0.068947
628 0.027983
629 0.052757
630 0.133086
631 0.083513
632 0.231697
633 0.006666
634 -0.024089
635 -0.028572
636 0.003636
637 -0.140897
638 0.116231
639 0.077397
640 -0.408266
641 -0.160439
642 0.064531
643 0.030728
644 0.036379
645 -0.057281
646 -0.172173
647 -0.095593
648 0.239757
649 -0.021316
650 -0.008190
651 -0.161425
652 -0.308557
653 -0.235010
654 0.014564
655 0.080210
656 -0.063091
657 -0.157376
658 0.030928
659 0.040608
660 0.210632
661 -0.215398
662 -0.036459
663 -0.118057
664 -0.036996
665 0.392062
666 -0.141376
667 -0.032929
668 -0.160857
669 0.004322
670 -0.421941
671 0.084022
672 -0.242974
673 -0.008572
674 0.210281
675 -0.064883
676 0.018781
677 -0.206029
678 0.059619
679 0.090679
680 0.106729
681 0.072756
682 -0.076552
683 -0.073807
684 0.049596
685 -0.239482
686 -0.164364
687 -0.014300
688 0.006086
689 0.098954
690 0.210815
691 0.174903
692 0.214352
693 -0.211627
694 -0.039691
695 0.019798
696 -0.233879
697 0.127381
698 0.226446
699 -0.010372
700 0.060374
701 0.224202
702 0.147605
703 -0.093806
704 -0.172614
705 0.279993
706 -0.277896
707 0.166854
708 -0.015367
709 0.031324
710 -0.122415
711 0.066408
712 -0.008378
713 0.025282
714 0.320064
715 -0.032195
716 -0.150131
717 -0.062537
718 -0.160331
719 -0.105689
720 0.143360
721 0.060857
722 0.189542
723 0.488444
724 0.003774
725 0.143534
726 -0.105541
727 -0.098623
728 -0.019738
729 -0.054655
730 0.172819
731 -0.221963
732 -0.241312
733 -0.126864
734 0.160802
735 0.074662
736 0.339447
737 0.140707
738 0.089900
739 0.007710
740 -0.082422
741 -0.029885
742 0.268224
743 0.257160
744 0.018914
745 0.311465
746 0.105912
747 -0.019819
748 -0.089522
749 -0.113381
750 0.198068
751 -0.044607
752 -0.115164
753 0.148493
754 0.035175
755 0.176806
756 0.102112
757 -0.118440
758 -0.228196
759 0.136581
760 0.219034
761 -0.028554
762 0.156519
763 -0.037419
764 0.156596
765 0.013041
766 0.068391
767 -0.085914
768 -0.068273
769 -0.006010
770 0.225836
771 0.174803
772 0.116880
773 -0.146950
774 0.021033
775 0.019091
776 0.115272
777 0.218941
778 0.083307
779 -0.111232
780 -0.156606
781 0.330111
782 0.082995
783 0.127342
784 -0.127923
785 0.155531
786 0.154270
787 -0.084459
788 0.334001
789 -0.394741
790 0.112489
791 -0.047709
792 -0.093228
793 0.016205
794 0.119913
795 0.052903
796 0.021987
797 0.008259
798 -0.153595
799 -0.064087
800 0.199143
801 0.345220
802 0.072412
803 0.094835
804 0.092402
805 -0.029008
806 0.179805
807 -0.479538
808 0.221757
809 0.215863
810 -0.094997
811 0.024801
812 0.097950
813 -0.074207
814 -0.032919
815 0.188999
816 -0.034259
817 0.181363
818 -0.126884
819 -0.032837
820 0.090433
821 0.104927
822 -0.073781
823 0.246229
824 -0.138381
825 0.337626
826 0.040466
827 0.040410
828 0.120764
829 0.172246
830 0.117931
831 0.056832
832 -0.178012
833 -0.044217
834 -0.271271
835 0.181553
836 0.139548
837 -0.152171
838 0.058442
839 0.128078
840 0.045683
841 0.164749
842 0.232711
843 -0.012762
844 0.020567
845 0.063074
846 -0.075124
847 0.058117
848 -0.002107
849 0.115206
850 0.261251
851 0.325178
852 0.388615
853 0.089608
854 0.276383
855 0.154034
856 -0.134888
857 -0.058431
858 -0.083295
859 0.014647
860 0.118894
861 -0.052172
862 -0.067908
863 0.155696
864 0.290207
865 0.057385
866 0.018400
867 0.378201
868 0.130569
869 -0.077420
870 -0.040231
871 0.074411
872 0.050282
873 -0.071904
874 0.098760
875 0.221105
876 0.015156
877 -0.070719
878 -0.140913
879 -0.065947
880 0.001600
881 0.061402
882 0.148787
883 -0.046530
884 0.092116
885 0.223179
886 0.047800
887 0.109223
888 -0.017680
889 0.257367
890 0.118409
891 0.487648
892 -0.043606
893 -0.145861
894 0.302609
895 -0.004151
896 -0.008028
897 -0.276761
898 0.015191
899 -0.139856
900 0.030528
901 0.057761
902 0.177187
903 0.195430
904 0.251799
905 0.042138
906 0.034416
907 -0.001716
908 0.190227
909 -0.154785
910 0.191317
911 0.176511
912 -0.071780
913 -0.064027
914 -0.000080
915 -0.148590
916 -0.017576
917 0.089107
918 -0.213763
919 0.168702
920 -0.033693
921 -0.140025
922 0.172282
923 0.143557
924 0.107067
925 0.112916
926 -0.049957
927 -0.072455
928 -0.222279
929 -0.121891
930 0.011378
931 0.133737
932 0.047481
933 0.112273
934 -0.099385
935 -0.046792
936 0.003386
937 0.002685
938 0.265214
939 0.060680
940 -0.026109
941 0.043890
942 0.000448
943 -0.116783
944 -0.149273
945 0.006180
946 -0.026563
947 -0.105271
948 -0.407710
949 -0.028271
950 0.029480
951 0.003676
952 0.228826
953 0.044403
954 0.445435
955 0.011159
956 0.067670
957 0.257536
958 -0.028020
959 0.150052
960 -0.204392
961 0.141037
962 0.127163
963 0.074119
964 -0.157257
965 -0.163538
966 0.075283
967 0.116594
968 0.003990
969 0.056158
970 0.030077
971 -0.166864
972 -0.032643
973 -0.134342
974 0.099352
975 -0.174617
976 0.376341
977 -0.009976
978 0.296723
979 -0.125668
980 -0.064073
981 0.152083
982 -0.196184
983 -0.109956
984 0.000988
985 0.084074
986 0.080786
987 0.131036
988 0.083762
989 0.293746
990 0.172579
991 0.076245
992 0.108167
993 -0.108639
994 0.177908
995 -0.200291
996 -0.062686
997 0.078552
998 0.090624
999 0.049098
1000 -0.019774
1001 0.131344
1002 0.194075
1003 -0.151391
1004 -0.198285
1005 -0.074068
1006 -0.025824
1007 0.023840
1008 0.253660
1009 0.076755
1010 -0.079558
1011 0.200224
1012 0.137857
1013 0.194179
1014 -0.109097
1015 0.111682
1016 0.047390
1017 0.136408
1018 -0.205323
1019 0.055230
1020 0.046807
1021 -0.037498
1022 0.186370
1023 0.223614
1024 0.194224
1025 -0.122963
1026 -0.036894
1027 0.030505
1028 -0.026870
1029 0.098689
1030 -0.236276
1031 0.061006
1032 0.111456
1033 0.168054
1034 -0.036055
1035 0.326044
1036 0.140393
1037 0.127574
1038 0.399492
1039 0.149518
1040 -0.005721
1041 0.022597
1042 0.343490
1043 0.186604
1044 0.009518
1045 -0.031357
1046 -0.278778
1047 0.226067
1048 0.367454
1049 -0.249065
1050 -0.036540
1051 -0.064339
1052 0.038808
1053 0.051358
1054 0.049471
1055 0.200929
1056 -0.063397
1057 -0.083088
1058 0.020223
1059 0.250354
1060 -0.194246
1061 -0.102760
1062 0.230727
1063 0.043808
1064 0.198073
1065 0.397538
1066 0.108339
1067 -0.004742
1068 -0.088588
1069 0.021951
1070 0.015015
1071 0.004157
1072 -0.178737
1073 0.196368
1074 0.154642
1075 -0.112799
1076 0.121973
1077 0.042703
1078 0.244885
1079 0.051069
1080 0.160055
1081 -0.022200
1082 -0.031772
1083 -0.182295
1084 0.050917
1085 0.007883
1086 -0.205859
1087 -0.171120
1088 -0.154901
1089 0.131627
1090 0.281916
1091 0.098370
1092 -0.316823
1093 0.019651
1094 0.004922
1095 -0.120294
1096 0.010827
1097 -0.182149
1098 0.064031
1099 0.120355
1100 -0.015144
1101 -0.154834
1102 0.169767
1103 -0.172375
1104 0.028704
1105 0.153961
1106 -0.161787
1107 0.117303
1108 -0.232696
1109 -0.017446
1110 -0.056214
1111 0.039798
1112 0.064667
1113 -0.115072
1114 -0.022302
1115 0.166726
1116 0.072340
1117 -0.010611
1118 0.074685
1119 0.201084
1120 -0.269512
1121 0.290834
1122 0.231399
1123 -0.042416
1124 0.045509
1125 -0.161402
1126 0.046425
1127 -0.061992
1128 -0.147044
1129 0.184910
1130 0.110532
1131 0.038244
1132 0.050518
1133 -0.056553
1134 0.043105
1135 -0.206259
1136 0.136442
1137 -0.011606
1138 0.259924
1139 0.036210
1140 -0.232723
1141 -0.021339
1142 -0.070897
1143 -0.041939
1144 0.056979
1145 -0.046318
1146 -0.054924
1147 0.196341
1148 0.202903
1149 0.030263
1150 -0.050311
1151 0.117309
1152 0.111455
1153 0.118492
1154 0.081193
1155 -0.010039
1156 -0.245451
1157 -0.107804
1158 -0.039834
1159 0.022542
1160 0.062890
1161 -0.022830
1162 -0.267708
1163 0.113020
1164 -0.054542
1165 0.154327
1166 0.141297
1167 -0.034619
1168 -0.009418
1169 0.055029
1170 0.111960
1171 -0.029093
1172 0.022653
1173 -0.174175
1174 -0.112517
1175 -0.027075
1176 0.028142
1177 -0.269146
1178 0.167792
1179 0.053449
1180 0.093246
1181 0.280401
1182 0.019268
1183 -0.112511
1184 -0.081494
1185 0.019526
1186 0.008198
1187 0.025482
1188 0.149706
1189 0.101800
1190 -0.193408
1191 0.188830
1192 0.012425
1193 -0.077852
1194 0.162868
1195 -0.040958
1196 0.182275
1197 0.207341
1198 0.021439
1199 0.096539
1200 0.133693
1201 -0.131523
1202 -0.233951
1203 -0.063985
1204 0.032893
1205 0.100492
1206 -0.265804
1207 0.078097
1208 -0.098668
1209 -0.056122
1210 -0.171539
1211 0.085253
1212 0.039373
1213 0.051789
1214 0.093495
1215 -0.319352
0 -0.378249
1 -0.070657
2 0.186718
3 0.019070
4 -0.044272
5 -0.099303
6 0.090027
7 -0.018492
8 -0.167298
9 0.027877
10 0.130826
11 -0.031902
12 -0.332139
13 -0.100338
14 -0.070439
15 0.039426
16 -0.283415
17 0.127118
18 0.242620
19 -0.176103
20 0.151418
21 0.149605
22 0.141546
23 -0.271049
24 -0.107575
25 -0.305570
26 -0.374881
27 -0.055633
28 0.049538
29 -0.139877
30 0.036569
31 -0.290971
32 0.192887
33 0.119736
34 0.288942
35 0.030895
36 -0.046904
37 0.143612
38 0.345276
39 0.200956
40 0.164366
41 -0.091116
42 0.351078
43 0.225965
44 0.242894
45 0.264099
46 -0.075122
47 0.173268
48 -0.136787
49 0.065885
50 -0.009173
51 0.001985
52 0.331527
53 -0.180811
54 0.224752
55 0.221764
56 -0.035344
57 0.146867
58 -0.215786
59 0.070053
60 -0.086606
61 -0.032242
62 -0.246746
63 0.384829
64 0.355636
65 0.000888
66 -0.003730
67 -0.008615
68 0.139562
69 0.335775
70 0.069056
71 0.153539
72 -0.274142
73 0.010741
74 0.034516
75 0.012388
76 0.047367
77 -0.033569
78 0.088124
79 0.143888
80 0.029583
81 -0.156814
82 -0.116885
83 0.001295
84 0.068007
85 -0.055101
86 0.303286
87 -0.086995
88 -0.231130
89 0.167082
90 -0.004845
91 -0.276239
92 -0.092918
93 0.063438
94 0.268990
95 -0.083449
96 -0.103302
97 -0.145104
98 0.197782
99 0.214650
100 0.207667
101 0.306560
102 -0.069642
103 0.111605
104 0.188643
105 0.318321
106 0.012563
107 0.164028
108 0.108381
109 0.186922
110 -0.021389
111 -0.115070
112 0.188375
113 0.102390
114 -0.071682
115 0.286171
116 0.181391
117 0.248166
118 0.076499
119 -0.019966
120 0.395301
121 -0.096709
122 -0.197950
123 0.017166
124 -0.123497
125 0.144851
126 -0.103273
127 -0.105451
128 -0.252112
129 0.072416
130 -0.131746
131 -0.152710
132 0.106415
133 -0.175669
134 -0.045672
135 -0.052433
136 0.045956
137 0.073072
138 -0.011349
139 0.037010
140 -0.234766
141 -0.151352
142 0.041397
143 -0.153685
144 0.309897
145 -0.097965
146 0.459063
147 -0.173809
148 -0.075173
149 0.091209
150 -0.116664
151 0.012977
152 -0.077653
153 0.075040
154 -0.065064
155 -0.145926
156 0.021324
157 -0.127525
158 -0.075020
159 0.055916
160 -0.355452
161 0.284967
162 -0.082217
163 0.069151
164 0.166948
165 0.165021
166 -0.037222
167 -0.055543
168 0.302676
169 -0.093642
170 -0.044542
171 -0.037573
172 0.028196
173 0.140013
174 -0.035880
175 0.025342
176 0.125181
177 -0.095508
178 0.010395
179 0.081313
180 0.121355
181 0.110211
182 0.175304
183 0.116634
184 -0.120434
185 0.474310
186 0.031585
187 0.029760
188 -0.559261
189 -0.170793
190 -0.098032
191 -0.170750
192 0.152759
193 -0.083862
194 -0.001903
195 0.083403
196 -0.377686
197 0.077591
198 0.123514
199 -0.717413
200 -0.158823
201 0.123390
202 -0.310319
203 -0.395796
204 -0.150980
205 -0.165730
206 0.653809
207 0.136315
208 -0.025434
209 0.465885
210 0.011134
211 0.094545
212 0.020270
213 -0.046795
214 0.023745
215 -0.051661
216 -0.322430
217 0.273278
218 0.060169
219 -0.095226
220 -0.019163
221 0.235146
222 -0.176931
223 0.169833
224 -0.014416
225 -0.117469
226 0.355288
227 -0.103939
228 0.118513
229 0.072364
230 0.270249
231 -0.022486
232 0.050956
233 0.046957
234 0.244235
235 0.041771
236 0.032876
237 -0.198842
238 0.207836
239 -0.045339
240 -0.293165
241 -0.066586
242 -0.120706
243 -0.155367
244 0.039591
245 -0.028145
246 0.300899
247 -0.122238
248 0.228097
249 -0.008705
250 -0.062364
251 -0.159194
252 0.072712
253 -0.022500
254 -0.197324
255 -0.320961
256 -0.020556
257 0.066455
258 0.088241
259 0.146358
260 0.047550
261 0.015036
262 -0.021750
263 0.410240
264 -0.012446
265 -0.190947
266 0.063547
267 -0.067598
268 0.496801
269 0.046335
270 0.027715
271 -0.129797
272 -0.004097
273 -0.398089
274 0.091833
275 0.141966
276 0.286454
277 -0.111923
278 0.130443
279 0.244996
280 -0.059720
281 0.234143
282 0.025216
283 -0.039926
284 0.052024
285 -0.076122
286 -0.101867
287 0.027989
288 0.110566
289 -0.010265
290 0.238426
291 -0.040359
292 -0.044084
293 0.077530
294 0.090324
295 0.030658
296 0.211369
297 -0.051961
298 0.139193
299 -0.013024
300 0.205473
301 0.190191
302 0.093211
303 -0.029847
304 0.047744
305 0.202168
306 0.171565
307 0.057355
308 0.054351
309 -0.028441
310 0.008543
311 0.034416
312 0.010008
313 -0.039785
314 0.109379
315 0.162375
316 -0.009756
317 -0.105392
318 0.023803
319 0.026842
320 0.028806
321 0.121707
322 0.129731
323 -0.003919
324 -0.030811
325 0.164397
326 0.127248
327 0.081118
328 -0.125476
329 0.205301
330 0.114588
331 0.231620
332 0.037868
333 0.112581
334 -0.032830
335 -0.009329
336 0.226483
337 0.030536
338 -0.294877
339 -0.111100
340 0.044683
341 0.002488
342 -0.104581
343 -0.091901
344 -0.017837
345 0.112742
346 0.030116
347 0.408043
348 0.004069
349 0.250835
350 0.020888
351 0.216639
352 -0.052904
353 -0.009384
354 -0.095396
355 -0.080723
356 0.129050
357 -0.212785
358 -0.009702
359 0.149471
360 0.350296
361 -0.146023
362 0.017070
363 -0.153173
364 0.270057
365 -0.044946
366 0.088307
367 -0.077444
368 -0.056998
369 -0.007058
370 0.062290
371 0.009370
372 -0.790906
373 -0.004846
374 -0.086584
375 0.002229
376 -0.002458
377 0.010462
378 0.131587
379 0.030993
380 0.266858
381 -0.135731
382 0.161991
383 0.046443
384 -0.019548
385 -0.013583
386 0.012816
387 -0.031462
388 0.070682
389 0.088917
390 0.123664
391 -0.044503
392 0.022364
393 -0.058963
394 0.275873
395 -0.012657
396 -0.040617
397 -0.202903
398 -0.005940
399 -0.008963
400 -0.086948
401 0.016627
402 -0.079916
403 0.323841
404 0.142811
405 -0.042509
406 -0.244781
407 -0.050113
408 0.047403
409 -0.086601
410 0.062741
411 0.064365
412 -0.005133
413 0.034041
414 -0.036579
415 0.255536
416 -0.056673
417 -0.100097
418 0.098110
419 0.000009
420 -0.196078
421 0.261042
422 -0.012653
423 -0.028730
424 0.360701
425 0.089336
426 0.355454
427 0.092317
428 0.088648
429 -0.066092
430 -0.165532
431 -0.161925
432 0.049461
433 0.026296
434 0.056769
435 0.348348
436 0.093202
437 0.107065
438 -0.284572
439 0.059100
440 0.175729
441 0.154401
442 -0.165204
443 0.047401
444 0.106601
445 0.101496
446 0.257734
447 0.205021
448 0.179310
449 0.050329
450 0.098402
451 -0.117357
452 -0.239694
453 -0.140033
454 0.045526
455 0.253927
456 -0.257675
457 0.096851
458 -0.132969
459 0.113233
460 -0.033253
461 0.001219
462 -0.023656
463 0.134765
464 -0.114841
465 0.120237
466 -0.122518
467 0.045688
468 0.036546
469 0.314720
470 -0.039663
471 -0.185103
472 -0.391784
473 -0.001745
474 0.062226
475 -0.138103
476 -0.107134
477 0.028188
478 0.191064
479 -0.256945
480 0.382782
481 0.023525
482 0.104693
483 0.061752
484 -0.050429
485 0.012090
486 -0.025430
487 0.021540
488 -0.070719
489 0.306129
490 0.101006
491 0.007400
492 0.076373
493 -0.115495
494 0.140991
495 0.137471
496 -0.055730
497 -0.110719
498 -0.001312
499 0.157097
500 0.316313
501 -0.211748
502 -0.252730
503 0.052888
504 -0.075271
505 0.219083
506 0.155081
507 -0.198945
508 0.041160
509 -0.331303
510 0.269600
511 -0.087320
512 -0.309724
513 0.013850
514 0.084331
515 0.094609
516 0.082564
517 -0.040966
518 0.067591
519 -0.201893
520 -0.237516
521 -0.118106
522 0.020545
523 0.125906
524 -0.067083
525 0.069275
526 0.033729
527 0.089758
528 -0.119201
529 -0.230332
530 0.277910
531 -0.049928
532 0.129047
533 0.269915
534 0.463503
535 0.082471
536 -0.093807
537 -0.132958
538 -0.110351
539 -0.768196
540 -0.828508
541 -0.183161
542 -0.074925
543 0.011980
544 -0.016356
545 -0.116377
546 -0.077944
547 0.042524
548 -0.110280
549 0.040136
550 -0.006061
551 -0.313554
552 -0.059526
553 0.088865
554 -0.117365
555 0.076132
556 0.095406
557 -0.189753
558 0.146951
559 -0.150063
560 -0.173920
561 0.093635
562 -0.023136
563 -0.198649
564 -0.034899
565 -0.028661
566 -0.014264
567 -0.022187
568 -0.065987
569 -0.040104
570 -0.014251
571 -0.085792
572 0.110083
573 -0.251663
574 -0.199449
575 -0.027791
576 -0.841512
577 -0.282228
578 -0.012347
579 -0.043295
580 0.000432
581 0.026451
582 -0.003073
583 0.129711
584 0.103813
585 -0.111232
586 -0.022549
587 -0.513701
588 -0.176438
589 0.012223
590 0.133949
591 0.024897
592 -0.007985
593 0.069554
594 -0.175217
595 0.030738
596 0.142893
597 0.044274
598 -0.018977
599 -0.198073
600 0.100686
601 0.066046
602 -0.052054
603 0.004320
604 -0.061681
605 0.027983
606 -0.038830
607 0.018911
608 -0.059077
609 0.057903
610 -0.053334
611 -0.038482
612 -0.014081
613 -0.005049
614 -0.104221
615 0.004377
616 0.100374
617 -0.021331
618 -0.037420
619 -0.039447
620 0.017860
621 0.102194
622 0.024402
623 -0.011899
624 0.081118
625 -0.044868
626 -0.013658
627 0.068947
628 0.027983
629 0.052757
630 0.133086
631 0.083513
632 0.231697
633 0.006666
634 -0.024089
635 -0.028572
636 0.003636
637 -0.140897
638 0.116231
639 0.077397
640 -0.408266
641 -0.160439
642 0.064531
643 0.030728
644 0.036379
645 -0.057281
646 -0.172173
647 -0.095593
648 0.239757
649 -0.021316
650 -0.008190
651 -0.161425
652 -0.308557
653 -0.235010
654 0.014564
655 0.080210
656 -0.063091
657 -0.157376
658 0.030928
659 0.040608
660 0.210632
661 -0.215398
662 -0.036459
663 -0.118057
664 -0.036996
665 0.392062
666 -0.141376
667 -0.032929
668 -0.160857
669 0.004322
670 -0.421941
671 0.084022
672 -0.242974
673 -0.008572
674 0.210281
675 -0.064883
676 0.018781
677 -0.206029
678 0.059619
679 0.090679
680 0.106729
681 0.072756
682 -0.076552
683 -0.073807
684 0.049596
685 -0.239482
686 -0.164364
687 -0.014300
688 0.006086
689 0.098954
690 0.210815
691 0.174903
692 0.214352
693 -0.211627
694 -0.039691
695 0.019798
696 -0.233879
697 0.127381
698 0.226446
699 -0.010372
700 0.060374
701 0.224202
702 0.147605
703 -0.093806
704 -0.172614
705 0.279993
706 -0.277896
707 0.166854
708 -0.015367
709 0.031324
710 -0.122415
711 0.066408
712 -0.008378
713 0.025282
714 0.320064
715 -0.032195
716 -0.150131
717 -0.062537
718 -0.160331
719 -0.105689
720 0.143360
721 0.060857
722 0.189542
723 0.488444
724 0.003774
725 0.143534
726 -0.105541
727 -0.098623
728 -0.019738
729 -0.054655
730 0.172819
731 -0.221963
732 -0.241312
733 -0.126864
734 0.160802
735 0.074662
736 0.339447
737 0.140707
738 0.089900
739 0.007710
740 -0.082422
741 -0.029885
742 0.268224
743 0.257160
744 0.018914
745 0.311465
746 0.105912
747 -0.019819
748 -0.089522
749 -0.113381
750 0.198068
751 -0.044607
752 -0.115164
753 0.148493
754 0.035175
755 0.176806
756 0.102112
757 -0.118440
758 -0.228196
759 0.136581
760 0.219034
761 -0.028554
762 0.156519
763 -0.037419
764 0.156596
765 0.013041
766 0.068391
767 -0.085914
768 -0.068273
769 -0.006010
770 0.225836
771 0.174803
772 0.116880
773 -0.146950
774 0.021033
775 0.019091
776 0.115272
777 0.218941
778 0.083307
779 -0.111232
780 -0.156606
781 0.330111
782 0.082995
783 0.127342
784 -0.127923
785 0.155531
786 0.154270
787 -0.084459
788 0.334001
789 -0.394741
790 0.112489
791 -0.047709
792 -0.093228
793 0.016205
794 0.119913
795 0.052903
796 0.021987
797 0.008259
798 -0.153595
799 -0.064087
800 0.199143
801 0.345220
802 0.072412
803 0.094835
804 0.092402
805 -0.029008
806 0.179805
807 -0.479538
808 0.221757
809 0.215863
810 -0.094997
811 0.024801
812 0.097950
813 -0.074207
814 -0.032919
815 0.188999
816 -0.034259
817 0.181363
818 -0.126884
819 -0.032837
820 0.090433
821 0.104927
822 -0.073781
823 0.246229
824 -0.138381
825 0.337626
826 0.040466
827 0.040410
828 0.120764
829 0.172246
830 0.117931
831 0.056832
832 -0.178012
833 -0.044217
834 -0.271271
835 0.181553
836 0.139548
837 -0.152171
838 0.058442
839 0.128078
840 0.045683
841 0.164749
842 0.232711
843 -0.012762
844 0.020567
845 0.063074
846 -0.075124
847 0.058117
848 -0.002107
849 0.115206
850 0.261251
851 0.325178
852 0.388615
853 0.089608
854 0.276383
855 0.154034
856 -0.134888
857 -0.058431
858 -0.083295
859 0.014647
860 0.118894
861 -0.052172
862 -0.067908
863 0.155696
864 0.290207
865 0.057385
866 0.018400
867 0.378201
868 0.130569
869 -0.077420
870 -0.040231
871 0.074411
872 0.050282
873 -0.071904
874 0.098760
875 0.221105
876 0.015156
877 -0.070719
878 -0.140913
879 -0.065947
880 0.001600
881 0.061402
882 0.148787
883 -0.046530
884 0.092116
885 0.223179
886 0.047800
887 0.109223
888 -0.017680
889 0.257367
890 0.118409
891 0.487648
892 -0.043606
893 -0.145861
894 0.302609
895 -0.004151
896 -0.008028
897 -0.276761
898 0.015191
899 -0.139856
900 0.030528
901 0.057761
902 0.177187
903 0.195430
904 0.251799
905 0.042138
906 0.034416
907 -0.001716
908 0.190227
909 -0.154785
910 0.191317
911 0.176511
912 -0.071780
913 -0.064027
914 -0.000080
915 -0.148590
916 -0.017576
917 0.089107
918 -0.213763
919 0.168702
920 -0.033693
921 -0.140025
922 0.172282
923 0.143557
924 0.107067
925 0.112916
926 -0.049957
927 -0.072455
928 -0.222279
929 -0.121891
930 0.011378
931 0.133737
932 0.047481
933 0.112273
934 -0.099385
935 -0.046792
936 0.003386
937 0.002685
938 0.265214
939 0.060680
940 -0.026109
941 0.043890
942 0.000448
943 -0.116783
944 -0.149273
945 0.006180
946 -0.026563
947 -0.105271
948 -0.407710
949 -0.028271
950 0.029480
951 0.003676
952 0.228826
953 0.044403
954 0.445435
955 0.011159
956 0.067670
957 0.257536
958 -0.028020
959 0.150052
960 -0.204392
961 0.141037
962 0.127163
963 0.074119
964 -0.157257
965 -0.163538
966 0.075283
967 0.116594
968 0.003990
969 0.056158
970 0.030077
971 -0.166864
972 -0.032643
973 -0.134342
974 0.099352
975 -0.174617
976 0.376341
977 -0.009976
978 0.296723
979 -0.125668
980 -0.064073
981 0.152083
982 -0.196184
983 -0.109956
984 0.000988
985 0.084074
986 0.080786
987 0.131036
988 0.083762
989 0.293746
990 0.172579
991 0.076245
992 0.108167
993 -0.108639
994 0.177908
995 -0.200291
996 -0.062686
997 0.078552
998 0.090624
999 0.049098
1000 -0.019774
1001 0.131344
1002 0.194075
1003 -0.151391
1004 -0.198285
1005 -0.074068
1006 -0.025824
1007 0.023840
1008 0.253660
1009 0.076755
1010 -0.079558
1011 0.200224
1012 0.137857
1013 0.194179
1014 -0.109097
1015 0.111682
1016 0.047390
1017 0.136408
1018 -0.205323
1019 0.055230
1020 0.046807
1021 -0.037498
1022 0.186370
1023 0.223614
1024 0.194224
1025 -0.122963
1026 -0.036894
1027 0.030505
1028 -0.026870
1029 0.098689
1030 -0.236276
1031 0.061006
1032 0.111456
1033 0.168054
1034 -0.036055
1035 0.326044
1036 0.140393
1037 0.127574
1038 0.399492
1039 0.149518
1040 -0.005721
1041 0.022597
1042 0.343490
1043 0.186604
1044 0.009518
1045 -0.031357
1046 -0.278778
1047 0.226067
1048 0.367454
1049 -0.249065
1050 -0.036540
1051 -0.064339
1052 0.038808
1053 0.051358
1054 0.049471
1055 0.200929
1056 -0.063397
1057 -0.083088
1058 0.020223
1059 0.250354
1060 -0.194246
1061 -0.102760
1062 0.230727
1063 0.043808
1064 0.198073
1065 0.397538
1066 0.108339
1067 -0.004742
1068 -0.088588
1069 0.021951
1070 0.015015
1071 0.004157
1072 -0.178737
1073 0.196368
1074 0.154642
1075 -0.112799
1076 0.121973
1077 0.042703
1078 0.244885
1079 0.051069
1080 0.160055
1081 -0.022200
1082 -0.031772
1083 -0.182295
1084 0.050917
1085 0.007883
1086 -0.205859
1087 -0.171120
1088 -0.154901
1089 0.131627
1090 0.281916
1091 0.098370
1092 -0.316823
1093 0.019651
1094 0.004922
1095 -0.120294
1096 0.010827
1097 -0.182149
1098 0.064031
1099 0.120355
1100 -0.015144
1101 -0.154834
1102 0.169767
1103 -0.172375
1104 0.028704
1105 0.153961
1106 -0.161787
1107 0.117303
1108 -0.232696
1109 -0.017446
1110 -0.056214
1111 0.039798
1112 0.064667
1113 -0.115072
1114 -0.022302
1115 0.166726
1116 0.072340
1117 -0.010611
1118 0.074685
1119 0.201084
1120 -0.269512
1121 0.290834
1122 0.231399
1123 -0.042416
1124 0.045509
1125 -0.161402
1126 0.046425
1127 -0.061992
1128 -0.147044
1129 0.184910
1130 0.110532
1131 0.038244
1132 0.050518
1133 -0.056553
1134 0.043105
1135 -0.206259
1136 0.136442
1137 -0.011606
1138 0.259924
1139 0.036210
1140 -0.232723
1141 -0.021339
1142 -0.070897
1143 -0.041939
1144 0.056979
1145 -0.046318
1146 -0.054924
1147 0.196341
1148 0.202903
1149 0.030263
1150 -0.050311
1151 0.117309
1152 0.111455
1153 0.118492
1154 0.081193
1155 -0.010039
1156 -0.245451
1157 -0.107804
1158 -0.039834
1159 0.022542
1160 0.062890
1161 -0.022830
1162 -0.267708
1163 0.113020
1164 -0.054542
1165 0.154327
1166 0.141297
1167 -0.034619
1168 -0.009418
1169 0.055029
1170 0.111960
1171 -0.029093
1172 0.022653
1173 -0.174175
1174 -0.112517
1175 -0.027075
1176 0.028142
1177 -0.269146
1178 0.167792
1179 0.053449
1180 0.093246
1181 0.280401
1182 0.019268
1183 -0.112511
1184 -0.081494
1185 0.019526
1186 0.008198
1187 0.025482
1188 0.149706
1189 0.101800
1190 -0.193408
1191 0.188830
1192 0.012425
1193 -0.077852
1194 0.162868
1195 -0.040958
1196 0.182275
1197 0.207341
1198 0.021439
1199 0.096539
1200 0.133693
1201 -0.131523
1202 -0.233951
1203 -0.063985
1204 0.032893
1205 0.100492
1206 -0.265804
1207 0.078097
1208 -0.098668
1209 -0.056122
1210 -0.171539
1211 0.085253
1212 0.039373
1213 0.051789
1214 0.093495
1215 -0.319352
0 -0.378249
1 -0.316369
2 -0.209386
3 0.049318
4 0.202413
5 -0.166746
6 0.223474
7 0.081841
8 0.082008
9 0.286755
10 0.186309
11 -0.300440
12 -0.008174
13 0.163166
14 0.302281
15 0.098314
16 0.041556
17 -0.022720
18 0.033379
19 0.369015
20 0.083231
21 -0.208244
22 0.028124
23 -0.003339
24 -0.418766
25 0.106203
26 -0.164134
27 -0.177058
28 0.152964
29 0.047619
30 0.146215
31 0.193429
32 -0.325061
33 -0.086377
34 -0.139662
35 -0.054267
36 -0.288883
37 -0.074155
38 0.045322
39 0.159897
40 0.352363
41 -0.108371
42 0.014617
43 0.233489
44 -0.056930
45 0.024624
46 0.220518
47 0.260305
48 0.051941
49 -0.016570
50 0.181253
51 0.227575
52 -0.276148
53 -0.113355
54 0.106826
55 -0.197402
56 -0.103358
57 -0.383158
58 -0.108044
59 0.004431
60 -0.194113
61 -0.014896
62 0.040733
63 0.137295
64 -0.088346
65 -0.024461
66 0.068554
67 0.033691
68 0.195931
69 -0.149148
70 0.153795
71 -0.135671
72 0.077469
73 -0.060163
74 -0.331382
75 0.191419
76 0.083033
77 -0.203740
78 -0.315636
79 0.326974
80 -0.124860
81 0.007759
82 0.108595
83 0.305826
84 -0.175380
85 -0.016488
86 0.166800
87 -0.400160
88 0.105455
89 0.062919
90 0.220812
91 0.079335
92 0.414478
93 -0.197855
94 -0.075626
95 0.115829
96 0.003698
97 0.100888
98 -0.095172
99 0.014079
100 -0.095225
101 -0.152040
102 -0.010046
103 -0.076871
104 -0.123236
105 -0.161007
106 -0.060455
107 0.035842
108 0.056688
109 -0.056515
110 -0.038966
111 0.071077
112 0.118041
113 0.276380
114 0.188414
115 -0.048105
116 0.118494
117 0.170063
118 0.223769
119 -0.161076
120 0.276903
121 -0.107076
122 0.088331
123 -0.023912
124 -0.081161
125 0.005129
126 -0.245164
127 -0.273525
128 -0.204966
129 0.071474
130 -0.015095
131 0.059239
132 0.081628
133 0.048506
134 -0.047441
135 0.058537
136 0.316423
137 -0.179254
138 0.048878
139 0.384778
140 0.071659
141 0.170662
142 0.086721
143 -0.131045
144 -0.263661
145 -0.339604
146 0.075656
147 -0.146137
148 0.006985
149 -0.003355
150 0.034245
151 -0.015162
152 0.033499
153 -0.292616
154 -0.198391
155 -0.045178
156 0.145023
157 -0.087205
158 0.163481
159 -0.152485
160 -0.151213
161 -0.027163
162 0.048149
163 -0.153403
164 0.121163
165 -0.027031
166 -0.094121
167 0.137728
168 0.107463
169 0.029191
170 -0.487363
171 0.182722
172 -0.319268
173 0.544395
174 0.081197
175 0.018705
176 -0.176522
177 -0.009415
178 -0.383355
179 0.270368
180 -0.013442
181 0.060855
182 -0.017968
183 -0.059984
184 -0.057902
185 -0.075212
186 -0.045693
187 0.065838
188 -0.031497
189 -0.053697
190 0.112298
191 0.017631
192 0.038994
193 0.225946
194 0.047365
195 -0.390538
196 -0.184711
197 -0.151761
198 -0.222881
199 0.117986
200 0.187837
201 -0.087693
202 0.038204
203 -0.371538
204 -0.038765
205 0.176848
206 -0.137854
207 -0.042676
208 0.378619
209 -0.098411
210 0.134625
211 -0.245273
212 -0.249223
213 0.393688
214 -0.283432
215 -0.057167
216 0.144297
217 -0.014823
218 0.184735
219 0.072097
220 0.005833
221 0.258371
222 -0.177965
223 0.070033
224 -0.222038
225 -0.044660
226 0.057113
227 0.117684
228 0.284438
229 0.063367
230 -0.140809
231 -0.157274
232 0.035035
233 0.205180
234 0.108962
235 -0.250952
236 -0.200623
237 0.023718
238 -0.009205
239 0.000805
240 -0.008952
241 0.111230
242 0.128667
243 0.091135
244 -0.137293
245 -0.016190
246 0.106593
247 0.012112
248 -0.209419
249 -0.288769
250 0.117001
251 -0.129867
252 0.010255
253 0.080324
254 0.097919
255 -0.184961
256 -0.091980
257 -0.127075
258 0.006717
259 0.003355
260 -0.214425
261 0.051820
262 -0.332896
263 0.142937
264 0.803982
265 0.677067
266 -0.125480
267 -0.046035
268 0.027009
269 -0.102606
270 -0.089465
271 -0.238833
272 0.231883
273 0.853756
274 -0.197955
275 0.019187
276 0.560557
277 -0.237693
278 -0.173572
279 0.003574
280 -0.014394
281 0.091142
282 -0.088692
283 -0.118333
284 -0.496295
285 0.050136
286 -0.289449
287 -0.009169
288 0.002897
289 -0.054474
290 -0.127226
291 -0.099023
292 -0.053484
293 0.016695
294 0.009590
295 -0.073130
296 -0.061778
297 0.075350
298 -0.150268
299 -0.463019
300 -0.212102
301 -0.077693
302 -0.279184
303 -0.136543
304 -0.202022
305 -0.083072
306 -0.509606
307 0.110071
308 0.012968
309 -0.043321
310 0.105486
311 -0.080109
312 0.063801
313 0.051725
314 -0.095719
315 -0.001354
316 -0.283345
317 0.034267
318 -0.048932
319 -0.112209
320 -0.073171
321 0.134938
322 -0.053945
323 0.152197
324 0.228831
325 -0.040523
326 -0.083297
327 -0.209800
328 -0.355165
329 -0.046569
330 -0.026294
331 -0.235645
332 -0.144087
333 -0.007931
334 -0.181354
335 -0.029631
336 0.120556
337 -0.004444
338 -0.031185
339 -0.071492
340 -0.154531
341 0.047396
342 -0.101144
343 -0.071672
344 -0.051145
345 0.041722
346 0.093035
347 0.087601
348 0.116151
349 -0.031116
350 -0.099650
351 -0.093736
352 -0.151365
353 -0.073205
354 -0.025204
355 -0.145568
356 -0.081891
357 -0.071390
358 0.072999
359 -0.050414
360 -0.001259
361 0.110332
362 0.212726
363 -0.019478
364 -0.221818
365 -0.057567
366 -0.002046
367 -0.169060
368 0.014716
369 -0.025869
370 -0.632039
371 0.167086
372 0.039048
373 -0.071872
374 -0.185358
375 0.387267
376 0.000584
377 -0.079274
378 0.216802
379 -0.049776
380 0.022404
381 -0.079012
382 0.132465
383 -0.081970
384 -0.010557
385 -0.034623
386 0.083580
387 -0.093738
388 -0.153259
389 -0.030073
390 -0.030936
391 -0.073887
392 -0.105590
393 -0.188510
394 -0.084043
395 0.025287
396 0.137682
397 -0.093678
398 -0.090794
399 -0.043940
400 0.019765
401 -0.123784
402 -0.072125
403 0.018541
404 -0.237399
405 -0.010307
406 0.014453
407 -0.091576
408 0.168433
409 -0.022880
410 -0.077852
411 -0.070737
412 0.113423
413 -0.148384
414 -0.105256
415 0.025906
416 0.100652
417 -0.033583
418 0.050602
419 0.104967
420 -0.117441
421 -0.004381
422 -0.113966
423 -0.081032
424 0.038683
425 0.091307
426 -0.077465
427 -0.169846
428 0.085317
429 0.062589
430 -0.124896
431 -0.292503
432 -0.013107
433 -0.064686
434 0.045534
435 -0.084216
436 -0.111226
437 0.019722
438 0.019988
439 0.055654
440 -0.025839
441 0.016391
442 -0.074472
443 -0.152060
444 -0.069881
445 -0.002541
446 0.064456
447 -0.001541
448 -0.092446
449 0.130717
450 0.058344
451 -0.030157
452 -0.098512
453 0.154013
454 0.058333
455 -0.081183
456 -0.115714
457 -0.109492
458 -0.106960
459 -0.110165
460 -0.049089
461 0.043890
462 -0.043870
463 0.049740
464 0.047694
465 -0.114253
466 -0.198358
467 0.047758
468 -0.011235
469 0.115761
470 -0.127065
471 -0.094828
472 0.145295
473 -0.050407
474 -0.124040
475 -0.099460
476 -0.041367
477 0.093011
478 0.029346
479 -0.135372
480 -0.011740
481 -0.010509
482 -0.103585
483 -0.120558
484 0.051977
485 -0.132128
486 0.071145
487 0.093190
488 0.013640
489 -0.131336
490 -0.118215
491 -0.122869
492 -0.125175
493 0.078301
494 -0.151804
495 -0.023215
496 -0.019693
497 -0.049597
498 0.103843
499 -0.145521
500 -0.041552
501 -0.120632
502 0.156302
503 0.118078
504 -0.127693
505 0.119191
506 0.434633
507 -0.184267
508 -0.023445
509 0.155878
510 -0.153873
511 -0.010688
512 -0.002442
513 -0.056656
514 -0.054811
515 -0.029778
516 0.157397
517 0.014489
518 -0.009118
519 0.059536
520 -0.014271
521 0.056603
522 0.078252
523 0.050211
524 0.027611
525 -0.043953
526 -0.074313
527 -0.103410
528 0.099397
529 0.067354
530 0.004031
531 -0.037952
532 0.037144
533 -0.149573
534 -0.006424
535 -0.156906
536 0.095231
537 0.034094
538 -0.069344
539 0.230713
540 0.727696
541 -0.174847
542 -0.076845
543 -0.015721
544 0.065293
545 -0.147156
546 -0.022822
547 0.002120
548 0.127299
549 -0.122623
550 -0.094502
551 0.199514
552 0.118433
553 0.138711
554 0.058620
555 -0.041258
556 0.014198
557 -0.050123
558 -0.088408
559 0.038715
560 -0.026045
561 -0.007337
562 0.103821
563 -0.006280
564 -0.060515
565 0.124779
566 0.133066
567 0.095774
568 -0.459334
569 -0.023001
570 0.090722
571 -0.041717
572 -0.059549
573 0.129006
574 -0.073628
575 0.032099
576 -0.157582
577 -0.112572
578 -0.043185
579 -0.416277
580 -0.091344
581 -0.236978
582 -0.073237
583 0.174385
584 -0.300638
585 0.263173
586 0.196161
587 -0.209942
588 -0.061685
589 -0.305348
590 -0.127337
591 -0.263299
592 0.069585
593 -0.185860
594 -0.216595
595 0.157276
596 -0.376686
597 0.182636
598 0.245202
599 -0.030063
600 0.050193
601 -0.098121
602 0.113639
603 -0.074022
604 -0.179440
605 -0.018710
606 0.301244
607 -0.173384
608 -0.028308
609 -0.176001
610 0.109341
611 -0.157842
612 -0.250165
613 -0.109244
614 -0.042862
615 -0.685594
616 0.221102
617 0.042309
618 0.175162
619 -0.002427
620 0.335014
621 -0.299189
622 0.104921
623 0.123979
624 -0.115754
625 0.177558
626 0.188595
627 -0.097160
628 0.022871
629 -0.110610
630 0.114700
631 -0.080545
632 0.203088
633 0.352282
634 -0.141443
635 -0.146103
636 -0.095403
637 0.452592
638 -0.213425
639 0.192217
640 -0.019588
641 0.319478
642 0.027764
643 0.512037
644 0.056363
645 0.069796
646 0.234345
647 -0.139037
648 0.172060
649 -0.139194
650 0.085470
651 -0.229317
652 0.069767
653 0.022090
654 0.041316
655 0.234183
656 0.159723
657 0.017687
658 0.230123
659 0.456372
660 0.162821
661 -0.119826
662 0.075045
663 0.131282
664 -0.207779
665 0.030806
666 -0.013853
667 0.010629
668 -0.180944
669 0.465106
670 -0.016713
671 0.216647
672 0.228429
673 -0.052449
674 0.028333
675 -0.076367
676 0.240002
677 0.054573
678 -0.103496
679 0.030344
680 0.154309
681 0.147670
682 0.006610
683 0.074345
684 -0.018400
685 0.067969
686 0.215129
687 0.268080
688 -0.058365
689 -0.129036
690 0.073525
691 -0.051902
692 0.356015
693 -0.127763
694 0.348463
695 -0.239808
696 -0.193309
697 0.183462
698 -0.039817
699 0.186195
700 -0.229605
701 -0.153315
702 -0.186021
703 -0.011989
704 0.023802
705 -0.213121
706 0.215847
707 -0.115043
708 0.209388
709 -0.094693
710 0.054771
711 0.101017
712 0.103047
713 0.049540
714 0.517958
715 0.003097
716 0.005102
717 -0.138038
718 0.136092
719 0.341340
720 0.135842
721 0.022688
722 -0.088720
723 -0.149535
724 0.028807
725 -0.178557
726 0.063063
727 0.060182
728 0.215845
729 -0.101704
730 -0.039769
731 -0.090692
732 -0.020390
733 -0.076512
734 -0.033047
735 0.013860
736 -0.221862
737 0.483067
738 -0.072946
739 0.114592
740 0.117041
741 0.198828
742 -0.250656
743 0.161636
744 -0.222370
745 -0.271899
746 -0.229391
747 0.222987
748 -0.076070
749 -0.033458
750 0.125732
751 -0.294811
752 -0.245414
753 0.179532
754 0.016294
755 -0.137021
756 -0.039189
757 0.060198
758 -0.043911
759 -0.237130
760 0.019379
761 0.549633
762 0.106866
763 0.047602
764 0.074647
765 -0.007853
766 -0.055067
767 0.151505
768 0.330560
769 0.198134
770 -0.138175
771 0.149182
772 0.184794
773 -0.092971
774 -0.037002
775 0.027805
776 -0.104865
777 0.046395
778 0.382034
779 0.020285
780 0.113475
781 0.213439
782 0.187729
783 0.116231
784 -0.016239
785 -0.185248
786 0.035231
787 0.347825
788 -0.040308
789 -0.107888
790 -0.057558
791 0.267447
792 0.170461
793 0.161130
794 -0.105420
795 0.205888
796 -0.055968
797 0.220149
798 0.088301
799 -0.175662
800 -0.171450
801 0.340912
802 -0.203596
803 0.127960
804 0.099569
805 -0.054175
806 0.117864
807 0.284218
808 -0.099770
809 0.215013
810 0.173108
811 -0.131069
812 -0.001070
813 0.458361
814 0.070733
815 -0.023823
816 -0.043171
817 0.048049
818 -0.062269
819 0.196252
820 0.143073
821 0.112924
822 0.082507
823 0.381454
824 0.335553
825 -0.238844
826 -0.070033
827 0.053707
828 -0.193272
829 -0.201269
830 0.279985
831 -0.101337
832 0.090231
833 -0.036173
834 0.185976
835 0.013227
836 0.264327
837 0.044848
838 -0.232639
839 0.084739
840 -0.046126
841 -0.023565
842 0.004371
843 0.131743
844 0.074387
845 -0.123144
846 -0.248446
847 0.201082
848 0.086156
849 0.148297
850 0.059340
851 -0.263492
852 -0.264683
853 0.204460
854 -0.097779
855 0.108086
856 -0.194523
857 0.022600
858 -0.009035
859 -0.097949
860 0.041315
861 0.134221
862 0.112841
863 0.098341
864 -0.023914
865 0.074051
866 -0.031234
867 0.304920
868 -0.005107
869 -0.028906
870 0.439626
871 -0.004611
872 0.079217
873 0.145679
874 0.049590
875 -0.010055
876 -0.179967
877 -0.224350
878 0.063706
879 0.260308
880 -0.136174
881 -0.258881
882 -0.107797
883 0.112336
884 -0.130509
885 -0.038634
886 0.335466
887 -0.029262
888 0.185121
889 -0.046389
890 -0.230876
891 0.055609
892 0.163283
893 -0.080825
894 0.062800
895 -0.059525
896 0.064496
897 0.062035
898 0.113034
899 0.039162
900 0.073595
901 0.213205
902 -0.058790
903 0.003774
904 0.118255
905 -0.007853
906 0.010041
907 0.092171
908 0.049615
909 -0.059814
910 0.502031
911 -0.082135
912 -0.026914
913 0.228207
914 0.046030
915 0.094791
916 0.277298
917 0.101932
918 -0.174633
919 0.030935
920 0.268471
921 0.391440
922 -0.136336
923 -0.105808
924 -0.069745
925 -0.128571
926 0.278526
927 0.057244
928 -0.156125
929 -0.027865
930 0.243797
931 0.144157
932 -0.177245
933 0.090478
934 0.189501
935 0.107388
936 0.112273
937 -0.113052
938 0.028479
939 0.096502
940 0.194214
941 -0.144324
942 0.086437
943 -0.029161
944 -0.077483
945 0.086623
946 0.058901
947 -0.194206
948 0.070577
949 0.072102
950 0.144701
951 0.224370
952 -0.019718
953 0.385924
954 0.057782
955 -0.127459
956 0.246464
957 0.162150
958 0.032165
959 0.060222
960 0.319251
961 -0.136706
962 0.126100
963 0.262847
964 -0.321873
965 0.189653
966 0.175183
967 0.173960
968 0.044077
969 0.084780
970 0.223193
971 0.099248
972 -0.020303
973 -0.120729
974 0.021796
975 -0.170047
976 0.023968
977 0.058370
978 -0.152493
979 -0.133496
980 0.034195
981 0.252009
982 -0.117279
983 -0.062204
984 0.159908
985 -0.079913
986 -0.029572
987 0.084133
988 0.002688
989 0.031658
990 0.112950
991 -0.043591
992 0.006740
993 0.330055
994 -0.360391
995 -0.083004
996 -0.061276
997 -0.152149
998 0.214968
999 0.049680
1000 0.261946
1001 0.045515
1002 0.193608
1003 -0.041589
1004 0.391560
1005 -0.532533
1006 -0.065589
1007 0.313445
1008 0.027912
1009 0.148759
1010 -0.153414
1011 -0.201084
1012 0.045098
1013 -0.059320
1014 0.189717
1015 -0.051171
1016 0.147218
1017 0.201810
1018 -0.137543
1019 -0.057122
1020 0.367843
1021 -0.151936
1022 -0.142633
1023 0.249235
1024 -0.500761
1025 -0.021206
1026 -0.117250
1027 0.306068
1028 -0.015481
1029 -0.185108
1030 -0.094244
1031 0.142619
1032 -0.011245
1033 -0.101032
1034 0.057422
1035 0.253486
1036 0.031586
1037 0.026023
1038 -0.048207
1039 -0.124588
1040 -0.360966
1041 0.032568
1042 0.371401
1043 0.037665
1044 0.210706
1045 0.008232
1046 0.207972
1047 -0.135424
1048 0.179944
1049 -0.142153
1050 -0.001365
1051 0.233568
1052 0.100823
1053 0.207293
1054 0.219171
1055 0.049001
1056 0.054555
1057 -0.060742
1058 0.117868
1059 0.440460
1060 -0.031913
1061 -0.192415
1062 -0.126734
1063 0.182843
1064 0.057641
1065 -0.131082
1066 0.229203
1067 0.133122
1068 -0.153565
1069 -0.192335
1070 0.087455
1071 0.159689
1072 0.178154
1073 0.117798
1074 0.101967
1075 -0.181003
1076 -0.004325
1077 -0.061092
1078 -0.174806
1079 0.087184
1080 0.174547
1081 0.214175
1082 0.019371
1083 -0.232274
1084 0.176293
1085 0.098075
1086 0.085766
1087 -0.101817
1088 0.050671
1089 -0.230591
1090 0.091383
1091 -0.274999
1092 -0.210450
1093 0.179891
1094 -0.176023
1095 0.023978
1096 0.540602
1097 0.448755
1098 0.054663
1099 -0.049117
1100 -0.051666
1101 -0.028721
1102 0.257174
1103 0.051912
1104 0.056106
1105 0.199121
1106 -0.116326
1107 0.082800
1108 0.209101
1109 -0.142191
1110 0.153760
1111 -0.115898
1112 0.011852
1113 0.177933
1114 0.292519
1115 0.181382
1116 -0.106199
1117 0.111124
1118 -0.171357
1119 0.331267
1120 0.069080
1121 -0.064939
1122 -0.063539
1123 0.231955
1124 0.043843
1125 -0.047274
1126 0.064869
1127 -0.137261
1128 0.011794
1129 0.163331
1130 0.026469
1131 -0.021254
1132 0.228333
1133 -0.098295
1134 0.084665
1135 0.163863
1136 0.412737
1137 0.089184
1138 0.177013
1139 -0.158530
1140 0.089102
1141 -0.010586
1142 0.129833
1143 -0.121011
1144 0.290081
1145 0.190273
1146 -0.202374
1147 0.220992
1148 -0.112815
1149 0.297973
1150 0.113980
1151 0.179317
1152 -0.061579
1153 -0.278693
1154 -0.173903
1155 0.137305
1156 -0.064673
1157 -0.118249
1158 0.068021
1159 0.290376
1160 -0.290901
1161 -0.010467
1162 -0.157043
1163 0.122651
1164 0.362027
1165 0.146718
1166 -0.357876
1167 0.025310
1168 -0.066883
1169 0.149965
1170 0.324387
1171 0.089650
1172 0.009944
1173 0.347076
1174 0.384135
1175 0.293912
1176 -0.056119
1177 -0.481145
1178 0.201607
1179 0.044718
1180 0.112890
1181 0.318468
1182 0.023749
1183 -0.238344
1184 -0.099971
1185 0.149598
1186 0.204409
1187 -0.285477
1188 0.067492
1189 0.039140
1190 0.057464
1191 0.041313
1192 0.218618
1193 0.114122
1194 -0.147763
1195 0.098656
1196 0.282271
1197 0.077428
1198 0.011787
1199 -0.069834
1200 -0.009357
1201 -0.123204
1202 0.089032
1203 0.079519
1204 0.228000
1205 0.144768
1206 -0.078759
1207 0.102714
1208 -0.069265
1209 -0.142609
1210 0.095374
1211 0.144888
1212 0.286591
1213 0.025847
1214 -0.240682
1215 -0.118307
1216 0.244953
1217 -0.067929
1218 0.096899
1219 0.160711
1220 0.116853
1221 0.154050
1222 0.030993
1223 0.109405
0 -0.378249
1 -0.316369
2 -0.209386
3 0.049318
4 0.202413
5 -0.166746
6 0.223474
7 0.081841
8 0.082008
9 0.286755
10 0.186309
11 -0.300440
12 -0.008174
13 0.163166
14 0.302281
15 0.098314
16 0.041556
17 -0.022720
18 0.033379
19 0.369015
20 0.083231
21 -0.208244
22 0.028124
23 -0.003339
24 -0.418766
25 0.106203
26 -0.164134
27 -0.177058
28 0.152964
29 0.047619
30 0.146215
31 0.193429
32 -0.325061
33 -0.086377
34 -0.139662
35 -0.054267
36 -0.288883
37 -0.074155
38 0.045322
39 0.159897
40 0.352363
41 -0.108371
42 0.014617
43 0.233489
44 -0.056930
45 0.024624
46 0.220518
47 0.260305
48 0.051941
49 -0.016570
50 0.181253
51 0.227575
52 -0.276148
53 -0.113355
54 0.106826
55 -0.197402
56 -0.103358
57 -0.383158
58 -0.108044
59 0.004431
60 -0.194113
61 -0.014896
62 0.040733
63 0.137295
64 -0.088346
65 -0.024461
66 0.068554
67 0.033691
68 0.195931
69 -0.149148
70 0.153795
71 -0.135671
72 0.077469
73 -0.060163
74 -0.331382
75 0.191419
76 0.083033
77 -0.203740
78 -0.315636
79 0.326974
80 -0.124860
81 0.007759
82 0.108595
83 0.305826
84 -0.175380
85 -0.016488
86 0.166800
87 -0.400160
88 0.105455
89 0.062919
90 0.220812
91 0.079335
92 0.414478
93 -0.197855
94 -0.075626
95 0.115829
96 0.003698
97 0.100888
98 -0.095172
99 0.014079
100 -0.095225
101 -0.152040
102 -0.010046
103 -0.076871
104 -0.123236
105 -0.161007
106 -0.060455
107 0.035842
108 0.056688
109 -0.056515
110 -0.038966
111 0.071077
112 0.118041
113 0.276380
114 0.188414
115 -0.048105
116 0.118494
117 0.170063
118 0.223769
119 -0.161076
120 0.276903
121 -0.107076
122 0.088331
123 -0.023912
124 -0.081161
125 0.005129
126 -0.245164
127 -0.273525
128 -0.204966
129 0.071474
130 -0.015095
131 0.059239
132 0.081628
133 0.048506
134 -0.047441
135 0.058537
136 0.316423
137 -0.179254
138 0.048878
139 0.384778
140 0.071659
141 0.170662
142 0.086721
143 -0.131045
144 -0.263661
145 -0.339604
146 0.075656
147 -0.146137
148 0.006985
149 -0.003355
150 0.034245
151 -0.015162
152 0.033499
153 -0.292616
154 -0.198391
155 -0.045178
156 0.145023
157 -0.087205
158 0.163481
159 -0.152485
160 -0.151213
161 -0.027163
162 0.048149
163 -0.153403
164 0.121163
165 -0.027031
166 -0.094121
167 0.137728
168 0.107463
169 0.029191
170 -0.487363
171 0.182722
172 -0.319268
173 0.544395
174 0.081197
175 0.018705
176 -0.176522
177 -0.009415
178 -0.383355
179 0.270368
180 -0.013442
181 0.060855
182 -0.017968
183 -0.059984
184 -0.057902
185 -0.075212
186 -0.045693
187 0.065838
188 -0.031497
189 -0.053697
190 0.112298
191 0.017631
192 0.038994
193 0.225946
194 0.047365
195 -0.390538
196 -0.184711
197 -0.151761
198 -0.222881
199 0.117986
200 0.187837
201 -0.087693
202 0.038204
203 -0.371538
204 -0.038765
205 0.176848
206 -0.137854
207 -0.042676
208 0.378619
209 -0.098411
210 0.134625
211 -0.245273
212 -0.249223
213 0.393688
214 -0.283432
215 -0.057167
216 0.144297
217 -0.014823
218 0.184735
219 0.072097
220 0.005833
221 0.258371
222 -0.177965
223 0.070033
224 -0.222038
225 -0.044660
226 0.057113
227 0.117684
228 0.284438
229 0.063367
230 -0.140809
231 -0.157274
232 0.035035
233 0.205180
234 0.108962
235 -0.250952
236 -0.200623
237 0.023718
238 -0.009205
239 0.000805
240 -0.008952
241 0.111230
242 0.128667
243 0.091135
244 -0.137293
245 -0.016190
246 0.106593
247 0.012112
248 -0.209419
249 -0.288769
250 0.117001
251 -0.129867
252 0.010255
253 0.080324
254 0.097919
255 -0.184961
256 -0.091980
257 -0.127075
258 0.006717
259 0.003355
260 -0.214425
261 0.051820
262 -0.332896
263 0.142937
264 0.803982
265 0.677067
266 -0.125480
267 -0.046035
268 0.027009
269 -0.102606
270 -0.089465
271 -0.238833
272 0.231883
273 0.853756
274 -0.197955
275 0.019187
276 0.560557
277 -0.237693
278 -0.173572
279 0.003574
280 -0.014394
281 0.091142
282 -0.088692
283 -0.118333
284 -0.496295
285 0.050136
286 -0.289449
287 -0.009169
288 0.002897
289 -0.054474
290 -0.127226
291 -0.099023
292 -0.053484
293 0.016695
294 0.009590
295 -0.073130
296 -0.061778
297 0.075350
298 -0.150268
299 -0.463019
300 -0.212102
301 -0.077693
302 -0.279184
303 -0.136543
304 -0.202022
305 -0.083072
306 -0.509606
307 0.110071
308 0.012968
309 -0.043321
310 0.105486
311 -0.080109
312 0.063801
313 0.051725
314 -0.095719
315 -0.001354
316 -0.283345
317 0.034267
318 -0.048932
319 -0.112209
320 -0.073171
321 0.134938
322 -0.053945
323 0.152197
324 0.228831
325 -0.040523
326 -0.083297
327 -0.209800
328 -0.355165
329 -0.046569
330 -0.026294
331 -0.235645
332 -0.144087
333 -0.007931
334 -0.181354
335 -0.029631
336 0.120556
337 -0.004444
338 -0.031185
339 -0.071492
340 -0.154531
341 0.047396
342 -0.101144
343 -0.071672
344 -0.051145
345 0.041722
346 0.093035
347 0.087601
348 0.116151
349 -0.031116
350 -0.099650
351 -0.093736
352 -0.151365
353 -0.073205
354 -0.025204
355 -0.145568
356 -0.081891
357 -0.071390
358 0.072999
359 -0.050414
360 -0.001259
361 0.110332
362 0.212726
363 -0.019478
364 -0.221818
365 -0.057567
366 -0.002046
367 -0.169060
368 0.014716
369 -0.025869
370 -0.632039
371 0.167086
372 0.039048
373 -0.071872
374 -0.185358
375 0.387267
376 0.000584
377 -0.079274
378 0.216802
379 -0.049776
380 0.022404
381 -0.079012
382 0.132465
383 -0.081970
384 -0.010557
385 -0.034623
386 0.083580
387 -0.093738
388 -0.153259
389 -0.030073
390 -0.030936
391 -0.073887
392 -0.105590
393 -0.188510
394 -0.084043
395 0.025287
396 0.137682
397 -0.093678
398 -0.090794
399 -0.043940
400 0.019765
401 -0.123784
402 -0.072125
403 0.018541
404 -0.237399
405 -0.010307
406 0.014453
407 -0.091576
408 0.168433
409 -0.022880
410 -0.077852
411 -0.070737
412 0.113423
413 -0.148384
414 -0.105256
415 0.025906
416 0.100652
417 -0.033583
418 0.050602
419 0.104967
420 -0.117441
421 -0.004381
422 -0.113966
423 -0.081032
424 0.038683
425 0.091307
426 -0.077465
427 -0.169846
428 0.085317
429 0.062589
430 -0.124896
431 -0.292503
432 -0.013107
433 -0.064686
434 0.045534
435 -0.084216
436 -0.111226
437 0.019722
438 0.019988
439 0.055654
440 -0.025839
441 0.016391
442 -0.074472
443 -0.152060
444 -0.069881
445 -0.002541
446 0.064456
447 -0.001541
448 -0.092446
449 0.130717
450 0.058344
451 -0.030157
452 -0.098512
453 0.154013
454 0.058333
455 -0.081183
456 -0.115714
457 -0.109492
458 -0.106960
459 -0.110165
460 -0.049089
461 0.043890
462 -0.043870
463 0.049740
464 0.047694
465 -0.114253
466 -0.198358
467 0.047758
468 -0.011235
469 0.115761
470 -0.127065
471 -0.094828
472 0.145295
473 -0.050407
474 -0.124040
475 -0.099460
476 -0.041367
477 0.093011
478 0.029346
479 -0.135372
480 -0.011740
481 -0.010509
482 -0.103585
483 -0.120558
484 0.051977
485 -0.132128
486 0.071145
487 0.093190
488 0.013640
489 -0.131336
490 -0.118215
491 -0.122869
492 -0.125175
493 0.078301
494 -0.151804
495 -0.023215
496 -0.019693
497 -0.049597
498 0.103843
499 -0.145521
500 -0.041552
501 -0.120632
502 0.156302
503 0.118078
504 -0.127693
505 0.119191
506 0.434633
507 -0.184267
508 -0.023445
509 0.155878
510 -0.153873
511 -0.010688
512 -0.002442
513 -0.056656
514 -0.054811
515 -0.029778
516 0.157397
517 0.014489
518 -0.009118
519 0.059536
520 -0.014271
521 0.056603
522 0.078252
523 0.050211
524 0.027611
525 -0.043953
526 -0.074313
527 -0.103410
528 0.099397
529 0.067354
530 0.004031
531 -0.037952
532 0.037144
533 -0.149573
534 -0.006424
535 -0.156906
536 0.095231
537 0.034094
538 -0.069344
539 0.230713
540 0.727696
541 -0.174847
542 -0.076845
543 -0.015721
544 0.065293
545 -0.147156
546 -0.022822
547 0.002120
548 0.127299
549 -0.122623
550 -0.094502
551 0.199514
552 0.118433
553 0.138711
554 0.058620
555 -0.041258
556 0.014198
557 -0.050123
558 -0.088408
559 0.038715
560 -0.026045
561 -0.007337
562 0.103821
563 -0.006280
564 -0.060515
565 0.124779
566 0.133066
567 0.095774
568 -0.459334
569 -0.023001
570 0.090722
571 -0.041717
572 -0.059549
573 0.129006
574 -0.073628
575 0.032099
576 -0.157582
577 -0.112572
578 -0.043185
579 -0.416277
580 -0.091344
581 -0.236978
582 -0.073237
583 0.174385
584 -0.300638
585 0.263173
586 0.196161
587 -0.209942
588 -0.061685
589 -0.305348
590 -0.127337
591 -0.263299
592 0.069585
593 -0.185860
594 -0.216595
595 0.157276
596 -0.376686
597 0.182636
598 0.245202
599 -0.030063
600 0.050193
601 -0.098121
602 0.113639
603 -0.074022
604 -0.179440
605 -0.018710
606 0.301244
607 -0.173384
608 -0.028308
609 -0.176001
610 0.109341
611 -0.157842
612 -0.250165
613 -0.109244
614 -0.042862
615 -0.685594
616 0.221102
617 0.042309
618 0.175162
619 -0.002427
620 0.335014
621 -0.299189
622 0.104921
623 0.123979
624 -0.115754
625 0.177558
626 0.188595
627 -0.097160
628 0.022871
629 -0.110610
630 0.114700
631 -0.080545
632 0.203088
633 0.352282
634 -0.141443
635 -0.146103
636 -0.095403
637 0.452592
638 -0.213425
639 0.192217
640 -0.019588
641 0.319478
642 0.027764
643 0.512037
644 0.056363
645 0.069796
646 0.234345
647 -0.139037
648 0.172060
649 -0.139194
650 0.085470
651 -0.229317
652 0.069767
653 0.022090
654 0.041316
655 0.234183
656 0.159723
657 0.017687
658 0.230123
659 0.456372
660 0.162821
661 -0.119826
662 0.075045
663 0.131282
664 -0.207779
665 0.030806
666 -0.013853
667 0.010629
668 -0.180944
669 0.465106
670 -0.016713
671 0.216647
672 0.228429
673 -0.052449
674 0.028333
675 -0.076367
676 0.240002
677 0.054573
678 -0.103496
679 0.030344
680 0.154309
681 0.147670
682 0.006610
683 0.074345
684 -0.018400
685 0.067969
686 0.215129
687 0.268080
688 -0.058365
689 -0.129036
690 0.073525
691 -0.051902
692 0.356015
693 -0.127763
694 0.348463
695 -0.239808
696 -0.193309
697 0.183462
698 -0.039817
699 0.186195
700 -0.229605
701 -0.153315
702 -0.186021
703 -0.011989
704 0.023802
705 -0.213121
706 0.215847
707 -0.115043
708 0.209388
709 -0.094693
710 0.054771
711 0.101017
712 0.103047
713 0.049540
714 0.517958
715 0.003097
716 0.005102
717 -0.138038
718 0.136092
719 0.341340
720 0.135842
721 0.022688
722 -0.088720
723 -0.149535
724 0.028807
725 -0.178557
726 0.063063
727 0.060182
728 0.215845
729 -0.101704
730 -0.039769
731 -0.090692
732 -0.020390
733 -0.076512
734 -0.033047
735 0.013860
736 -0.221862
737 0.483067
738 -0.072946
739 0.114592
740 0.117041
741 0.198828
742 -0.250656
743 0.161636
744 -0.222370
745 -0.271899
746 -0.229391
747 0.222987
748 -0.076070
749 -0.033458
750 0.125732
751 -0.294811
752 -0.245414
753 0.179532
754 0.016294
755 -0.137021
756 -0.039189
757 0.060198
758 -0.043911
759 -0.237130
760 0.019379
761 0.549633
762 0.106866
763 0.047602
764 0.074647
765 -0.007853
766 -0.055067
767 0.151505
768 0.330560
769 0.198134
770 -0.138175
771 0.149182
772 0.184794
773 -0.092971
774 -0.037002
775 0.027805
776 -0.104865
777 0.046395
778 0.382034
779 0.020285
780 0.113475
781 0.213439
782 0.187729
783 0.116231
784 -0.016239
785 -0.185248
786 0.035231
787 0.347825
788 -0.040308
789 -0.107888
790 -0.057558
791 0.267447
792 0.170461
793 0.161130
794 -0.105420
795 0.205888
796 -0.055968
797 0.220149
798 0.088301
799 -0.175662
800 -0.171450
801 0.340912
802 -0.203596
803 0.127960
804 0.099569
805 -0.054175
806 0.117864
807 0.284218
808 -0.099770
809 0.215013
810 0.173108
811 -0.131069
812 -0.001070
813 0.458361
814 0.070733
815 -0.023823
816 -0.043171
817 0.048049
818 -0.062269
819 0.196252
820 0.143073
821 0.112924
822 0.082507
823 0.381454
824 0.335553
825 -0.238844
826 -0.070033
827 0.053707
828 -0.193272
829 -0.201269
830 0.279985
831 -0.101337
832 0.090231
833 -0.036173
834 0.185976
835 0.013227
836 0.264327
837 0.044848
838 -0.232639
839 0.084739
840 -0.046126
841 -0.023565
842 0.004371
843 0.131743
844 0.074387
845 -0.123144
846 -0.248446
847 0.201082
848 0.086156
849 0.148297
850 0.059340
851 -0.263492
852 -0.264683
853 0.204460
854 -0.097779
855 0.108086
856 -0.194523
857 0.022600
858 -0.009035
859 -0.097949
860 0.041315
861 0.134221
862 0.112841
863 0.098341
864 -0.023914
865 0.074051
866 -0.031234
867 0.304920
868 -0.005107
869 -0.028906
870 0.439626
871 -0.004611
872 0.079217
873 0.145679
874 0.049590
875 -0.010055
876 -0.179967
877 -0.224350
878 0.063706
879 0.260308
880 -0.136174
881 -0.258881
882 -0.107797
883 0.112336
884 -0.130509
885 -0.038634
886 0.335466
887 -0.029262
888 0.185121
889 -0.046389
890 -0.230876
891 0.055609
892 0.163283
893 -0.080825
894 0.062800
895 -0.059525
896 0.064496
897 0.062035
898 0.113034
899 0.039162
900 0.073595
901 0.213205
902 -0.058790
903 0.003774
904 0.118255
905 -0.007853
906 0.010041
907 0.092171
908 0.049615
909 -0.059814
910 0.502031
911 -0.082135
912 -0.026914
913 0.228207
914 0.046030
915 0.094791
916 0.277298
917 0.101932
918 -0.174633
919 0.030935
920 0.268471
921 0.391440
922 -0.136336
923 -0.105808
924 -0.069745
925 -0.128571
926 0.278526
927 0.057244
928 -0.156125
929 -0.027865
930 0.243797
931 0.144157
932 -0.177245
933 0.090478
934 0.189501
935 0.107388
936 0.112273
937 -0.113052
938 0.028479
939 0.096502
940 0.194214
941 -0.144324
942 0.086437
943 -0.029161
944 -0.077483
945 0.086623
946 0.058901
947 -0.194206
948 0.070577
949 0.072102
950 0.144701
951 0.224370
952 -0.019718
953 0.385924
954 0.057782
955 -0.127459
956 0.246464
957 0.162150
958 0.032165
959 0.060222
960 0.319251
961 -0.136706
962 0.126100
963 0.262847
964 -0.321873
965 0.189653
966 0.175183
967 0.173960
968 0.044077
969 0.084780
970 0.223193
971 0.099248
972 -0.020303
973 -0.120729
974 0.021796
975 -0.170047
976 0.023968
977 0.058370
978 -0.152493
979 -0.133496
980 0.034195
981 0.252009
982 -0.117279
983 -0.062204
984 0.159908
985 -0.079913
986 -0.029572
987 0.084133
988 0.002688
989 0.031658
990 0.112950
991 -0.043591
992 0.006740
993 0.330055
994 -0.360391
995 -0.083004
996 -0.061276
997 -0.152149
998 0.214968
999 0.049680
1000 0.261946
1001 0.045515
1002 0.193608
1003 -0.041589
1004 0.391560
1005 -0.532533
1006 -0.065589
1007 0.313445
1008 0.027912
1009 0.148759
1010 -0.153414
1011 -0.201084
1012 0.045098
1013 -0.059320
1014 0.189717
1015 -0.051171
1016 0.147218
1017 0.201810
1018 -0.137543
1019 -0.057122
1020 0.367843
1021 -0.151936
1022 -0.142633
1023 0.249235
1024 -0.500761
1025 -0.021206
1026 -0.117250
1027 0.306068
1028 -0.015481
1029 -0.185108
1030 -0.094244
1031 0.142619
1032 -0.011245
1033 -0.101032
1034 0.057422
1035 0.253486
1036 0.031586
1037 0.026023
1038 -0.048207
1039 -0.124588
1040 -0.360966
1041 0.032568
1042 0.371401
1043 0.037665
1044 0.210706
1045 0.008232
1046 0.207972
1047 -0.135424
1048 0.179944
1049 -0.142153
1050 -0.001365
1051 0.233568
1052 0.100823
1053 0.207293
1054 0.219171
1055 0.049001
1056 0.054555
1057 -0.060742
1058 0.117868
1059 0.440460
1060 -0.031913
1061 -0.192415
1062 -0.126734
1063 0.182843
1064 0.057641
1065 -0.131082
1066 0.229203
1067 0.133122
1068 -0.153565
1069 -0.192335
1070 0.087455
1071 0.159689
1072 0.178154
1073 0.117798
1074 0.101967
1075 -0.181003
1076 -0.004325
1077 -0.061092
1078 -0.174806
1079 0.087184
1080 0.174547
1081 0.214175
1082 0.019371
1083 -0.232274
1084 0.176293
1085 0.098075
1086 0.085766
1087 -0.101817
1088 0.050671
1089 -0.230591
1090 0.091383
1091 -0.274999
1092 -0.210450
1093 0.179891
1094 -0.176023
1095 0.023978
1096 0.540602
1097 0.448755
1098 0.054663
1099 -0.049117
1100 -0.051666
1101 -0.028721
1102 0.257174
1103 0.051912
1104 0.056106
1105 0.199121
1106 -0.116326
1107 0.082800
1108 0.209101
1109 -0.142191
1110 0.153760
1111 -0.115898
1112 0.011852
1113 0.177933
1114 0.292519
1115 0.181382
1116 -0.106199
1117 0.111124
1118 -0.171357
1119 0.331267
1120 0.069080
1121 -0.064939
1122 -0.063539
1123 0.231955
1124 0.043843
1125 -0.047274
1126 0.064869
1127 -0.137261
1128 0.011794
1129 0.163331
1130 0.026469
1131 -0.021254
1132 0.228333
1133 -0.098295
1134 0.084665
1135 0.163863
1136 0.412737
1137 0.089184
1138 0.177013
1139 -0.158530
1140 0.089102
1141 -0.010586
1142 0.129833
1143 -0.121011
1144 0.290081
1145 0.190273
1146 -0.202374
1147 0.220992
1148 -0.112815
1149 0.297973
1150 0.113980
1151 0.179317
1152 -0.061579
1153 -0.278693
1154 -0.173903
1155 0.137305
1156 -0.064673
1157 -0.118249
1158 0.068021
1159 0.290376
1160 -0.290901
1161 -0.010467
1162 -0.157043
1163 0.122651
1164 0.362027
1165 0.146718
1166 -0.357876
1167 0.025310
1168 -0.066883
1169 0.149965
1170 0.324387
1171 0.089650
1172 0.009944
1173 0.347076
1174 0.384135
1175 0.293912
1176 -0.056119
1177 -0.481145
1178 0.201607
1179 0.044718
1180 0.112890
1181 0.318468
1182 0.023749
1183 -0.238344
1184 -0.099971
1185 0.149598
1186 0.204409
1187 -0.285477
1188 0.067492
1189 0.039140
1190 0.057464
1191 0.041313
1192 0.218618
1193 0.114122
1194 -0.147763
1195 0.098656
1196 0.282271
1197 0.077428
1198 0.011787
1199 -0.069834
1200 -0.009357
1201 -0.123204
1202 0.089032
1203 0.079519
1204 0.228000
1205 0.144768
1206 -0.078759
1207 0.102714
1208 -0.069265
1209 -0.142609
1210 0.095374
1211 0.144888
1212 0.286591
1213 0.025847
1214 -0.240682
1215 -0.118307
1216 0.244953
1217 -0.067929
1218 0.096899
1219 0.160711
1220 0.116853
1221 0.154050
1222 0.030993
1223 0.109405
0 -0.378249
1 -0.316369
2 -0.209386
3 0.049318
4 0.202413
5 -0.166746
6 0.223474
7 0.081841
8 0.082008
9 0.286755
10 0.186309
11 -0.300440
12 -0.008174
13 0.163166
14 0.302281
15 0.098314
16 0.041556
17 -0.022720
18 0.033379
19 0.369015
20 0.083231
21 -0.208244
22 0.028124
23 -0.003339
24 -0.418766
25 0.106203
26 -0.164134
27 -0.177058
28 0.152964
29 0.047619
30 0.146215
31 0.193429
32 -0.325061
33 -0.086377
34 -0.139662
35 -0.054267
36 -0.288883
37 -0.074155
38 0.045322
39 0.159897
40 0.352363
41 -0.108371
42 0.014617
43 0.233489
44 -0.056930
45 0.024624
46 0.220518
47 0.260305
48 0.051941
49 -0.016570
50 0.181253
51 0.227575
52 -0.276148
53 -0.113355
54 0.106826
55 -0.197402
56 -0.103358
57 -0.383158
58 -0.108044
59 0.004431
60 -0.194113
61 -0.014896
62 0.040733
63 0.137295
64 -0.088346
65 -0.024461
66 0.068554
67 0.033691
68 0.195931
69 -0.149148
70 0.153795
71 -0.135671
72 0.077469
73 -0.060163
74 -0.331382
75 0.191419
76 0.083033
77 -0.203740
78 -0.315636
79 0.326974
80 -0.124860
81 0.007759
82 0.108595
83 0.305826
84 -0.175380
85 -0.016488
86 0.166800
87 -0.400160
88 0.105455
89 0.062919
90 0.220812
91 0.079335
92 0.414478
93 -0.197855
94 -0.075626
95 0.115829
96 0.003698
97 0.100888
98 -0.095172
99 0.014079
100 -0.095225
101 -0.152040
102 -0.010046
103 -0.076871
104 -0.123236
105 -0.161007
106 -0.060455
107 0.035842
108 0.056688
109 -0.056515
110 -0.038966
111 0.071077
112 0.118041
113 0.276380
114 0.188414
115 -0.048105
116 0.118494
117 0.170063
118 0.223769
119 -0.161076
120 0.276903
121 -0.107076
122 0.088331
123 -0.023912
124 -0.081161
125 0.005129
126 -0.245164
127 -0.273525
128 -0.204966
129 0.071474
130 -0.015095
131 0.059239
132 0.081628
133 0.048506
134 -0.047441
135 0.058537
136 0.316423
137 -0.179254
138 0.048878
139 0.384778
140 0.071659
141 0.170662
142 0.086721
143 -0.131045
144 -0.263661
145 -0.339604
146 0.075656
147 -0.146137
148 0.006985
149 -0.003355
150 0.034245
151 -0.015162
152 0.033499
153 -0.292616
154 -0.198391
155 -0.045178
156 0.145023
157 -0.087205
158 0.163481
159 -0.152485
160 -0.151213
161 -0.027163
162 0.048149
163 -0.153403
164 0.121163
165 -0.027031
166 -0.094121
167 0.137728
168 0.107463
169 0.029191
170 -0.487363
171 0.182722
172 -0.319268
173 0.544395
174 0.081197
175 0.018705
176 -0.176522
177 -0.009415
178 -0.383355
179 0.270368
180 -0.013442
181 0.060855
182 -0.017968
183 -0.059984
184 -0.057902
185 -0.075212
186 -0.045693
187 0.065838
188 -0.031497
189 -0.053697
190 0.112298
191 0.017631
192 0.038994
193 0.225946
194 0.047365
195 -0.390538
196 -0.184711
197 -0.151761
198 -0.222881
199 0.117986
200 0.187837
201 -0.087693
202 0.038204
203 -0.371538
204 -0.038765
205 0.176848
206 -0.137854
207 -0.042676
208 0.378619
209 -0.098411
210 0.134625
211 -0.245273
212 -0.249223
213 0.393688
214 -0.283432
215 -0.057167
216 0.144297
217 -0.014823
218 0.184735
219 0.072097
220 0.005833
221 0.258371
222 -0.177965
223 0.070033
224 -0.222038
225 -0.044660
226 0.057113
227 0.117684
228 0.284438
229 0.063367
230 -0.140809
231 -0.157274
232 0.035035
233 0.205180
234 0.108962
235 -0.250952
236 -0.200623
237 0.023718
238 -0.009205
239 0.000805
240 -0.008952
241 0.111230
242 0.128667
243 0.091135
244 -0.137293
245 -0.016190
246 0.106593
247 0.012112
248 -0.209419
249 -0.288769
250 0.117001
251 -0.129867
252 0.010255
253 0.080324
254 0.097919
255 -0.184961
256 -0.091980
257 -0.127075
258 0.006717
259 0.003355
260 -0.214425
261 0.051820
262 -0.332896
263 0.142937
264 0.803982
265 0.677067
266 -0.125480
267 -0.046035
268 0.027009
269 -0.102606
270 -0.089465
271 -0.238833
272 0.231883
273 0.853756
274 -0.197955
275 0.019187
276 0.560557
277 -0.237693
278 -0.173572
279 0.003574
280 -0.014394
281 0.091142
282 -0.088692
283 -0.118333
284 -0.496295
285 0.050136
286 -0.289449
287 -0.009169
288 0.002897
289 -0.054474
290 -0.127226
291 -0.099023
292 -0.053484
293 0.016695
294 0.009590
295 -0.073130
296 -0.061778
297 0.075350
298 -0.150268
299 -0.463019
300 -0.212102
301 -0.077693
302 -0.279184
303 -0.136543
304 -0.202022
305 -0.083072
306 -0.509606
307 0.110071
308 0.012968
309 -0.043321
310 0.105486
311 -0.080109
312 0.063801
313 0.051725
314 -0.095719
315 -0.001354
316 -0.283345
317 0.034267
318 -0.048932
319 -0.112209
320 -0.073171
321 0.134938
322 -0.053945
323 0.152197
324 0.228831
325 -0.040523
326 -0.083297
327 -0.209800
328 -0.355165
329 -0.046569
330 -0.026294
331 -0.235645
332 -0.144087
333 -0.007931
334 -0.181354
335 -0.029631
336 0.120556
337 -0.004444
338 -0.031185
339 -0.071492
340 -0.154531
341 0.047396
342 -0.101144
343 -0.071672
344 -0.051145
345 0.041722
346 0.093035
347 0.087601
348 0.116151
349 -0.031116
350 -0.099650
351 -0.093736
352 -0.151365
353 -0.073205
354 -0.025204
355 -0.145568
356 -0.081891
357 -0.071390
358 0.072999
359 -0.050414
360 -0.001259
361 0.110332
362 0.212726
363 -0.019478
364 -0.221818
365 -0.057567
366 -0.002046
367 -0.169060
368 0.014716
369 -0.025869
370 -0.632039
371 0.167086
372 0.039048
373 -0.071872
374 -0.185358
375 0.387267
376 0.000584
377 -0.079274
378 0.216802
379 -0.049776
380 0.022404
381 -0.079012
382 0.132465
383 -0.081970
384 -0.010557
385 -0.034623
386 0.083580
387 -0.093738
388 -0.153259
389 -0.030073
390 -0.030936
391 -0.073887
392 -0.105590
393 -0.188510
394 -0.084043
395 0.025287
396 0.137682
397 -0.093678
398 -0.090794
399 -0.043940
400 0.019765
401 -0.123784
402 -0.072125
403 0.018541
404 -0.237399
405 -0.010307
406 0.014453
407 -0.091576
408 0.168433
409 -0.022880
410 -0.077852
411 -0.070737
412 0.113423
413 -0.148384
414 -0.105256
415 0.025906
416 0.100652
417 -0.033583
418 0.050602
419 0.104967
420 -0.117441
421 -0.004381
422 -0.113966
423 -0.081032
424 0.038683
425 0.091307
426 -0.077465
427 -0.169846
428 0.085317
429 0.062589
430 -0.124896
431 -0.292503
432 -0.013107
433 -0.064686
434 0.045534
435 -0.084216
436 -0.111226
437 0.019722
438 0.019988
439 0.055654
440 -0.025839
441 0.016391
442 -0.074472
443 -0.152060
444 -0.069881
445 -0.002541
446 0.064456
447 -0.001541
448 -0.092446
449 0.130717
450 0.058344
451 -0.030157
452 -0.098512
453 0.154013
454 0.058333
455 -0.081183
456 -0.115714
457 -0.109492
458 -0.106960
459 -0.110165
460 -0.049089
461 0.043890
462 -0.043870
463 0.049740
464 0.047694
465 -0.114253
466 -0.198358
467 0.047758
468 -0.011235
469 0.115761
470 -0.127065
471 -0.094828
472 0.145295
473 -0.050407
474 -0.124040
475 -0.099460
476 -0.041367
477 0.093011
478 0.029346
479 -0.135372
480 -0.011740
481 -0.010509
482 -0.103585
483 -0.120558
484 0.051977
485 -0.132128
486 0.071145
487 0.093190
488 0.013640
489 -0.131336
490 -0.118215
491 -0.122869
492 -0.125175
493 0.078301
494 -0.151804
495 -0.023215
496 -0.019693
497 -0.049597
498 0.103843
499 -0.145521
500 -0.041552
501 -0.120632
502 0.156302
503 0.118078
504 -0.127693
505 0.119191
506 0.434633
507 -0.184267
508 -0.023445
509 0.155878
510 -0.153873
511 -0.010688
512 -0.002442
513 -0.056656
514 -0.054811
515 -0.029778
516 0.157397
517 0.014489
518 -0.009118
519 0.059536
520 -0.014271
521 0.056603
522 0.078252
523 0.050211
524 0.027611
525 -0.043953
526 -0.074313
527 -0.103410
528 0.099397
529 0.067354
530 0.004031
531 -0.037952
532 0.037144
533 -0.149573
534 -0.006424
535 -0.156906
536 0.095231
537 0.034094
538 -0.069344
539 0.230713
540 0.727696
541 -0.174847
542 -0.076845
543 -0.015721
544 0.065293
545 -0.147156
546 -0.022822
547 0.002120
548 0.127299
549 -0.122623
550 -0.094502
551 0.199514
552 0.118433
553 0.138711
554 0.058620
555 -0.041258
556 0.014198
557 -0.050123
558 -0.088408
559 0.038715
560 -0.026045
561 -0.007337
562 0.103821
563 -0.006280
564 -0.060515
565 0.124779
566 0.133066
567 0.095774
568 -0.459334
569 -0.023001
570 0.090722
571 -0.041717
572 -0.059549
573 0.129006
574 -0.073628
575 0.032099
576 -0.157582
577 -0.112572
578 -0.043185
579 -0.416277
580 -0.091344
581 -0.236978
582 -0.073237
583 0.174385
584 -0.300638
585 0.263173
586 0.196161
587 -0.209942
588 -0.061685
589 -0.305348
590 -0.127337
591 -0.263299
592 0.069585
593 -0.185860
594 -0.216595
595 0.157276
596 -0.376686
597 0.182636
598 0.245202
599 -0.030063
600 0.050193
601 -0.098121
602 0.113639
603 -0.074022
604 -0.179440
605 -0.018710
606 0.301244
607 -0.173384
608 -0.028308
609 -0.176001
610 0.109341
611 -0.157842
612 -0.250165
613 -0.109244
614 -0.042862
615 -0.685594
616 0.221102
617 0.042309
618 0.175162
619 -0.002427
620 0.335014
621 -0.299189
622 0.104921
623 0.123979
624 -0.115754
625 0.177558
626 0.188595
627 -0.097160
628 0.022871
629 -0.110610
630 0.114700
631 -0.080545
632 0.203088
633 0.352282
634 -0.141443
635 -0.146103
636 -0.095403
637 0.452592
638 -0.213425
639 0.192217
640 -0.019588
641 0.319478
642 0.027764
643 0.512037
644 0.056363
645 0.069796
646 0.234345
647 -0.139037
648 0.172060
649 -0.139194
650 0.085470
651 -0.229317
652 0.069767
653 0.022090
654 0.041316
655 0.234183
656 0.159723
657 0.017687
658 0.230123
659 0.456372
660 0.162821
661 -0.119826
662 0.075045
663 0.131282
664 -0.207779
665 0.030806
666 -0.013853
667 0.010629
668 -0.180944
669 0.465106
670 -0.016713
671 0.216647
672 0.228429
673 -0.052449
674 0.028333
675 -0.076367
676 0.240002
677 0.054573
678 -0.103496
679 0.030344
680 0.154309
681 0.147670
682 0.006610
683 0.074345
684 -0.018400
685 0.067969
686 0.215129
687 0.268080
688 -0.058365
689 -0.129036
690 0.073525
691 -0.051902
692 0.356015
693 -0.127763
694 0.348463
695 -0.239808
696 -0.193309
697 0.183462
698 -0.039817
699 0.186195
700 -0.229605
701 -0.153315
702 -0.186021
703 -0.011989
704 0.023802
705 -0.213121
706 0.215847
707 -0.115043
708 0.209388
709 -0.094693
710 0.054771
711 0.101017
712 0.103047
713 0.049540
714 0.517958
715 0.003097
716 0.005102
717 -0.138038
718 0.136092
719 0.341340
720 0.135842
721 0.022688
722 -0.088720
723 -0.149535
724 0.028807
725 -0.178557
726 0.063063
727 0.060182
728 0.215845
729 -0.101704
730 -0.039769
731 -0.090692
732 -0.020390
733 -0.076512
734 -0.033047
735 0.013860
736 -0.221862
737 0.483067
738 -0.072946
739 0.114592
740 0.117041
741 0.198828
742 -0.250656
743 0.161636
744 -0.222370
745 -0.271899
746 -0.229391
747 0.222987
748 -0.076070
749 -0.033458
750 0.125732
751 -0.294811
752 -0.245414
753 0.179532
754 0.016294
755 -0.137021
756 -0.039189
757 0.060198
758 -0.043911
759 -0.237130
760 0.019379
761 0.549633
762 0.106866
763 0.047602
764 0.074647
765 -0.007853
766 -0.055067
767 0.151505
768 0.330560
769 0.198134
770 -0.138175
771 0.149182
772 0.184794
773 -0.092971
774 -0.037002
775 0.027805
776 -0.104865
777 0.046395
778 0.382034
779 0.020285
780 0.113475
781 0.213439
782 0.187729
783 0.116231
784 -0.016239
785 -0.185248
786 0.035231
787 0.347825
788 -0.040308
789 -0.107888
790 -0.057558
791 0.267447
792 0.170461
793 0.161130
794 -0.105420
795 0.205888
796 -0.055968
797 0.220149
798 0.088301
799 -0.175662
800 -0.171450
801 0.340912
802 -0.203596
803 0.127960
804 0.099569
805 -0.054175
806 0.117864
807 0.284218
808 -0.099770
809 0.215013
810 0.173108
811 -0.131069
812 -0.001070
813 0.458361
814 0.070733
815 -0.023823
816 -0.043171
817 0.048049
818 -0.062269
819 0.196252
820 0.143073
821 0.112924
822 0.082507
823 0.381454
824 0.335553
825 -0.238844
826 -0.070033
827 0.053707
828 -0.193272
829 -0.201269
830 0.279985
831 -0.101337
832 0.090231
833 -0.036173
834 0.185976
835 0.013227
836 0.264327
837 0.044848
838 -0.232639
839 0.084739
840 -0.046126
841 -0.023565
842 0.004371
843 0.131743
844 0.074387
845 -0.123144
846 -0.248446
847 0.201082
848 0.086156
849 0.148297
850 0.059340
851 -0.263492
852 -0.264683
853 0.204460
854 -0.097779
855 0.108086
856 -0.194523
857 0.022600
858 -0.009035
859 -0.097949
860 0.041315
861 0.134221
862 0.112841
863 0.098341
864 -0.023914
865 0.074051
866 -0.031234
867 0.304920
868 -0.005107
869 -0.028906
870 0.439626
871 -0.004611
872 0.079217
873 0.145679
874 0.049590
875 -0.010055
876 -0.179967
877 -0.224350
878 0.063706
879 0.260308
880 -0.136174
881 -0.258881
882 -0.107797
883 0.112336
884 -0.130509
885 -0.038634
886 0.335466
887 -0.029262
888 0.185121
889 -0.046389
890 -0.230876
891 0.055609
892 0.163283
893 -0.080825
894 0.062800
895 -0.059525
896 0.064496
897 0.062035
898 0.113034
899 0.039162
900 0.073595
901 0.213205
902 -0.058790
903 0.003774
904 0.118255
905 -0.007853
906 0.010041
907 0.092171
908 0.049615
909 -0.059814
910 0.502031
911 -0.082135
912 -0.026914
913 0.228207
914 0.046030
915 0.094791
916 0.277298
917 0.101932
918 -0.174633
919 0.030935
920 0.268471
921 0.391440
922 -0.136336
923 -0.105808
924 -0.069745
925 -0.128571
926 0.278526
927 0.057244
928 -0.156125
929 -0.027865
930 0.243797
931 0.144157
932 -0.177245
933 0.090478
934 0.189501
935 0.107388
936 0.112273
937 -0.113052
938 0.028479
939 0.096502
940 0.194214
941 -0.144324
942 0.086437
943 -0.029161
944 -0.077483
945 0.086623
946 0.058901
947 -0.194206
948 0.070577
949 0.072102
950 0.144701
951 0.224370
952 -0.019718
953 0.385924
954 0.057782
955 -0.127459
956 0.246464
957 0.162150
958 0.032165
959 0.060222
960 0.319251
961 -0.136706
962 0.126100
963 0.262847
964 -0.321873
965 0.189653
966 0.175183
967 0.173960
968 0.044077
969 0.084780
970 0.223193
971 0.099248
972 -0.020303
973 -0.120729
974 0.021796
975 -0.170047
976 0.023968
977 0.058370
978 -0.152493
979 -0.133496
980 0.034195
981 0.252009
982 -0.117279
983 -0.062204
984 0.159908
985 -0.079913
986 -0.029572
987 0.084133
988 0.002688
989 0.031658
990 0.112950
991 -0.043591
992 0.006740
993 0.330055
994 -0.360391
995 -0.083004
996 -0.061276
997 -0.152149
998 0.214968
999 0.049680
1000 0.261946
1001 0.045515
1002 0.193608
1003 -0.041589
1004 0.391560
1005 -0.532533
1006 -0.065589
1007 0.313445
1008 0.027912
1009 0.148759
1010 -0.153414
1011 -0.201084
1012 0.045098
1013 -0.059320
1014 0.189717
1015 -0.051171
1016 0.147218
1017 0.201810
1018 -0.137543
1019 -0.057122
1020 0.367843
1021 -0.151936
1022 -0.142633
1023 0.249235
1024 -0.500761
1025 -0.021206
1026 -0.117250
1027 0.306068
1028 -0.015481
1029 -0.185108
1030 -0.094244
1031 0.142619
1032 -0.011245
1033 -0.101032
1034 0.057422
1035 0.253486
1036 0.031586
1037 0.026023
1038 -0.048207
1039 -0.124588
1040 -0.360966
1041 0.032568
1042 0.371401
1043 0.037665
1044 0.210706
1045 0.008232
1046 0.207972
1047 -0.135424
1048 0.179944
1049 -0.142153
1050 -0.001365
1051 0.233568
1052 0.100823
1053 0.207293
1054 0.219171
1055 0.049001
1056 0.054555
1057 -0.060742
1058 0.117868
1059 0.440460
1060 -0.031913
1061 -0.192415
1062 -0.126734
1063 0.182843
1064 0.057641
1065 -0.131082
1066 0.229203
1067 0.133122
1068 -0.153565
1069 -0.192335
1070 0.087455
1071 0.159689
1072 0.178154
1073 0.117798
1074 0.101967
1075 -0.181003
1076 -0.004325
1077 -0.061092
1078 -0.174806
1079 0.087184
1080 0.174547
1081 0.214175
1082 0.019371
1083 -0.232274
1084 0.176293
1085 0.098075
1086 0.085766
1087 -0.101817
1088 0.050671
1089 -0.230591
1090 0.091383
1091 -0.274999
1092 -0.210450
1093 0.179891
1094 -0.176023
1095 0.023978
1096 0.540602
1097 0.448755
1098 0.054663
1099 -0.049117
1100 -0.051666
1101 -0.028721
1102 0.257174
1103 0.051912
1104 0.056106
1105 0.199121
1106 -0.116326
1107 0.082800
1108 0.209101
1109 -0.142191
1110 0.153760
1111 -0.115898
1112 0.011852
1113 0.177933
1114 0.292519
1115 0.181382
1116 -0.106199
1117 0.111124
1118 -0.171357
1119 0.331267
1120 0.069080
1121 -0.064939
1122 -0.063539
1123 0.231955
1124 0.043843
1125 -0.047274
1126 0.064869
1127 -0.137261
1128 0.011794
1129 0.163331
1130 0.026469
1131 -0.021254
1132 0.228333
1133 -0.098295
1134 0.084665
1135 0.163863
1136 0.412737
1137 0.089184
1138 0.177013
1139 -0.158530
1140 0.089102
1141 -0.010586
1142 0.129833
1143 -0.121011
1144 0.290081
1145 0.190273
1146 -0.202374
1147 0.220992
1148 -0.112815
1149 0.297973
1150 0.113980
1151 0.179317
1152 -0.061579
1153 -0.278693
1154 -0.173903
1155 0.137305
1156 -0.064673
1157 -0.118249
1158 0.068021
1159 0.290376
1160 -0.290901
1161 -0.010467
1162 -0.157043
1163 0.122651
1164 0.362027
1165 0.146718
1166 -0.357876
1167 0.025310
1168 -0.066883
1169 0.149965
1170 0.324387
1171 0.089650
1172 0.009944
1173 0.347076
1174 0.384135
1175 0.293912
1176 -0.056119
1177 -0.481145
1178 0.201607
1179 0.044718
1180 0.112890
1181 0.318468
1182 0.023749
1183 -0.238344
1184 -0.099971
1185 0.149598
1186 0.204409
1187 -0.285477
1188 0.067492
1189 0.039140
1190 0.057464
1191 0.041313
1192 0.218618
1193 0.114122
1194 -0.147763
1195 0.098656
1196 0.282271
1197 0.077428
1198 0.011787
1199 -0.069834
1200 -0.009357
1201 -0.123204
1202 0.089032
1203 0.079519
1204 0.228000
1205 0.144768
1206 -0.078759
1207 0.102714
1208 -0.069265
1209 -0.142609
1210 0.095374
1211 0.144888
1212 0.286591
1213 0.025847
1214 -0.240682
1215 -0.118307
1216 0.244953
1217 -0.067929
1218 0.096899
1219 0.160711
1220 0.116853
1221 0.154050
1222 0.030993
1223 0.109405
