0 -0.944470
1 -0.490316
2 -0.273746
3 0.116679
4 0.114935
5 -0.653631
6 -0.263826
7 0.109955
8 0.934405
9 0.527533
10 0.379248
11 0.726122
12 0.663785
13 0.714237
14 0.784466
15 0.382854
16 0.379026
17 0.490875
18 1.315089
19 0.515121
20 0.860738
21 0.298317
22 0.646579
23 0.618397
24 1.141858
25 0.937411
26 1.183607
27 0.962867
28 0.453474
29 0.560116
30 0.643134
31 1.180754
32 0.730891
33 0.869947
34 0.969423
35 0.757726
36 1.398076
37 0.625148
38 0.629696
39 0.887023
40 0.739802
41 0.887122
42 0.501094
43 0.338502
44 0.770511
45 0.787992
46 0.829465
47 0.868970
48 0.581377
49 0.500596
50 0.769250
51 0.404240
52 0.947180
53 0.916145
54 0.821576
55 0.630854
56 1.131273
57 0.479807
58 1.325555
59 0.513643
60 0.543000
61 0.354012
62 0.521930
63 1.013327
64 1.243352
65 0.782487
66 0.944687
67 0.262941
68 0.841544
69 0.477264
70 0.759577
71 0.711561
72 0.494734
73 0.916429
74 0.439991
75 0.670966
76 0.471545
77 0.773492
78 0.902049
79 0.961185
80 0.755682
81 0.545884
82 0.563982
83 0.231727
84 0.514861
85 0.551763
86 0.612851
87 0.672174
88 0.685512
89 0.661952
90 0.538659
91 1.049567
92 0.611087
93 0.460407
94 0.071386
95 0.339383
96 0.663374
97 0.550948
98 0.492483
99 1.130489
100 0.851945
101 0.271490
102 0.476716
103 0.717261
104 0.921832
105 0.633437
106 1.135359
107 0.741900
108 0.982243
109 1.090275
110 1.199995
111 0.701536
112 0.907815
113 0.520040
114 0.254942
115 0.743187
116 0.684473
117 0.551329
118 0.503852
119 0.407908
120 0.874555
121 0.653277
122 0.865818
123 0.642045
124 0.571495
125 0.906264
126 -0.023307
127 0.691959
128 0.301807
129 0.539569
130 1.128725
131 0.479294
132 0.658334
133 0.833819
134 0.564864
135 0.549803
136 0.315450
137 0.372675
138 0.466544
139 0.922785
140 0.579354
141 0.418112
142 0.609619
143 0.441379
144 0.538593
145 0.768380
146 0.903207
147 1.165946
148 0.849915
149 0.626117
150 0.687334
151 0.943496
152 0.654734
153 0.296106
154 1.228628
155 0.686484
156 0.473450
157 0.412104
158 0.190178
159 0.760407
160 0.756508
161 0.585399
162 0.533312
163 0.534266
164 0.121271
165 0.872097
166 0.661476
167 0.792446
168 0.331949
169 0.441500
170 0.731466
171 0.464108
172 0.600517
173 0.443316
174 0.607243
175 0.280865
176 0.241592
177 0.716309
178 0.780665
179 1.104694
180 0.189772
181 0.411373
182 0.871802
183 0.772411
184 0.935512
185 1.061291
186 0.933009
187 1.190361
188 1.395053
189 0.948493
190 1.213194
191 0.999829
192 0.777548
193 0.970321
194 1.543153
195 0.897838
196 0.831850
197 0.779681
198 1.200128
199 1.693042
200 1.251976
201 1.483009
202 1.110775
203 1.023158
204 0.756673
205 1.010155
206 1.287879
207 1.144852
208 0.656314
209 1.226783
210 1.254105
211 0.428544
212 0.542574
213 0.905348
214 0.890178
215 1.171046
216 0.799667
217 0.833771
218 1.196792
219 0.933095
220 0.596678
221 0.912580
222 1.048488
223 1.256559
224 0.235528
225 0.438436
226 0.885173
227 1.597225
228 0.567801
229 0.576227
230 0.308988
231 0.498183
232 0.415196
233 0.702668
234 0.621827
235 0.655966
236 0.419264
237 0.647446
238 0.508141
239 0.310669
240 0.635654
241 0.413396
242 0.533187
243 0.254059
244 0.621137
245 0.397380
246 0.976361
247 0.424461
248 0.581067
249 0.483429
250 0.723199
251 0.429824
252 0.625322
253 0.408441
254 0.820664
255 0.657838
256 0.771961
257 0.619901
258 0.654390
259 1.237006
260 0.551792
261 0.368503
262 0.516343
263 0.934167
264 0.703958
265 0.720090
266 0.548993
267 1.185885
268 1.158990
269 0.470166
270 0.309884
271 0.489349
272 0.645181
273 1.245083
274 0.648839
275 0.580566
276 1.190100
277 0.796964
278 0.500627
279 0.659154
280 1.254280
281 0.844797
282 0.420306
283 0.175336
284 0.201165
285 0.865787
286 0.071326
287 0.470510
288 0.584433
289 0.773054
290 0.672655
291 0.462630
292 0.504317
293 0.740584
294 0.878926
295 0.451228
296 0.420950
297 0.255712
298 0.546860
299 0.396595
300 0.563286
301 0.716752
302 0.649836
303 0.345792
304 0.189420
305 0.577430
306 0.642595
307 0.547731
308 0.382115
309 0.604431
310 0.182983
311 0.327504
312 0.421662
313 0.980716
314 0.477913
315 0.415861
316 0.416825
317 0.419861
318 0.656299
319 0.471775
320 0.421081
321 0.691371
322 0.507093
323 0.106740
324 0.310121
325 0.630035
326 0.544986
327 0.522918
328 0.221539
329 0.399651
330 0.490151
331 0.802333
332 0.544387
333 0.464565
334 0.627225
335 0.388169
336 0.724601
337 0.241022
338 0.673221
339 0.690558
340 0.660276
341 0.141015
342 0.207409
343 0.710168
344 0.707801
345 0.372189
346 0.449678
347 1.079192
348 0.486166
349 0.561141
350 0.361165
351 0.795144
352 0.766493
353 0.415773
354 0.178243
355 0.588486
356 0.794659
357 0.644046
358 0.340368
359 0.573641
360 0.949937
361 0.224066
362 0.197671
363 0.471224
364 0.787839
365 0.609235
366 0.413713
367 0.117468
368 0.314867
369 0.624553
370 0.353782
371 0.544132
372 1.570897
373 0.673686
374 0.462630
375 0.136758
376 0.678254
377 0.891342
378 0.706726
379 0.384991
380 0.909474
381 1.050435
382 0.883109
383 0.309474
384 0.419695
385 0.574045
386 0.357436
387 0.464880
388 0.358163
389 0.834933
390 0.911555
391 0.604907
392 0.374317
393 0.658670
394 1.472079
395 0.312638
396 0.221371
397 0.401903
398 0.765177
399 0.578460
400 0.434463
401 0.143792
402 0.330065
403 0.591946
404 0.626476
405 0.280507
406 0.570088
407 0.893984
408 0.506528
409 0.446034
410 0.393019
411 1.133487
412 0.310953
413 0.318598
414 0.410846
415 0.706588
416 0.493296
417 0.606159
418 0.479652
419 0.318146
420 0.627288
421 0.590924
422 0.677791
423 0.408711
424 0.904799
425 0.894239
426 1.117344
427 0.510428
428 0.630908
429 0.436708
430 0.403165
431 0.711152
432 0.437132
433 0.710365
434 0.813054
435 1.554123
436 0.529014
437 0.637617
438 1.044913
439 0.703383
440 0.727535
441 0.549088
442 1.018532
443 1.106136
444 0.630831
445 0.620518
446 0.685650
447 1.070662
448 0.787516
449 0.836305
450 0.509920
451 0.384839
452 0.729075
453 0.803723
454 0.880155
455 0.801150
456 1.148354
457 1.040384
458 0.887448
459 0.785094
460 0.462998
461 0.587731
462 0.353760
463 0.466178
464 0.553638
465 0.741792
466 0.998957
467 1.000796
468 0.915637
469 0.823336
470 1.034238
471 1.017153
472 0.934695
473 0.672054
474 0.904855
475 0.792311
476 0.523616
477 0.795348
478 1.168577
479 1.423473
480 1.400029
481 1.057069
482 0.690363
483 1.102616
484 1.186934
485 1.283734
486 0.495045
487 0.597532
488 0.850618
489 0.846480
490 0.831470
491 1.243820
492 1.022740
493 0.862675
494 1.033771
495 0.745335
496 1.084286
497 0.408060
498 0.376620
499 1.282638
500 0.923865
501 0.997219
502 1.266068
503 0.908189
504 1.112828
505 1.061668
506 0.958412
507 0.943277
508 0.786671
509 1.091872
510 1.137127
511 0.849431
512 0.860817
513 0.696645
514 0.740674
515 1.184763
516 0.776502
517 0.748992
518 1.457643
519 1.106997
520 1.001275
521 1.010074
522 1.056066
523 0.797390
524 0.975480
525 1.320336
526 0.969051
527 0.916391
528 1.065422
529 1.335113
530 1.507211
531 1.367209
532 1.091635
533 1.292538
534 1.765275
535 1.246057
536 1.133468
537 1.445514
538 1.270172
539 1.986713
540 1.955743
541 1.177874
542 0.979351
543 0.879373
544 1.090060
545 1.310558
546 1.291691
547 0.752467
548 1.090693
549 1.207955
550 1.016909
551 1.265195
552 1.491955
553 1.564963
554 0.913575
555 1.057146
556 0.974152
557 0.983469
558 0.900898
559 1.521498
560 1.903065
561 1.334556
562 1.290828
563 1.611443
564 1.368596
565 1.028615
566 1.141019
567 0.933386
568 1.027438
569 0.880738
570 0.942650
571 0.923851
572 1.283360
573 1.491488
574 1.034370
575 1.070574
576 2.626968
577 1.327458
578 0.765837
579 0.660773
580 1.082223
581 1.188515
582 1.111748
583 1.621826
584 1.623019
585 0.903440
586 0.767753
587 1.117380
588 1.118260
589 1.053035
590 1.140060
591 1.129431
592 1.000160
593 1.036442
594 1.169142
595 1.194355
596 1.351808
597 1.310608
598 1.068458
599 1.983935
600 1.748872
601 1.254264
602 1.091018
603 0.624330
604 1.077801
605 1.559272
606 0.919236
607 0.977911
608 0.949023
609 0.980722
610 0.656722
611 1.018298
612 1.140829
613 1.061343
614 1.259640
615 1.209968
616 1.358075
617 0.778899
618 1.068918
619 0.962051
620 1.010886
621 1.071705
622 1.017274
623 1.145787
624 1.309247
625 1.018577
626 0.914065
627 1.607490
628 1.273028
629 1.254174
630 1.692734
631 1.382369
632 1.390786
633 1.580397
634 1.147966
635 1.063611
636 0.660866
637 0.878512
638 0.891384
639 1.703219
640 1.700955
641 1.037045
642 1.105735
643 1.027549
644 1.068472
645 1.018848
646 0.801094
647 0.602859
648 1.417450
649 1.502001
650 1.189997
651 1.392689
652 1.406044
653 1.217526
654 1.324882
655 1.112361
656 0.861305
657 1.176314
658 0.839413
659 1.130926
660 1.141182
661 1.480475
662 1.058118
663 0.818037
664 1.065294
665 1.569932
666 1.215979
667 0.751644
668 0.953452
669 1.156916
670 1.446932
671 1.186050
672 1.114129
673 1.081719
674 0.843004
675 1.101739
676 1.115398
677 0.819006
678 0.873547
679 1.413180
680 1.326049
681 0.790344
682 1.307329
683 1.325980
684 0.823588
685 0.811752
686 0.973659
687 1.146594
688 1.290965
689 0.791466
690 1.289640
691 1.390448
692 0.655794
693 1.008858
694 0.557776
695 0.973627
696 1.061071
697 0.987237
698 0.698444
699 0.666520
700 1.047582
701 1.047721
702 0.574728
703 0.573112
704 0.659724
705 0.801474
706 1.007054
707 1.321518
708 1.180629
709 0.359188
710 0.935390
711 0.775669
712 1.300772
713 0.947684
714 0.847939
715 0.443932
716 0.694032
717 0.761683
718 0.780887
719 0.731743
720 0.552984
721 0.502555
722 0.666109
723 0.769472
724 0.738293
725 1.054881
726 0.704956
727 0.574239
728 0.692140
729 0.725105
730 0.484834
731 0.958291
732 0.921372
733 1.167435
734 0.920130
735 0.639338
736 0.699256
737 0.717251
738 -0.032125
739 0.570979
740 0.457238
741 0.445433
742 0.806852
743 0.678745
744 1.011723
745 0.981064
746 0.612166
747 0.903749
748 0.621589
749 0.913596
750 0.711946
751 0.451272
752 0.899427
753 1.436203
754 0.716914
755 0.528656
756 0.669198
757 0.969465
758 0.564702
759 0.567957
760 1.078795
761 0.569201
762 0.442094
763 0.679635
764 0.431920
765 1.007885
766 0.351496
767 0.682896
768 0.514770
769 0.749193
770 0.437112
771 0.266338
772 0.356086
773 0.641134
774 0.221007
775 0.524411
776 0.584543
777 0.862063
778 0.792611
779 0.651584
780 0.636514
781 0.845046
782 0.338310
783 0.366846
784 0.417916
785 0.718646
786 0.182301
787 0.322668
788 0.994622
789 0.913468
790 0.531050
791 0.758771
792 0.332274
793 0.242007
794 0.920785
795 0.550581
796 0.799118
797 0.213608
798 0.868618
799 0.315177
800 0.495571
801 0.777560
802 1.066537
803 0.887833
804 0.651104
805 0.856546
806 0.052964
807 0.725317
808 0.639848
809 0.399780
810 0.539892
811 0.576231
812 0.465615
813 0.331979
814 0.249604
815 0.373342
816 0.614922
817 0.353779
818 0.809690
819 0.226796
820 0.414714
821 0.613359
822 0.468929
823 0.478576
824 0.115949
825 0.334922
826 0.428450
827 0.656852
828 0.683584
829 0.813640
830 0.429741
831 0.759709
832 0.647298
833 0.421144
834 0.497158
835 0.495331
836 0.466263
837 0.262008
838 0.455465
839 0.310957
840 0.573973
841 0.450137
842 0.257580
843 0.679004
844 0.557731
845 0.331813
846 0.426160
847 0.445848
848 0.217088
849 0.454189
850 0.644381
851 0.758457
852 1.138426
853 0.461888
854 0.475623
855 -0.460432
856 0.776913
857 0.718982
858 0.592500
859 0.327283
860 0.504558
861 0.042288
862 0.637388
863 0.344619
864 0.427014
865 0.271154
866 0.417435
867 0.548990
868 0.262123
869 0.063025
870 0.582855
871 0.692433
872 0.619706
873 -0.116608
874 0.037646
875 0.274164
876 0.564253
877 0.256367
878 0.447194
879 0.589759
880 0.167507
881 0.077852
882 0.161076
883 0.126052
884 0.157879
885 0.843058
886 0.271745
887 0.001910
888 0.687464
889 0.495253
890 0.306992
891 0.897781
892 0.290142
893 0.692286
894 0.380610
895 0.419698
896 0.438983
897 0.489536
898 0.566585
899 0.113278
900 0.684991
901 0.497509
902 0.586348
903 0.421311
904 0.242771
905 0.434645
906 0.248735
907 -0.002506
908 0.443206
909 0.334413
910 0.406262
911 0.406336
912 0.748930
913 0.298910
914 0.183559
915 0.075721
916 0.258089
917 0.734072
918 0.543133
919 0.153194
920 0.027814
921 0.483266
922 0.628236
923 0.596876
924 0.526638
925 0.290624
926 0.444597
927 0.402288
928 0.703587
929 0.579591
930 0.289119
931 0.526890
932 0.283680
933 0.500182
934 0.699890
935 0.357909
936 0.350574
937 0.480682
938 -0.135552
939 0.310606
940 0.092734
941 0.025761
942 0.429673
943 0.262361
944 0.425070
945 0.489210
946 0.268381
947 0.505088
948 1.114446
949 0.710455
950 0.094822
951 0.291605
952 0.451190
953 0.540712
954 0.595809
955 0.254021
956 0.722414
957 0.449704
958 0.791502
959 0.515384
960 0.696091
961 0.572698
962 0.011482
963 0.249880
964 0.366916
965 0.364437
966 0.750679
967 0.998534
968 0.101343
969 0.162022
970 0.563527
971 0.172079
972 0.492430
973 0.051082
974 0.538201
975 0.675520
976 0.731780
977 0.468052
978 0.629391
979 0.357571
980 0.237759
981 0.624940
982 0.508873
983 0.954289
984 0.395843
985 0.144307
986 0.404080
987 0.357747
988 0.878689
989 1.042099
990 0.364588
991 0.604171
992 0.513900
993 0.363287
994 0.640225
995 0.323611
996 0.391110
997 0.152999
998 0.225141
999 0.314900
1000 -0.104021
1001 0.102037
1002 0.027422
1003 0.177014
1004 0.283660
1005 0.485696
1006 0.501211
1007 0.642590
1008 0.277200
1009 0.208757
1010 0.411044
1011 0.163043
1012 0.267166
1013 0.750006
1014 0.700686
1015 0.437316
1016 0.399842
1017 0.437746
1018 0.675085
1019 0.774651
1020 0.365154
1021 -0.122688
1022 0.104354
1023 1.034499
1024 0.146667
1025 0.300996
1026 0.313511
1027 0.634409
1028 0.184163
1029 0.273328
1030 0.415533
1031 0.518461
1032 0.491366
1033 0.319305
1034 0.137024
1035 0.691596
1036 0.591524
1037 0.626199
1038 0.214589
1039 0.519100
1040 0.556491
1041 0.326455
1042 0.606743
1043 0.468426
1044 0.169358
1045 0.594826
1046 0.623897
1047 0.508797
1048 0.738955
1049 0.524923
1050 0.227686
1051 0.504035
1052 0.319506
1053 0.511829
1054 0.532917
1055 0.736502
1056 0.545307
1057 0.661360
1058 0.365496
1059 0.509811
1060 0.280078
1061 0.735635
1062 0.511114
1063 0.610262
1064 0.257028
1065 0.730141
1066 0.348997
1067 0.548696
1068 0.605461
1069 0.339458
1070 0.338406
1071 0.407918
1072 0.026534
1073 0.743311
1074 0.693537
1075 0.236749
1076 0.103556
1077 0.102001
1078 -0.105302
1079 0.602311
1080 0.476722
1081 0.391901
1082 0.368842
1083 0.366770
1084 0.404596
1085 0.394852
1086 0.432143
1087 0.274565
1088 0.563140
1089 0.610981
1090 0.421339
1091 0.750443
1092 0.488959
1093 0.428909
1094 0.541544
1095 0.724074
1096 0.501349
1097 0.562767
1098 0.847208
1099 0.550532
1100 0.368812
1101 0.002430
1102 0.555670
1103 0.380290
1104 0.361147
1105 1.264688
1106 0.925921
1107 0.632911
1108 0.894742
1109 0.707398
1110 0.736558
1111 0.324262
1112 0.552755
1113 0.721049
1114 0.277641
1115 0.735535
1116 0.986754
1117 0.492530
1118 0.718952
1119 0.620469
1120 0.311990
1121 0.524319
1122 0.708481
1123 0.634541
1124 0.777142
1125 0.578421
1126 0.692226
1127 0.278872
1128 0.433426
1129 0.880209
1130 0.601412
1131 0.674101
1132 1.022138
1133 0.519907
1134 0.426694
1135 0.160737
1136 0.455008
1137 0.060944
1138 0.674535
1139 0.757516
1140 1.002797
1141 0.471108
1142 0.660968
1143 0.295613
1144 0.335394
1145 0.739189
1146 0.788604
1147 0.639309
1148 0.771541
1149 0.380481
1150 0.338493
1151 0.130626
1152 0.517822
1153 0.101597
1154 0.502103
1155 0.738252
1156 0.461920
1157 0.718209
1158 0.410964
1159 0.900050
1160 0.455578
1161 0.285497
1162 0.065026
1163 0.437455
1164 0.430361
1165 0.399487
1166 0.103423
1167 0.321199
1168 0.633231
1169 0.740678
1170 0.221836
1171 0.449287
1172 0.372284
1173 0.626239
1174 0.229275
1175 0.304768
1176 1.137664
1177 0.085085
1178 0.698275
1179 0.471350
1180 0.787924
1181 0.814112
1182 0.226646
1183 0.352203
1184 0.524153
1185 0.770091
1186 0.707047
1187 0.814511
1188 0.722456
1189 0.134078
1190 0.546841
1191 0.440938
1192 0.419847
1193 0.161673
1194 0.666342
1195 0.150832
1196 0.625301
1197 0.407490
1198 0.568323
1199 0.445504
1200 0.872562
1201 0.078618
1202 0.652491
1203 0.591206
1204 0.303898
1205 0.445627
1206 0.894509
1207 0.680764
1208 0.601022
1209 0.242858
1210 0.365685
1211 0.582566
1212 0.158428
1213 0.683107
1214 0.533977
1215 0.730455
0 -0.944470
1 -0.490316
2 -0.273746
3 0.116679
4 0.114935
5 -0.653631
6 -0.263826
7 0.109955
8 0.934405
9 0.527533
10 0.379248
11 0.726122
12 0.663785
13 0.714237
14 0.784466
15 0.382854
16 0.379026
17 0.490875
18 1.315089
19 0.515121
20 0.860738
21 0.298317
22 0.646579
23 0.618397
24 1.141858
25 0.937411
26 1.183607
27 0.962867
28 0.453474
29 0.560116
30 0.643134
31 1.180754
32 0.730891
33 0.869947
34 0.969423
35 0.757726
36 1.398076
37 0.625148
38 0.629696
39 0.887023
40 0.739802
41 0.887122
42 0.501094
43 0.338502
44 0.770511
45 0.787992
46 0.829465
47 0.868970
48 0.581377
49 0.500596
50 0.769250
51 0.404240
52 0.947180
53 0.916145
54 0.821576
55 0.630854
56 1.131273
57 0.479807
58 1.325555
59 0.513643
60 0.543000
61 0.354012
62 0.521930
63 1.013327
64 1.243352
65 0.782487
66 0.944687
67 0.262941
68 0.841544
69 0.477264
70 0.759577
71 0.711561
72 0.494734
73 0.916429
74 0.439991
75 0.670966
76 0.471545
77 0.773492
78 0.902049
79 0.961185
80 0.755682
81 0.545884
82 0.563982
83 0.231727
84 0.514861
85 0.551763
86 0.612851
87 0.672174
88 0.685512
89 0.661952
90 0.538659
91 1.049567
92 0.611087
93 0.460407
94 0.071386
95 0.339383
96 0.663374
97 0.550948
98 0.492483
99 1.130489
100 0.851945
101 0.271490
102 0.476716
103 0.717261
104 0.921832
105 0.633437
106 1.135359
107 0.741900
108 0.982243
109 1.090275
110 1.199995
111 0.701536
112 0.907815
113 0.520040
114 0.254942
115 0.743187
116 0.684473
117 0.551329
118 0.503852
119 0.407908
120 0.874555
121 0.653277
122 0.865818
123 0.642045
124 0.571495
125 0.906264
126 -0.023307
127 0.691959
128 0.301807
129 0.539569
130 1.128725
131 0.479294
132 0.658334
133 0.833819
134 0.564864
135 0.549803
136 0.315450
137 0.372675
138 0.466544
139 0.922785
140 0.579354
141 0.418112
142 0.609619
143 0.441379
144 0.538593
145 0.768380
146 0.903207
147 1.165946
148 0.849915
149 0.626117
150 0.687334
151 0.943496
152 0.654734
153 0.296106
154 1.228628
155 0.686484
156 0.473450
157 0.412104
158 0.190178
159 0.760407
160 0.756508
161 0.585399
162 0.533312
163 0.534266
164 0.121271
165 0.872097
166 0.661476
167 0.792446
168 0.331949
169 0.441500
170 0.731466
171 0.464108
172 0.600517
173 0.443316
174 0.607243
175 0.280865
176 0.241592
177 0.716309
178 0.780665
179 1.104694
180 0.189772
181 0.411373
182 0.871802
183 0.772411
184 0.935512
185 1.061291
186 0.933009
187 1.190361
188 1.395053
189 0.948493
190 1.213194
191 0.999829
192 0.777548
193 0.970321
194 1.543153
195 0.897838
196 0.831850
197 0.779681
198 1.200128
199 1.693042
200 1.251976
201 1.483009
202 1.110775
203 1.023158
204 0.756673
205 1.010155
206 1.287879
207 1.144852
208 0.656314
209 1.226783
210 1.254105
211 0.428544
212 0.542574
213 0.905348
214 0.890178
215 1.171046
216 0.799667
217 0.833771
218 1.196792
219 0.933095
220 0.596678
221 0.912580
222 1.048488
223 1.256559
224 0.235528
225 0.438436
226 0.885173
227 1.597225
228 0.567801
229 0.576227
230 0.308988
231 0.498183
232 0.415196
233 0.702668
234 0.621827
235 0.655966
236 0.419264
237 0.647446
238 0.508141
239 0.310669
240 0.635654
241 0.413396
242 0.533187
243 0.254059
244 0.621137
245 0.397380
246 0.976361
247 0.424461
248 0.581067
249 0.483429
250 0.723199
251 0.429824
252 0.625322
253 0.408441
254 0.820664
255 0.657838
256 0.771961
257 0.619901
258 0.654390
259 1.237006
260 0.551792
261 0.368503
262 0.516343
263 0.934167
264 0.703958
265 0.720090
266 0.548993
267 1.185885
268 1.158990
269 0.470166
270 0.309884
271 0.489349
272 0.645181
273 1.245083
274 0.648839
275 0.580566
276 1.190100
277 0.796964
278 0.500627
279 0.659154
280 1.254280
281 0.844797
282 0.420306
283 0.175336
284 0.201165
285 0.865787
286 0.071326
287 0.470510
288 0.584433
289 0.773054
290 0.672655
291 0.462630
292 0.504317
293 0.740584
294 0.878926
295 0.451228
296 0.420950
297 0.255712
298 0.546860
299 0.396595
300 0.563286
301 0.716752
302 0.649836
303 0.345792
304 0.189420
305 0.577430
306 0.642595
307 0.547731
308 0.382115
309 0.604431
310 0.182983
311 0.327504
312 0.421662
313 0.980716
314 0.477913
315 0.415861
316 0.416825
317 0.419861
318 0.656299
319 0.471775
320 0.421081
321 0.691371
322 0.507093
323 0.106740
324 0.310121
325 0.630035
326 0.544986
327 0.522918
328 0.221539
329 0.399651
330 0.490151
331 0.802333
332 0.544387
333 0.464565
334 0.627225
335 0.388169
336 0.724601
337 0.241022
338 0.673221
339 0.690558
340 0.660276
341 0.141015
342 0.207409
343 0.710168
344 0.707801
345 0.372189
346 0.449678
347 1.079192
348 0.486166
349 0.561141
350 0.361165
351 0.795144
352 0.766493
353 0.415773
354 0.178243
355 0.588486
356 0.794659
357 0.644046
358 0.340368
359 0.573641
360 0.949937
361 0.224066
362 0.197671
363 0.471224
364 0.787839
365 0.609235
366 0.413713
367 0.117468
368 0.314867
369 0.624553
370 0.353782
371 0.544132
372 1.570897
373 0.673686
374 0.462630
375 0.136758
376 0.678254
377 0.891342
378 0.706726
379 0.384991
380 0.909474
381 1.050435
382 0.883109
383 0.309474
384 0.419695
385 0.574045
386 0.357436
387 0.464880
388 0.358163
389 0.834933
390 0.911555
391 0.604907
392 0.374317
393 0.658670
394 1.472079
395 0.312638
396 0.221371
397 0.401903
398 0.765177
399 0.578460
400 0.434463
401 0.143792
402 0.330065
403 0.591946
404 0.626476
405 0.280507
406 0.570088
407 0.893984
408 0.506528
409 0.446034
410 0.393019
411 1.133487
412 0.310953
413 0.318598
414 0.410846
415 0.706588
416 0.493296
417 0.606159
418 0.479652
419 0.318146
420 0.627288
421 0.590924
422 0.677791
423 0.408711
424 0.904799
425 0.894239
426 1.117344
427 0.510428
428 0.630908
429 0.436708
430 0.403165
431 0.711152
432 0.437132
433 0.710365
434 0.813054
435 1.554123
436 0.529014
437 0.637617
438 1.044913
439 0.703383
440 0.727535
441 0.549088
442 1.018532
443 1.106136
444 0.630831
445 0.620518
446 0.685650
447 1.070662
448 0.787516
449 0.836305
450 0.509920
451 0.384839
452 0.729075
453 0.803723
454 0.880155
455 0.801150
456 1.148354
457 1.040384
458 0.887448
459 0.785094
460 0.462998
461 0.587731
462 0.353760
463 0.466178
464 0.553638
465 0.741792
466 0.998957
467 1.000796
468 0.915637
469 0.823336
470 1.034238
471 1.017153
472 0.934695
473 0.672054
474 0.904855
475 0.792311
476 0.523616
477 0.795348
478 1.168577
479 1.423473
480 1.400029
481 1.057069
482 0.690363
483 1.102616
484 1.186934
485 1.283734
486 0.495045
487 0.597532
488 0.850618
489 0.846480
490 0.831470
491 1.243820
492 1.022740
493 0.862675
494 1.033771
495 0.745335
496 1.084286
497 0.408060
498 0.376620
499 1.282638
500 0.923865
501 0.997219
502 1.266068
503 0.908189
504 1.112828
505 1.061668
506 0.958412
507 0.943277
508 0.786671
509 1.091872
510 1.137127
511 0.849431
512 0.860817
513 0.696645
514 0.740674
515 1.184763
516 0.776502
517 0.748992
518 1.457643
519 1.106997
520 1.001275
521 1.010074
522 1.056066
523 0.797390
524 0.975480
525 1.320336
526 0.969051
527 0.916391
528 1.065422
529 1.335113
530 1.507211
531 1.367209
532 1.091635
533 1.292538
534 1.765275
535 1.246057
536 1.133468
537 1.445514
538 1.270172
539 1.986713
540 1.955743
541 1.177874
542 0.979351
543 0.879373
544 1.090060
545 1.310558
546 1.291691
547 0.752467
548 1.090693
549 1.207955
550 1.016909
551 1.265195
552 1.491955
553 1.564963
554 0.913575
555 1.057146
556 0.974152
557 0.983469
558 0.900898
559 1.521498
560 1.903065
561 1.334556
562 1.290828
563 1.611443
564 1.368596
565 1.028615
566 1.141019
567 0.933386
568 1.027438
569 0.880738
570 0.942650
571 0.923851
572 1.283360
573 1.491488
574 1.034370
575 1.070574
576 2.626968
577 1.327458
578 0.765837
579 0.660773
580 1.082223
581 1.188515
582 1.111748
583 1.621826
584 1.623019
585 0.903440
586 0.767753
587 1.117380
588 1.118260
589 1.053035
590 1.140060
591 1.129431
592 1.000160
593 1.036442
594 1.169142
595 1.194355
596 1.351808
597 1.310608
598 1.068458
599 1.983935
600 1.748872
601 1.254264
602 1.091018
603 0.624330
604 1.077801
605 1.559272
606 0.919236
607 0.977911
608 0.949023
609 0.980722
610 0.656722
611 1.018298
612 1.140829
613 1.061343
614 1.259640
615 1.209968
616 1.358075
617 0.778899
618 1.068918
619 0.962051
620 1.010886
621 1.071705
622 1.017274
623 1.145787
624 1.309247
625 1.018577
626 0.914065
627 1.607490
628 1.273028
629 1.254174
630 1.692734
631 1.382369
632 1.390786
633 1.580397
634 1.147966
635 1.063611
636 0.660866
637 0.878512
638 0.891384
639 1.703219
640 1.700955
641 1.037045
642 1.105735
643 1.027549
644 1.068472
645 1.018848
646 0.801094
647 0.602859
648 1.417450
649 1.502001
650 1.189997
651 1.392689
652 1.406044
653 1.217526
654 1.324882
655 1.112361
656 0.861305
657 1.176314
658 0.839413
659 1.130926
660 1.141182
661 1.480475
662 1.058118
663 0.818037
664 1.065294
665 1.569932
666 1.215979
667 0.751644
668 0.953452
669 1.156916
670 1.446932
671 1.186050
672 1.114129
673 1.081719
674 0.843004
675 1.101739
676 1.115398
677 0.819006
678 0.873547
679 1.413180
680 1.326049
681 0.790344
682 1.307329
683 1.325980
684 0.823588
685 0.811752
686 0.973659
687 1.146594
688 1.290965
689 0.791466
690 1.289640
691 1.390448
692 0.655794
693 1.008858
694 0.557776
695 0.973627
696 1.061071
697 0.987237
698 0.698444
699 0.666520
700 1.047582
701 1.047721
702 0.574728
703 0.573112
704 0.659724
705 0.801474
706 1.007054
707 1.321518
708 1.180629
709 0.359188
710 0.935390
711 0.775669
712 1.300772
713 0.947684
714 0.847939
715 0.443932
716 0.694032
717 0.761683
718 0.780887
719 0.731743
720 0.552984
721 0.502555
722 0.666109
723 0.769472
724 0.738293
725 1.054881
726 0.704956
727 0.574239
728 0.692140
729 0.725105
730 0.484834
731 0.958291
732 0.921372
733 1.167435
734 0.920130
735 0.639338
736 0.699256
737 0.717251
738 -0.032125
739 0.570979
740 0.457238
741 0.445433
742 0.806852
743 0.678745
744 1.011723
745 0.981064
746 0.612166
747 0.903749
748 0.621589
749 0.913596
750 0.711946
751 0.451272
752 0.899427
753 1.436203
754 0.716914
755 0.528656
756 0.669198
757 0.969465
758 0.564702
759 0.567957
760 1.078795
761 0.569201
762 0.442094
763 0.679635
764 0.431920
765 1.007885
766 0.351496
767 0.682896
768 0.514770
769 0.749193
770 0.437112
771 0.266338
772 0.356086
773 0.641134
774 0.221007
775 0.524411
776 0.584543
777 0.862063
778 0.792611
779 0.651584
780 0.636514
781 0.845046
782 0.338310
783 0.366846
784 0.417916
785 0.718646
786 0.182301
787 0.322668
788 0.994622
789 0.913468
790 0.531050
791 0.758771
792 0.332274
793 0.242007
794 0.920785
795 0.550581
796 0.799118
797 0.213608
798 0.868618
799 0.315177
800 0.495571
801 0.777560
802 1.066537
803 0.887833
804 0.651104
805 0.856546
806 0.052964
807 0.725317
808 0.639848
809 0.399780
810 0.539892
811 0.576231
812 0.465615
813 0.331979
814 0.249604
815 0.373342
816 0.614922
817 0.353779
818 0.809690
819 0.226796
820 0.414714
821 0.613359
822 0.468929
823 0.478576
824 0.115949
825 0.334922
826 0.428450
827 0.656852
828 0.683584
829 0.813640
830 0.429741
831 0.759709
832 0.647298
833 0.421144
834 0.497158
835 0.495331
836 0.466263
837 0.262008
838 0.455465
839 0.310957
840 0.573973
841 0.450137
842 0.257580
843 0.679004
844 0.557731
845 0.331813
846 0.426160
847 0.445848
848 0.217088
849 0.454189
850 0.644381
851 0.758457
852 1.138426
853 0.461888
854 0.475623
855 -0.460432
856 0.776913
857 0.718982
858 0.592500
859 0.327283
860 0.504558
861 0.042288
862 0.637388
863 0.344619
864 0.427014
865 0.271154
866 0.417435
867 0.548990
868 0.262123
869 0.063025
870 0.582855
871 0.692433
872 0.619706
873 -0.116608
874 0.037646
875 0.274164
876 0.564253
877 0.256367
878 0.447194
879 0.589759
880 0.167507
881 0.077852
882 0.161076
883 0.126052
884 0.157879
885 0.843058
886 0.271745
887 0.001910
888 0.687464
889 0.495253
890 0.306992
891 0.897781
892 0.290142
893 0.692286
894 0.380610
895 0.419698
896 0.438983
897 0.489536
898 0.566585
899 0.113278
900 0.684991
901 0.497509
902 0.586348
903 0.421311
904 0.242771
905 0.434645
906 0.248735
907 -0.002506
908 0.443206
909 0.334413
910 0.406262
911 0.406336
912 0.748930
913 0.298910
914 0.183559
915 0.075721
916 0.258089
917 0.734072
918 0.543133
919 0.153194
920 0.027814
921 0.483266
922 0.628236
923 0.596876
924 0.526638
925 0.290624
926 0.444597
927 0.402288
928 0.703587
929 0.579591
930 0.289119
931 0.526890
932 0.283680
933 0.500182
934 0.699890
935 0.357909
936 0.350574
937 0.480682
938 -0.135552
939 0.310606
940 0.092734
941 0.025761
942 0.429673
943 0.262361
944 0.425070
945 0.489210
946 0.268381
947 0.505088
948 1.114446
949 0.710455
950 0.094822
951 0.291605
952 0.451190
953 0.540712
954 0.595809
955 0.254021
956 0.722414
957 0.449704
958 0.791502
959 0.515384
960 0.696091
961 0.572698
962 0.011482
963 0.249880
964 0.366916
965 0.364437
966 0.750679
967 0.998534
968 0.101343
969 0.162022
970 0.563527
971 0.172079
972 0.492430
973 0.051082
974 0.538201
975 0.675520
976 0.731780
977 0.468052
978 0.629391
979 0.357571
980 0.237759
981 0.624940
982 0.508873
983 0.954289
984 0.395843
985 0.144307
986 0.404080
987 0.357747
988 0.878689
989 1.042099
990 0.364588
991 0.604171
992 0.513900
993 0.363287
994 0.640225
995 0.323611
996 0.391110
997 0.152999
998 0.225141
999 0.314900
1000 -0.104021
1001 0.102037
1002 0.027422
1003 0.177014
1004 0.283660
1005 0.485696
1006 0.501211
1007 0.642590
1008 0.277200
1009 0.208757
1010 0.411044
1011 0.163043
1012 0.267166
1013 0.750006
1014 0.700686
1015 0.437316
1016 0.399842
1017 0.437746
1018 0.675085
1019 0.774651
1020 0.365154
1021 -0.122688
1022 0.104354
1023 1.034499
1024 0.146667
1025 0.300996
1026 0.313511
1027 0.634409
1028 0.184163
1029 0.273328
1030 0.415533
1031 0.518461
1032 0.491366
1033 0.319305
1034 0.137024
1035 0.691596
1036 0.591524
1037 0.626199
1038 0.214589
1039 0.519100
1040 0.556491
1041 0.326455
1042 0.606743
1043 0.468426
1044 0.169358
1045 0.594826
1046 0.623897
1047 0.508797
1048 0.738955
1049 0.524923
1050 0.227686
1051 0.504035
1052 0.319506
1053 0.511829
1054 0.532917
1055 0.736502
1056 0.545307
1057 0.661360
1058 0.365496
1059 0.509811
1060 0.280078
1061 0.735635
1062 0.511114
1063 0.610262
1064 0.257028
1065 0.730141
1066 0.348997
1067 0.548696
1068 0.605461
1069 0.339458
1070 0.338406
1071 0.407918
1072 0.026534
1073 0.743311
1074 0.693537
1075 0.236749
1076 0.103556
1077 0.102001
1078 -0.105302
1079 0.602311
1080 0.476722
1081 0.391901
1082 0.368842
1083 0.366770
1084 0.404596
1085 0.394852
1086 0.432143
1087 0.274565
1088 0.563140
1089 0.610981
1090 0.421339
1091 0.750443
1092 0.488959
1093 0.428909
1094 0.541544
1095 0.724074
1096 0.501349
1097 0.562767
1098 0.847208
1099 0.550532
1100 0.368812
1101 0.002430
1102 0.555670
1103 0.380290
1104 0.361147
1105 1.264688
1106 0.925921
1107 0.632911
1108 0.894742
1109 0.707398
1110 0.736558
1111 0.324262
1112 0.552755
1113 0.721049
1114 0.277641
1115 0.735535
1116 0.986754
1117 0.492530
1118 0.718952
1119 0.620469
1120 0.311990
1121 0.524319
1122 0.708481
1123 0.634541
1124 0.777142
1125 0.578421
1126 0.692226
1127 0.278872
1128 0.433426
1129 0.880209
1130 0.601412
1131 0.674101
1132 1.022138
1133 0.519907
1134 0.426694
1135 0.160737
1136 0.455008
1137 0.060944
1138 0.674535
1139 0.757516
1140 1.002797
1141 0.471108
1142 0.660968
1143 0.295613
1144 0.335394
1145 0.739189
1146 0.788604
1147 0.639309
1148 0.771541
1149 0.380481
1150 0.338493
1151 0.130626
1152 0.517822
1153 0.101597
1154 0.502103
1155 0.738252
1156 0.461920
1157 0.718209
1158 0.410964
1159 0.900050
1160 0.455578
1161 0.285497
1162 0.065026
1163 0.437455
1164 0.430361
1165 0.399487
1166 0.103423
1167 0.321199
1168 0.633231
1169 0.740678
1170 0.221836
1171 0.449287
1172 0.372284
1173 0.626239
1174 0.229275
1175 0.304768
1176 1.137664
1177 0.085085
1178 0.698275
1179 0.471350
1180 0.787924
1181 0.814112
1182 0.226646
1183 0.352203
1184 0.524153
1185 0.770091
1186 0.707047
1187 0.814511
1188 0.722456
1189 0.134078
1190 0.546841
1191 0.440938
1192 0.419847
1193 0.161673
1194 0.666342
1195 0.150832
1196 0.625301
1197 0.407490
1198 0.568323
1199 0.445504
1200 0.872562
1201 0.078618
1202 0.652491
1203 0.591206
1204 0.303898
1205 0.445627
1206 0.894509
1207 0.680764
1208 0.601022
1209 0.242858
1210 0.365685
1211 0.582566
1212 0.158428
1213 0.683107
1214 0.533977
1215 0.730455
0 -0.944470
1 -0.490316
2 -0.273746
3 0.116679
4 0.114935
5 -0.653631
6 -0.263826
7 0.109955
8 0.934405
9 0.527533
10 0.379248
11 0.726122
12 0.663785
13 0.714237
14 0.784466
15 0.382854
16 0.379026
17 0.490875
18 1.315089
19 0.515121
20 0.860738
21 0.298317
22 0.646579
23 0.618397
24 1.141858
25 0.937411
26 1.183607
27 0.962867
28 0.453474
29 0.560116
30 0.643134
31 1.180754
32 0.730891
33 0.869947
34 0.969423
35 0.757726
36 1.398076
37 0.625148
38 0.629696
39 0.887023
40 0.739802
41 0.887122
42 0.501094
43 0.338502
44 0.770511
45 0.787992
46 0.829465
47 0.868970
48 0.581377
49 0.500596
50 0.769250
51 0.404240
52 0.947180
53 0.916145
54 0.821576
55 0.630854
56 1.131273
57 0.479807
58 1.325555
59 0.513643
60 0.543000
61 0.354012
62 0.521930
63 1.013327
64 1.243352
65 0.782487
66 0.944687
67 0.262941
68 0.841544
69 0.477264
70 0.759577
71 0.711561
72 0.494734
73 0.916429
74 0.439991
75 0.670966
76 0.471545
77 0.773492
78 0.902049
79 0.961185
80 0.755682
81 0.545884
82 0.563982
83 0.231727
84 0.514861
85 0.551763
86 0.612851
87 0.672174
88 0.685512
89 0.661952
90 0.538659
91 1.049567
92 0.611087
93 0.460407
94 0.071386
95 0.339383
96 0.663374
97 0.550948
98 0.492483
99 1.130489
100 0.851945
101 0.271490
102 0.476716
103 0.717261
104 0.921832
105 0.633437
106 1.135359
107 0.741900
108 0.982243
109 1.090275
110 1.199995
111 0.701536
112 0.907815
113 0.520040
114 0.254942
115 0.743187
116 0.684473
117 0.551329
118 0.503852
119 0.407908
120 0.874555
121 0.653277
122 0.865818
123 0.642045
124 0.571495
125 0.906264
126 -0.023307
127 0.691959
128 0.301807
129 0.539569
130 1.128725
131 0.479294
132 0.658334
133 0.833819
134 0.564864
135 0.549803
136 0.315450
137 0.372675
138 0.466544
139 0.922785
140 0.579354
141 0.418112
142 0.609619
143 0.441379
144 0.538593
145 0.768380
146 0.903207
147 1.165946
148 0.849915
149 0.626117
150 0.687334
151 0.943496
152 0.654734
153 0.296106
154 1.228628
155 0.686484
156 0.473450
157 0.412104
158 0.190178
159 0.760407
160 0.756508
161 0.585399
162 0.533312
163 0.534266
164 0.121271
165 0.872097
166 0.661476
167 0.792446
168 0.331949
169 0.441500
170 0.731466
171 0.464108
172 0.600517
173 0.443316
174 0.607243
175 0.280865
176 0.241592
177 0.716309
178 0.780665
179 1.104694
180 0.189772
181 0.411373
182 0.871802
183 0.772411
184 0.935512
185 1.061291
186 0.933009
187 1.190361
188 1.395053
189 0.948493
190 1.213194
191 0.999829
192 0.777548
193 0.970321
194 1.543153
195 0.897838
196 0.831850
197 0.779681
198 1.200128
199 1.693042
200 1.251976
201 1.483009
202 1.110775
203 1.023158
204 0.756673
205 1.010155
206 1.287879
207 1.144852
208 0.656314
209 1.226783
210 1.254105
211 0.428544
212 0.542574
213 0.905348
214 0.890178
215 1.171046
216 0.799667
217 0.833771
218 1.196792
219 0.933095
220 0.596678
221 0.912580
222 1.048488
223 1.256559
224 0.235528
225 0.438436
226 0.885173
227 1.597225
228 0.567801
229 0.576227
230 0.308988
231 0.498183
232 0.415196
233 0.702668
234 0.621827
235 0.655966
236 0.419264
237 0.647446
238 0.508141
239 0.310669
240 0.635654
241 0.413396
242 0.533187
243 0.254059
244 0.621137
245 0.397380
246 0.976361
247 0.424461
248 0.581067
249 0.483429
250 0.723199
251 0.429824
252 0.625322
253 0.408441
254 0.820664
255 0.657838
256 0.771961
257 0.619901
258 0.654390
259 1.237006
260 0.551792
261 0.368503
262 0.516343
263 0.934167
264 0.703958
265 0.720090
266 0.548993
267 1.185885
268 1.158990
269 0.470166
270 0.309884
271 0.489349
272 0.645181
273 1.245083
274 0.648839
275 0.580566
276 1.190100
277 0.796964
278 0.500627
279 0.659154
280 1.254280
281 0.844797
282 0.420306
283 0.175336
284 0.201165
285 0.865787
286 0.071326
287 0.470510
288 0.584433
289 0.773054
290 0.672655
291 0.462630
292 0.504317
293 0.740584
294 0.878926
295 0.451228
296 0.420950
297 0.255712
298 0.546860
299 0.396595
300 0.563286
301 0.716752
302 0.649836
303 0.345792
304 0.189420
305 0.577430
306 0.642595
307 0.547731
308 0.382115
309 0.604431
310 0.182983
311 0.327504
312 0.421662
313 0.980716
314 0.477913
315 0.415861
316 0.416825
317 0.419861
318 0.656299
319 0.471775
320 0.421081
321 0.691371
322 0.507093
323 0.106740
324 0.310121
325 0.630035
326 0.544986
327 0.522918
328 0.221539
329 0.399651
330 0.490151
331 0.802333
332 0.544387
333 0.464565
334 0.627225
335 0.388169
336 0.724601
337 0.241022
338 0.673221
339 0.690558
340 0.660276
341 0.141015
342 0.207409
343 0.710168
344 0.707801
345 0.372189
346 0.449678
347 1.079192
348 0.486166
349 0.561141
350 0.361165
351 0.795144
352 0.766493
353 0.415773
354 0.178243
355 0.588486
356 0.794659
357 0.644046
358 0.340368
359 0.573641
360 0.949937
361 0.224066
362 0.197671
363 0.471224
364 0.787839
365 0.609235
366 0.413713
367 0.117468
368 0.314867
369 0.624553
370 0.353782
371 0.544132
372 1.570897
373 0.673686
374 0.462630
375 0.136758
376 0.678254
377 0.891342
378 0.706726
379 0.384991
380 0.909474
381 1.050435
382 0.883109
383 0.309474
384 0.419695
385 0.574045
386 0.357436
387 0.464880
388 0.358163
389 0.834933
390 0.911555
391 0.604907
392 0.374317
393 0.658670
394 1.472079
395 0.312638
396 0.221371
397 0.401903
398 0.765177
399 0.578460
400 0.434463
401 0.143792
402 0.330065
403 0.591946
404 0.626476
405 0.280507
406 0.570088
407 0.893984
408 0.506528
409 0.446034
410 0.393019
411 1.133487
412 0.310953
413 0.318598
414 0.410846
415 0.706588
416 0.493296
417 0.606159
418 0.479652
419 0.318146
420 0.627288
421 0.590924
422 0.677791
423 0.408711
424 0.904799
425 0.894239
426 1.117344
427 0.510428
428 0.630908
429 0.436708
430 0.403165
431 0.711152
432 0.437132
433 0.710365
434 0.813054
435 1.554123
436 0.529014
437 0.637617
438 1.044913
439 0.703383
440 0.727535
441 0.549088
442 1.018532
443 1.106136
444 0.630831
445 0.620518
446 0.685650
447 1.070662
448 0.787516
449 0.836305
450 0.509920
451 0.384839
452 0.729075
453 0.803723
454 0.880155
455 0.801150
456 1.148354
457 1.040384
458 0.887448
459 0.785094
460 0.462998
461 0.587731
462 0.353760
463 0.466178
464 0.553638
465 0.741792
466 0.998957
467 1.000796
468 0.915637
469 0.823336
470 1.034238
471 1.017153
472 0.934695
473 0.672054
474 0.904855
475 0.792311
476 0.523616
477 0.795348
478 1.168577
479 1.423473
480 1.400029
481 1.057069
482 0.690363
483 1.102616
484 1.186934
485 1.283734
486 0.495045
487 0.597532
488 0.850618
489 0.846480
490 0.831470
491 1.243820
492 1.022740
493 0.862675
494 1.033771
495 0.745335
496 1.084286
497 0.408060
498 0.376620
499 1.282638
500 0.923865
501 0.997219
502 1.266068
503 0.908189
504 1.112828
505 1.061668
506 0.958412
507 0.943277
508 0.786671
509 1.091872
510 1.137127
511 0.849431
512 0.860817
513 0.696645
514 0.740674
515 1.184763
516 0.776502
517 0.748992
518 1.457643
519 1.106997
520 1.001275
521 1.010074
522 1.056066
523 0.797390
524 0.975480
525 1.320336
526 0.969051
527 0.916391
528 1.065422
529 1.335113
530 1.507211
531 1.367209
532 1.091635
533 1.292538
534 1.765275
535 1.246057
536 1.133468
537 1.445514
538 1.270172
539 1.986713
540 1.955743
541 1.177874
542 0.979351
543 0.879373
544 1.090060
545 1.310558
546 1.291691
547 0.752467
548 1.090693
549 1.207955
550 1.016909
551 1.265195
552 1.491955
553 1.564963
554 0.913575
555 1.057146
556 0.974152
557 0.983469
558 0.900898
559 1.521498
560 1.903065
561 1.334556
562 1.290828
563 1.611443
564 1.368596
565 1.028615
566 1.141019
567 0.933386
568 1.027438
569 0.880738
570 0.942650
571 0.923851
572 1.283360
573 1.491488
574 1.034370
575 1.070574
576 2.626968
577 1.327458
578 0.765837
579 0.660773
580 1.082223
581 1.188515
582 1.111748
583 1.621826
584 1.623019
585 0.903440
586 0.767753
587 1.117380
588 1.118260
589 1.053035
590 1.140060
591 1.129431
592 1.000160
593 1.036442
594 1.169142
595 1.194355
596 1.351808
597 1.310608
598 1.068458
599 1.983935
600 1.748872
601 1.254264
602 1.091018
603 0.624330
604 1.077801
605 1.559272
606 0.919236
607 0.977911
608 0.949023
609 0.980722
610 0.656722
611 1.018298
612 1.140829
613 1.061343
614 1.259640
615 1.209968
616 1.358075
617 0.778899
618 1.068918
619 0.962051
620 1.010886
621 1.071705
622 1.017274
623 1.145787
624 1.309247
625 1.018577
626 0.914065
627 1.607490
628 1.273028
629 1.254174
630 1.692734
631 1.382369
632 1.390786
633 1.580397
634 1.147966
635 1.063611
636 0.660866
637 0.878512
638 0.891384
639 1.703219
640 1.700955
641 1.037045
642 1.105735
643 1.027549
644 1.068472
645 1.018848
646 0.801094
647 0.602859
648 1.417450
649 1.502001
650 1.189997
651 1.392689
652 1.406044
653 1.217526
654 1.324882
655 1.112361
656 0.861305
657 1.176314
658 0.839413
659 1.130926
660 1.141182
661 1.480475
662 1.058118
663 0.818037
664 1.065294
665 1.569932
666 1.215979
667 0.751644
668 0.953452
669 1.156916
670 1.446932
671 1.186050
672 1.114129
673 1.081719
674 0.843004
675 1.101739
676 1.115398
677 0.819006
678 0.873547
679 1.413180
680 1.326049
681 0.790344
682 1.307329
683 1.325980
684 0.823588
685 0.811752
686 0.973659
687 1.146594
688 1.290965
689 0.791466
690 1.289640
691 1.390448
692 0.655794
693 1.008858
694 0.557776
695 0.973627
696 1.061071
697 0.987237
698 0.698444
699 0.666520
700 1.047582
701 1.047721
702 0.574728
703 0.573112
704 0.659724
705 0.801474
706 1.007054
707 1.321518
708 1.180629
709 0.359188
710 0.935390
711 0.775669
712 1.300772
713 0.947684
714 0.847939
715 0.443932
716 0.694032
717 0.761683
718 0.780887
719 0.731743
720 0.552984
721 0.502555
722 0.666109
723 0.769472
724 0.738293
725 1.054881
726 0.704956
727 0.574239
728 0.692140
729 0.725105
730 0.484834
731 0.958291
732 0.921372
733 1.167435
734 0.920130
735 0.639338
736 0.699256
737 0.717251
738 -0.032125
739 0.570979
740 0.457238
741 0.445433
742 0.806852
743 0.678745
744 1.011723
745 0.981064
746 0.612166
747 0.903749
748 0.621589
749 0.913596
750 0.711946
751 0.451272
752 0.899427
753 1.436203
754 0.716914
755 0.528656
756 0.669198
757 0.969465
758 0.564702
759 0.567957
760 1.078795
761 0.569201
762 0.442094
763 0.679635
764 0.431920
765 1.007885
766 0.351496
767 0.682896
768 0.514770
769 0.749193
770 0.437112
771 0.266338
772 0.356086
773 0.641134
774 0.221007
775 0.524411
776 0.584543
777 0.862063
778 0.792611
779 0.651584
780 0.636514
781 0.845046
782 0.338310
783 0.366846
784 0.417916
785 0.718646
786 0.182301
787 0.322668
788 0.994622
789 0.913468
790 0.531050
791 0.758771
792 0.332274
793 0.242007
794 0.920785
795 0.550581
796 0.799118
797 0.213608
798 0.868618
799 0.315177
800 0.495571
801 0.777560
802 1.066537
803 0.887833
804 0.651104
805 0.856546
806 0.052964
807 0.725317
808 0.639848
809 0.399780
810 0.539892
811 0.576231
812 0.465615
813 0.331979
814 0.249604
815 0.373342
816 0.614922
817 0.353779
818 0.809690
819 0.226796
820 0.414714
821 0.613359
822 0.468929
823 0.478576
824 0.115949
825 0.334922
826 0.428450
827 0.656852
828 0.683584
829 0.813640
830 0.429741
831 0.759709
832 0.647298
833 0.421144
834 0.497158
835 0.495331
836 0.466263
837 0.262008
838 0.455465
839 0.310957
840 0.573973
841 0.450137
842 0.257580
843 0.679004
844 0.557731
845 0.331813
846 0.426160
847 0.445848
848 0.217088
849 0.454189
850 0.644381
851 0.758457
852 1.138426
853 0.461888
854 0.475623
855 -0.460432
856 0.776913
857 0.718982
858 0.592500
859 0.327283
860 0.504558
861 0.042288
862 0.637388
863 0.344619
864 0.427014
865 0.271154
866 0.417435
867 0.548990
868 0.262123
869 0.063025
870 0.582855
871 0.692433
872 0.619706
873 -0.116608
874 0.037646
875 0.274164
876 0.564253
877 0.256367
878 0.447194
879 0.589759
880 0.167507
881 0.077852
882 0.161076
883 0.126052
884 0.157879
885 0.843058
886 0.271745
887 0.001910
888 0.687464
889 0.495253
890 0.306992
891 0.897781
892 0.290142
893 0.692286
894 0.380610
895 0.419698
896 0.438983
897 0.489536
898 0.566585
899 0.113278
900 0.684991
901 0.497509
902 0.586348
903 0.421311
904 0.242771
905 0.434645
906 0.248735
907 -0.002506
908 0.443206
909 0.334413
910 0.406262
911 0.406336
912 0.748930
913 0.298910
914 0.183559
915 0.075721
916 0.258089
917 0.734072
918 0.543133
919 0.153194
920 0.027814
921 0.483266
922 0.628236
923 0.596876
924 0.526638
925 0.290624
926 0.444597
927 0.402288
928 0.703587
929 0.579591
930 0.289119
931 0.526890
932 0.283680
933 0.500182
934 0.699890
935 0.357909
936 0.350574
937 0.480682
938 -0.135552
939 0.310606
940 0.092734
941 0.025761
942 0.429673
943 0.262361
944 0.425070
945 0.489210
946 0.268381
947 0.505088
948 1.114446
949 0.710455
950 0.094822
951 0.291605
952 0.451190
953 0.540712
954 0.595809
955 0.254021
956 0.722414
957 0.449704
958 0.791502
959 0.515384
960 0.696091
961 0.572698
962 0.011482
963 0.249880
964 0.366916
965 0.364437
966 0.750679
967 0.998534
968 0.101343
969 0.162022
970 0.563527
971 0.172079
972 0.492430
973 0.051082
974 0.538201
975 0.675520
976 0.731780
977 0.468052
978 0.629391
979 0.357571
980 0.237759
981 0.624940
982 0.508873
983 0.954289
984 0.395843
985 0.144307
986 0.404080
987 0.357747
988 0.878689
989 1.042099
990 0.364588
991 0.604171
992 0.513900
993 0.363287
994 0.640225
995 0.323611
996 0.391110
997 0.152999
998 0.225141
999 0.314900
1000 -0.104021
1001 0.102037
1002 0.027422
1003 0.177014
1004 0.283660
1005 0.485696
1006 0.501211
1007 0.642590
1008 0.277200
1009 0.208757
1010 0.411044
1011 0.163043
1012 0.267166
1013 0.750006
1014 0.700686
1015 0.437316
1016 0.399842
1017 0.437746
1018 0.675085
1019 0.774651
1020 0.365154
1021 -0.122688
1022 0.104354
1023 1.034499
1024 0.146667
1025 0.300996
1026 0.313511
1027 0.634409
1028 0.184163
1029 0.273328
1030 0.415533
1031 0.518461
1032 0.491366
1033 0.319305
1034 0.137024
1035 0.691596
1036 0.591524
1037 0.626199
1038 0.214589
1039 0.519100
1040 0.556491
1041 0.326455
1042 0.606743
1043 0.468426
1044 0.169358
1045 0.594826
1046 0.623897
1047 0.508797
1048 0.738955
1049 0.524923
1050 0.227686
1051 0.504035
1052 0.319506
1053 0.511829
1054 0.532917
1055 0.736502
1056 0.545307
1057 0.661360
1058 0.365496
1059 0.509811
1060 0.280078
1061 0.735635
1062 0.511114
1063 0.610262
1064 0.257028
1065 0.730141
1066 0.348997
1067 0.548696
1068 0.605461
1069 0.339458
1070 0.338406
1071 0.407918
1072 0.026534
1073 0.743311
1074 0.693537
1075 0.236749
1076 0.103556
1077 0.102001
1078 -0.105302
1079 0.602311
1080 0.476722
1081 0.391901
1082 0.368842
1083 0.366770
1084 0.404596
1085 0.394852
1086 0.432143
1087 0.274565
1088 0.563140
1089 0.610981
1090 0.421339
1091 0.750443
1092 0.488959
1093 0.428909
1094 0.541544
1095 0.724074
1096 0.501349
1097 0.562767
1098 0.847208
1099 0.550532
1100 0.368812
1101 0.002430
1102 0.555670
1103 0.380290
1104 0.361147
1105 1.264688
1106 0.925921
1107 0.632911
1108 0.894742
1109 0.707398
1110 0.736558
1111 0.324262
1112 0.552755
1113 0.721049
1114 0.277641
1115 0.735535
1116 0.986754
1117 0.492530
1118 0.718952
1119 0.620469
1120 0.311990
1121 0.524319
1122 0.708481
1123 0.634541
1124 0.777142
1125 0.578421
1126 0.692226
1127 0.278872
1128 0.433426
1129 0.880209
1130 0.601412
1131 0.674101
1132 1.022138
1133 0.519907
1134 0.426694
1135 0.160737
1136 0.455008
1137 0.060944
1138 0.674535
1139 0.757516
1140 1.002797
1141 0.471108
1142 0.660968
1143 0.295613
1144 0.335394
1145 0.739189
1146 0.788604
1147 0.639309
1148 0.771541
1149 0.380481
1150 0.338493
1151 0.130626
1152 0.517822
1153 0.101597
1154 0.502103
1155 0.738252
1156 0.461920
1157 0.718209
1158 0.410964
1159 0.900050
1160 0.455578
1161 0.285497
1162 0.065026
1163 0.437455
1164 0.430361
1165 0.399487
1166 0.103423
1167 0.321199
1168 0.633231
1169 0.740678
1170 0.221836
1171 0.449287
1172 0.372284
1173 0.626239
1174 0.229275
1175 0.304768
1176 1.137664
1177 0.085085
1178 0.698275
1179 0.471350
1180 0.787924
1181 0.814112
1182 0.226646
1183 0.352203
1184 0.524153
1185 0.770091
1186 0.707047
1187 0.814511
1188 0.722456
1189 0.134078
1190 0.546841
1191 0.440938
1192 0.419847
1193 0.161673
1194 0.666342
1195 0.150832
1196 0.625301
1197 0.407490
1198 0.568323
1199 0.445504
1200 0.872562
1201 0.078618
1202 0.652491
1203 0.591206
1204 0.303898
1205 0.445627
1206 0.894509
1207 0.680764
1208 0.601022
1209 0.242858
1210 0.365685
1211 0.582566
1212 0.158428
1213 0.683107
1214 0.533977
1215 0.730455
0 -0.944470
1 -0.918172
2 -0.928256
3 -0.324551
4 -0.690523
5 -0.212391
6 0.130091
7 0.250756
8 0.861995
9 1.072136
10 0.875111
11 1.193069
12 0.922977
13 1.197520
14 1.048379
15 0.839035
16 1.066098
17 0.469826
18 0.839108
19 0.936850
20 0.945314
21 0.918931
22 1.094550
23 1.166988
24 1.093643
25 1.015079
26 1.134039
27 1.376975
28 0.891628
29 1.108956
30 1.688952
31 1.340073
32 0.964506
33 1.027744
34 1.322480
35 0.948398
36 0.947988
37 0.904328
38 0.832806
39 1.070412
40 1.266117
41 1.463321
42 1.024031
43 1.048555
44 1.008671
45 0.976469
46 1.514534
47 1.207784
48 1.469565
49 1.236619
50 0.881554
51 1.251880
52 0.981784
53 1.303245
54 0.889191
55 1.123707
56 0.861340
57 1.449040
58 1.087278
59 1.043283
60 1.304393
61 0.915697
62 0.518377
63 0.950306
64 1.078876
65 1.109954
66 0.839095
67 1.108688
68 1.167197
69 1.307068
70 0.963863
71 1.220722
72 1.475019
73 1.185080
74 1.241723
75 0.885615
76 1.092963
77 1.196376
78 1.429014
79 1.283835
80 0.879220
81 1.215002
82 1.219279
83 1.537085
84 1.081188
85 0.872274
86 1.423308
87 1.028342
88 1.135442
89 1.337556
90 1.575045
91 1.435294
92 1.673406
93 1.434450
94 0.652623
95 0.840574
96 1.167886
97 1.141876
98 1.348510
99 1.229371
100 0.924559
101 0.850201
102 0.997972
103 1.157656
104 0.900331
105 0.954269
106 0.971263
107 1.200493
108 1.251587
109 1.136827
110 1.451159
111 1.805391
112 1.212605
113 1.301640
114 1.308341
115 0.817227
116 1.180666
117 1.612197
118 0.808981
119 1.127274
120 1.107404
121 0.994174
122 1.198411
123 0.891848
124 0.978554
125 1.142886
126 1.233113
127 1.188224
128 0.676128
129 0.930857
130 0.711707
131 1.177494
132 0.945511
133 1.268734
134 1.100571
135 1.327878
136 1.527459
137 1.263251
138 1.166590
139 1.450274
140 0.864158
141 1.432615
142 1.934219
143 1.312687
144 1.145716
145 1.426977
146 1.439177
147 0.847519
148 0.884452
149 1.066817
150 0.680753
151 0.593320
152 1.128115
153 0.698806
154 0.875624
155 1.050349
156 1.088145
157 0.532328
158 1.123580
159 0.910540
160 0.930811
161 0.791838
162 1.162686
163 0.939937
164 0.793458
165 0.827293
166 1.235308
167 1.113516
168 0.970358
169 0.993861
170 1.484337
171 1.312060
172 1.343032
173 1.413355
174 0.801372
175 1.322185
176 1.287007
177 1.113667
178 1.132975
179 1.175164
180 1.083584
181 1.064102
182 0.927537
183 0.985912
184 1.071511
185 0.851879
186 1.074427
187 1.211042
188 0.786170
189 1.046523
190 1.270290
191 1.267881
192 1.197925
193 0.830641
194 1.244497
195 1.305615
196 1.867323
197 1.697371
198 1.234546
199 1.045859
200 1.260696
201 1.157933
202 1.327681
203 1.371898
204 1.191699
205 0.942219
206 1.173294
207 0.860322
208 1.156528
209 1.024903
210 0.752331
211 1.402212
212 1.053989
213 1.657143
214 1.353811
215 0.966201
216 1.241004
217 1.260077
218 1.211637
219 1.517313
220 1.413174
221 1.129447
222 1.202883
223 0.935807
224 1.259566
225 1.178526
226 0.970134
227 0.851928
228 0.504125
229 0.660830
230 0.747905
231 0.687700
232 0.795226
233 0.836529
234 0.950936
235 1.061411
236 0.861827
237 0.975080
238 1.274782
239 1.192201
240 0.905309
241 1.091113
242 1.004371
243 1.103388
244 1.878677
245 1.018699
246 0.939649
247 0.968885
248 1.082277
249 0.917169
250 0.472182
251 1.330719
252 1.018377
253 0.767712
254 0.770601
255 0.737398
256 1.043793
257 1.095709
258 1.728420
259 1.496383
260 1.004655
261 0.691006
262 1.592373
263 1.671619
264 1.674879
265 1.475139
266 1.169930
267 1.098493
268 0.846918
269 0.899908
270 1.279903
271 1.094342
272 1.617154
273 1.817417
274 1.380307
275 1.159219
276 1.380043
277 1.632373
278 0.982214
279 0.766447
280 0.974096
281 1.541448
282 0.839388
283 1.030216
284 2.169016
285 2.054478
286 1.760337
287 1.229629
288 0.993757
289 0.353410
290 1.156154
291 1.099931
292 1.153952
293 1.213796
294 1.500212
295 0.839461
296 0.798402
297 1.089897
298 1.922644
299 2.348719
300 1.315421
301 1.162885
302 1.368808
303 1.573069
304 1.126423
305 1.486064
306 1.567756
307 1.417828
308 1.067245
309 1.194853
310 1.139274
311 1.412160
312 1.307660
313 0.817004
314 0.861104
315 1.082692
316 1.664484
317 1.409888
318 1.190501
319 0.682060
320 1.410965
321 1.748139
322 1.690682
323 1.325874
324 1.700439
325 1.623208
326 1.148099
327 1.332051
328 1.236153
329 0.922862
330 0.861881
331 1.810204
332 1.063593
333 0.634997
334 1.192445
335 1.233379
336 1.502608
337 1.445676
338 0.812118
339 0.812922
340 1.749562
341 1.126582
342 1.181126
343 1.414698
344 0.989601
345 1.730700
346 1.622766
347 1.267477
348 1.454507
349 1.311252
350 1.096579
351 1.700106
352 1.484079
353 1.168109
354 1.183322
355 0.955803
356 0.563040
357 1.018049
358 1.433624
359 1.450740
360 1.734903
361 1.985276
362 2.061219
363 1.417028
364 1.353651
365 1.014612
366 1.566431
367 1.807592
368 1.399342
369 1.251073
370 2.349159
371 1.283514
372 1.116722
373 1.261804
374 1.117798
375 1.786833
376 1.584304
377 1.207084
378 1.656194
379 1.401956
380 0.799523
381 1.026739
382 1.134617
383 1.127762
384 1.179137
385 1.266943
386 1.354101
387 0.859823
388 0.939449
389 1.030455
390 1.471478
391 1.438813
392 0.839519
393 0.905652
394 0.957614
395 1.234216
396 1.355516
397 0.709047
398 0.792849
399 1.058568
400 0.650327
401 0.998499
402 0.839407
403 1.086059
404 1.948685
405 0.973735
406 1.122786
407 0.797202
408 1.252685
409 1.383366
410 1.082837
411 1.437038
412 1.477373
413 1.245452
414 1.226418
415 1.291950
416 0.905899
417 0.911923
418 1.034507
419 0.939696
420 1.270711
421 1.756483
422 1.368146
423 0.577062
424 0.841371
425 1.199700
426 0.873933
427 1.309232
428 0.894671
429 1.086418
430 1.236263
431 1.441281
432 1.367412
433 1.324031
434 0.625247
435 1.028326
436 1.309823
437 0.965660
438 1.059434
439 1.017974
440 1.298893
441 1.012122
442 0.921067
443 1.479726
444 1.744152
445 1.321083
446 1.153192
447 1.020985
448 0.991539
449 1.555144
450 1.420860
451 1.190239
452 1.199280
453 1.171724
454 1.333281
455 0.898539
456 1.296788
457 0.910337
458 1.076952
459 1.145642
460 1.048842
461 0.866086
462 1.245328
463 1.069302
464 1.330936
465 0.802251
466 1.239254
467 1.084018
468 1.215901
469 1.249091
470 0.926344
471 1.009619
472 1.329816
473 1.354201
474 1.150314
475 0.986012
476 0.976889
477 1.128092
478 0.871645
479 1.509708
480 1.419760
481 1.407125
482 1.433845
483 0.930708
484 1.322461
485 0.988603
486 0.871159
487 0.851748
488 0.845520
489 1.024734
490 0.977122
491 1.269075
492 1.512430
493 1.314443
494 0.962566
495 1.479978
496 1.501702
497 0.911876
498 0.740591
499 0.928557
500 1.411148
501 1.104623
502 1.074137
503 1.228823
504 1.215968
505 1.246661
506 1.450369
507 1.417579
508 0.885775
509 1.216907
510 1.864646
511 1.686338
512 1.469893
513 1.152945
514 1.039478
515 1.154623
516 1.260361
517 0.902020
518 0.840953
519 1.206297
520 1.055471
521 1.146940
522 0.971387
523 1.151356
524 0.912343
525 0.993996
526 1.098218
527 1.560260
528 0.710419
529 0.972057
530 0.851992
531 0.997004
532 0.951342
533 1.031173
534 1.592543
535 0.996505
536 0.959226
537 1.099548
538 1.041776
539 2.167633
540 2.111349
541 1.767090
542 1.131887
543 0.998686
544 1.074966
545 1.171842
546 0.907088
547 1.133252
548 1.141372
549 0.967285
550 0.882098
551 1.111727
552 1.018790
553 1.327796
554 0.901774
555 1.215313
556 1.397594
557 1.049865
558 1.172698
559 1.302609
560 0.921546
561 0.816528
562 0.955340
563 0.700432
564 0.962067
565 0.843491
566 1.088080
567 1.118199
568 1.501595
569 1.119911
570 0.768261
571 0.941848
572 0.932404
573 1.031029
574 0.825471
575 0.868245
576 1.046412
577 1.043867
578 1.071535
579 1.258350
580 1.320384
581 1.169806
582 0.968324
583 0.911370
584 1.197264
585 1.351974
586 1.119526
587 0.806731
588 1.314382
589 1.288944
590 1.469060
591 1.391099
592 1.371560
593 1.454477
594 1.031506
595 1.002492
596 1.193009
597 0.874985
598 1.004171
599 1.004748
600 0.798958
601 0.842670
602 0.690679
603 0.697195
604 0.380064
605 0.940694
606 0.830846
607 0.878814
608 1.070021
609 1.228330
610 1.268972
611 0.831035
612 0.871114
613 0.902694
614 1.170949
615 1.406751
616 1.137622
617 0.522574
618 1.319293
619 0.952468
620 0.799243
621 0.828627
622 1.013332
623 0.913932
624 0.908535
625 0.863306
626 0.962314
627 1.155268
628 0.988191
629 1.158544
630 1.369275
631 0.591180
632 1.031417
633 1.167847
634 0.895452
635 1.005975
636 0.733243
637 0.751815
638 0.748604
639 1.006981
640 0.949514
641 0.579396
642 0.653818
643 1.087980
644 1.197064
645 0.735994
646 0.943571
647 0.506615
648 0.882664
649 0.812034
650 0.150375
651 0.303353
652 0.341139
653 0.256127
654 0.882593
655 1.090194
656 0.630519
657 0.291867
658 0.700935
659 0.924941
660 0.890271
661 0.986312
662 0.424104
663 1.082234
664 0.930697
665 0.885987
666 0.071997
667 0.675333
668 0.991247
669 0.609557
670 1.008876
671 1.061502
672 0.891719
673 0.619427
674 0.127123
675 0.618280
676 0.419859
677 0.850154
678 0.918719
679 0.928137
680 1.136411
681 0.836543
682 0.760623
683 0.358530
684 0.420309
685 1.003613
686 0.770709
687 0.865130
688 0.312375
689 0.462991
690 0.547731
691 0.662609
692 0.838673
693 0.644651
694 0.805422
695 0.672941
696 0.983463
697 0.702145
698 0.526201
699 0.265316
700 0.947044
701 0.449505
702 0.839516
703 0.766933
704 0.802986
705 0.726091
706 0.590220
707 0.681177
708 0.578919
709 0.684401
710 0.446756
711 0.794507
712 0.719360
713 0.556930
714 1.190046
715 0.166230
716 0.881282
717 0.669232
718 0.525673
719 0.620867
720 0.587951
721 0.732334
722 0.971465
723 0.306231
724 0.321372
725 0.944267
726 0.532361
727 0.129606
728 0.218480
729 0.590260
730 0.655018
731 0.562048
732 0.781894
733 0.685418
734 0.758001
735 0.484191
736 1.159429
737 1.202855
738 0.866293
739 1.000126
740 0.654708
741 0.705681
742 0.753483
743 0.819759
744 0.799897
745 0.344059
746 0.671034
747 1.038267
748 0.683025
749 0.447489
750 0.883314
751 0.964618
752 1.243193
753 0.427130
754 0.838788
755 0.421810
756 0.078270
757 0.509016
758 0.691374
759 0.885315
760 0.553536
761 1.155818
762 0.732491
763 0.588332
764 0.649475
765 0.892456
766 0.461242
767 1.053642
768 0.931717
769 0.663835
770 0.410039
771 0.565056
772 0.674008
773 0.481602
774 0.425893
775 0.579118
776 0.820618
777 0.385644
778 0.982845
779 0.705785
780 0.690861
781 0.662062
782 0.827518
783 0.539491
784 0.542872
785 1.004032
786 0.726223
787 1.052793
788 0.903466
789 0.751469
790 0.965173
791 0.792181
792 1.010623
793 0.443878
794 0.684664
795 1.061582
796 0.728708
797 0.739236
798 1.062031
799 0.445839
800 0.537234
801 0.696167
802 0.027363
803 0.598500
804 0.001360
805 1.125886
806 0.716864
807 0.884376
808 0.666285
809 0.867285
810 0.401682
811 0.479409
812 -0.026671
813 0.931436
814 1.200162
815 0.730294
816 0.499798
817 0.306399
818 0.540148
819 0.575647
820 0.064431
821 0.402438
822 0.451416
823 0.714137
824 0.533503
825 1.083230
826 0.742958
827 0.583965
828 0.455625
829 0.839777
830 0.858625
831 1.062221
832 0.728624
833 0.481483
834 0.733398
835 0.639331
836 0.750249
837 0.405323
838 0.666612
839 0.764126
840 0.376652
841 0.353744
842 0.318408
843 1.079160
844 0.414799
845 0.593791
846 0.729541
847 0.331694
848 0.778293
849 0.984372
850 0.808300
851 0.696318
852 0.870744
853 0.662704
854 0.399331
855 0.704808
856 0.752083
857 0.684717
858 0.617203
859 0.876944
860 0.589606
861 0.731313
862 0.718870
863 1.195339
864 0.345039
865 0.377710
866 0.397543
867 1.014839
868 0.524814
869 0.679415
870 0.851440
871 0.570250
872 0.695297
873 0.434903
874 0.462179
875 0.770815
876 0.612217
877 0.547652
878 0.801697
879 0.927353
880 0.585235
881 0.477248
882 0.409690
883 0.220432
884 0.658867
885 0.565433
886 0.418114
887 0.374590
888 1.090716
889 0.861110
890 0.616703
891 0.818038
892 0.427080
893 0.301899
894 0.588406
895 0.757921
896 0.688476
897 0.631741
898 -0.390294
899 0.354617
900 0.650009
901 0.454618
902 0.409579
903 0.375238
904 0.347177
905 0.106119
906 0.489119
907 0.770274
908 0.607526
909 0.725568
910 0.902459
911 0.357647
912 0.412352
913 0.686595
914 0.383553
915 0.360065
916 0.861872
917 0.283532
918 0.556548
919 0.611648
920 0.902606
921 -0.091546
922 0.229028
923 0.940736
924 0.659135
925 0.347941
926 0.882387
927 0.510675
928 0.262577
929 0.831931
930 0.626982
931 0.731032
932 0.894258
933 0.269332
934 0.718333
935 0.634733
936 0.457973
937 0.841995
938 0.517120
939 0.754252
940 0.736443
941 0.693953
942 0.587056
943 0.534905
944 0.509643
945 0.928644
946 1.125939
947 0.670858
948 0.492719
949 1.191412
950 0.592495
951 0.768408
952 0.623534
953 0.366510
954 0.111594
955 0.533615
956 0.427599
957 0.437867
958 0.437539
959 0.526757
960 0.930024
961 0.424331
962 0.687186
963 0.593296
964 0.465402
965 0.842160
966 0.518436
967 0.729778
968 0.478555
969 0.751265
970 0.319668
971 0.214259
972 0.544189
973 0.777797
974 1.018645
975 0.605164
976 0.297169
977 0.561603
978 0.433997
979 0.635449
980 0.394309
981 0.802067
982 0.637766
983 0.212595
984 0.736466
985 0.526626
986 0.791174
987 0.552345
988 0.618384
989 0.946668
990 0.780445
991 0.499154
992 0.575401
993 0.608386
994 0.292507
995 0.337215
996 0.581591
997 0.429367
998 0.237314
999 0.546966
1000 0.916964
1001 0.379437
1002 0.635189
1003 0.174186
1004 0.395638
1005 0.763403
1006 0.469423
1007 0.537752
1008 0.824859
1009 0.648495
1010 0.654629
1011 0.623380
1012 0.495808
1013 0.860571
1014 0.520649
1015 0.586282
1016 0.353361
1017 0.798404
1018 0.850289
1019 0.629248
1020 0.649098
1021 0.898444
1022 0.660131
1023 1.133604
1024 0.802315
1025 0.481765
1026 0.950619
1027 0.644205
1028 0.669148
1029 0.513821
1030 0.525013
1031 0.336777
1032 0.550530
1033 0.947237
1034 0.478478
1035 0.984190
1036 0.279725
1037 0.501609
1038 0.794205
1039 0.971561
1040 0.811195
1041 0.747330
1042 0.643603
1043 0.618527
1044 0.953245
1045 0.579079
1046 0.540702
1047 0.943724
1048 0.800843
1049 0.625802
1050 0.851552
1051 0.781264
1052 0.042132
1053 -0.030818
1054 0.382018
1055 0.301196
1056 0.759245
1057 0.579491
1058 0.321080
1059 0.963251
1060 0.576507
1061 0.836563
1062 0.740794
1063 0.685139
1064 0.527321
1065 0.690054
1066 0.763389
1067 0.381822
1068 0.352768
1069 0.630187
1070 0.416795
1071 0.698533
1072 0.298662
1073 0.127798
1074 0.458117
1075 0.470840
1076 0.461879
1077 0.776108
1078 0.450836
1079 0.654488
1080 1.226195
1081 0.468873
1082 0.681598
1083 0.578591
1084 0.374054
1085 0.601968
1086 0.697640
1087 0.189989
1088 0.330756
1089 0.885012
1090 0.620556
1091 0.691509
1092 1.148427
1093 0.634688
1094 0.465931
1095 0.864074
1096 0.975901
1097 1.344990
1098 0.680788
1099 0.872290
1100 0.679133
1101 0.688005
1102 1.056981
1103 0.497412
1104 0.676365
1105 0.407101
1106 0.250386
1107 0.345887
1108 0.349948
1109 0.675075
1110 0.795416
1111 0.749694
1112 0.700821
1113 0.779739
1114 0.659861
1115 0.515351
1116 0.439470
1117 0.398546
1118 0.317952
1119 0.564312
1120 0.717362
1121 0.619395
1122 0.498512
1123 0.746861
1124 0.611590
1125 0.562540
1126 0.699266
1127 0.812354
1128 0.695728
1129 0.424120
1130 0.609057
1131 1.098160
1132 0.638526
1133 0.506734
1134 0.850355
1135 1.416939
1136 1.349065
1137 1.247982
1138 1.305039
1139 0.915659
1140 0.833138
1141 0.818511
1142 0.849145
1143 1.241911
1144 1.262487
1145 1.510409
1146 1.344764
1147 1.327497
1148 1.057566
1149 1.390764
1150 1.400942
1151 1.365200
1152 0.950178
1153 1.138244
1154 1.191210
1155 0.973718
1156 1.209381
1157 0.894681
1158 0.596020
1159 0.742594
1160 1.127780
1161 1.073116
1162 0.802838
1163 0.612453
1164 0.803239
1165 1.293920
1166 0.700551
1167 0.436344
1168 1.013978
1169 1.215830
1170 1.161767
1171 0.782021
1172 0.905549
1173 1.231676
1174 1.107572
1175 1.003866
1176 0.810073
1177 1.239006
1178 1.040534
1179 0.238612
1180 1.218044
1181 0.954159
1182 0.776856
1183 0.903069
1184 0.482215
1185 0.903007
1186 1.218316
1187 0.901513
1188 0.817930
1189 0.906537
1190 0.819469
1191 0.775496
1192 0.969065
1193 0.825486
1194 0.738776
1195 1.287124
1196 0.960452
1197 0.499413
1198 0.776817
1199 0.483419
1200 0.626298
1201 0.717024
1202 0.599969
1203 0.813041
1204 1.077616
1205 0.283350
1206 0.701143
1207 0.379852
1208 0.743911
1209 0.591420
1210 0.630397
1211 0.891220
1212 1.138285
1213 0.800658
1214 0.171890
1215 0.972696
1216 0.607757
1217 0.447406
1218 0.728483
1219 0.828196
1220 0.686473
1221 0.654101
1222 0.233289
1223 0.224396
0 -0.944470
1 -0.918172
2 -0.928256
3 -0.324551
4 -0.690523
5 -0.212391
6 0.130091
7 0.250756
8 0.861995
9 1.072136
10 0.875111
11 1.193069
12 0.922977
13 1.197520
14 1.048379
15 0.839035
16 1.066098
17 0.469826
18 0.839108
19 0.936850
20 0.945314
21 0.918931
22 1.094550
23 1.166988
24 1.093643
25 1.015079
26 1.134039
27 1.376975
28 0.891628
29 1.108956
30 1.688952
31 1.340073
32 0.964506
33 1.027744
34 1.322480
35 0.948398
36 0.947988
37 0.904328
38 0.832806
39 1.070412
40 1.266117
41 1.463321
42 1.024031
43 1.048555
44 1.008671
45 0.976469
46 1.514534
47 1.207784
48 1.469565
49 1.236619
50 0.881554
51 1.251880
52 0.981784
53 1.303245
54 0.889191
55 1.123707
56 0.861340
57 1.449040
58 1.087278
59 1.043283
60 1.304393
61 0.915697
62 0.518377
63 0.950306
64 1.078876
65 1.109954
66 0.839095
67 1.108688
68 1.167197
69 1.307068
70 0.963863
71 1.220722
72 1.475019
73 1.185080
74 1.241723
75 0.885615
76 1.092963
77 1.196376
78 1.429014
79 1.283835
80 0.879220
81 1.215002
82 1.219279
83 1.537085
84 1.081188
85 0.872274
86 1.423308
87 1.028342
88 1.135442
89 1.337556
90 1.575045
91 1.435294
92 1.673406
93 1.434450
94 0.652623
95 0.840574
96 1.167886
97 1.141876
98 1.348510
99 1.229371
100 0.924559
101 0.850201
102 0.997972
103 1.157656
104 0.900331
105 0.954269
106 0.971263
107 1.200493
108 1.251587
109 1.136827
110 1.451159
111 1.805391
112 1.212605
113 1.301640
114 1.308341
115 0.817227
116 1.180666
117 1.612197
118 0.808981
119 1.127274
120 1.107404
121 0.994174
122 1.198411
123 0.891848
124 0.978554
125 1.142886
126 1.233113
127 1.188224
128 0.676128
129 0.930857
130 0.711707
131 1.177494
132 0.945511
133 1.268734
134 1.100571
135 1.327878
136 1.527459
137 1.263251
138 1.166590
139 1.450274
140 0.864158
141 1.432615
142 1.934219
143 1.312687
144 1.145716
145 1.426977
146 1.439177
147 0.847519
148 0.884452
149 1.066817
150 0.680753
151 0.593320
152 1.128115
153 0.698806
154 0.875624
155 1.050349
156 1.088145
157 0.532328
158 1.123580
159 0.910540
160 0.930811
161 0.791838
162 1.162686
163 0.939937
164 0.793458
165 0.827293
166 1.235308
167 1.113516
168 0.970358
169 0.993861
170 1.484337
171 1.312060
172 1.343032
173 1.413355
174 0.801372
175 1.322185
176 1.287007
177 1.113667
178 1.132975
179 1.175164
180 1.083584
181 1.064102
182 0.927537
183 0.985912
184 1.071511
185 0.851879
186 1.074427
187 1.211042
188 0.786170
189 1.046523
190 1.270290
191 1.267881
192 1.197925
193 0.830641
194 1.244497
195 1.305615
196 1.867323
197 1.697371
198 1.234546
199 1.045859
200 1.260696
201 1.157933
202 1.327681
203 1.371898
204 1.191699
205 0.942219
206 1.173294
207 0.860322
208 1.156528
209 1.024903
210 0.752331
211 1.402212
212 1.053989
213 1.657143
214 1.353811
215 0.966201
216 1.241004
217 1.260077
218 1.211637
219 1.517313
220 1.413174
221 1.129447
222 1.202883
223 0.935807
224 1.259566
225 1.178526
226 0.970134
227 0.851928
228 0.504125
229 0.660830
230 0.747905
231 0.687700
232 0.795226
233 0.836529
234 0.950936
235 1.061411
236 0.861827
237 0.975080
238 1.274782
239 1.192201
240 0.905309
241 1.091113
242 1.004371
243 1.103388
244 1.878677
245 1.018699
246 0.939649
247 0.968885
248 1.082277
249 0.917169
250 0.472182
251 1.330719
252 1.018377
253 0.767712
254 0.770601
255 0.737398
256 1.043793
257 1.095709
258 1.728420
259 1.496383
260 1.004655
261 0.691006
262 1.592373
263 1.671619
264 1.674879
265 1.475139
266 1.169930
267 1.098493
268 0.846918
269 0.899908
270 1.279903
271 1.094342
272 1.617154
273 1.817417
274 1.380307
275 1.159219
276 1.380043
277 1.632373
278 0.982214
279 0.766447
280 0.974096
281 1.541448
282 0.839388
283 1.030216
284 2.169016
285 2.054478
286 1.760337
287 1.229629
288 0.993757
289 0.353410
290 1.156154
291 1.099931
292 1.153952
293 1.213796
294 1.500212
295 0.839461
296 0.798402
297 1.089897
298 1.922644
299 2.348719
300 1.315421
301 1.162885
302 1.368808
303 1.573069
304 1.126423
305 1.486064
306 1.567756
307 1.417828
308 1.067245
309 1.194853
310 1.139274
311 1.412160
312 1.307660
313 0.817004
314 0.861104
315 1.082692
316 1.664484
317 1.409888
318 1.190501
319 0.682060
320 1.410965
321 1.748139
322 1.690682
323 1.325874
324 1.700439
325 1.623208
326 1.148099
327 1.332051
328 1.236153
329 0.922862
330 0.861881
331 1.810204
332 1.063593
333 0.634997
334 1.192445
335 1.233379
336 1.502608
337 1.445676
338 0.812118
339 0.812922
340 1.749562
341 1.126582
342 1.181126
343 1.414698
344 0.989601
345 1.730700
346 1.622766
347 1.267477
348 1.454507
349 1.311252
350 1.096579
351 1.700106
352 1.484079
353 1.168109
354 1.183322
355 0.955803
356 0.563040
357 1.018049
358 1.433624
359 1.450740
360 1.734903
361 1.985276
362 2.061219
363 1.417028
364 1.353651
365 1.014612
366 1.566431
367 1.807592
368 1.399342
369 1.251073
370 2.349159
371 1.283514
372 1.116722
373 1.261804
374 1.117798
375 1.786833
376 1.584304
377 1.207084
378 1.656194
379 1.401956
380 0.799523
381 1.026739
382 1.134617
383 1.127762
384 1.179137
385 1.266943
386 1.354101
387 0.859823
388 0.939449
389 1.030455
390 1.471478
391 1.438813
392 0.839519
393 0.905652
394 0.957614
395 1.234216
396 1.355516
397 0.709047
398 0.792849
399 1.058568
400 0.650327
401 0.998499
402 0.839407
403 1.086059
404 1.948685
405 0.973735
406 1.122786
407 0.797202
408 1.252685
409 1.383366
410 1.082837
411 1.437038
412 1.477373
413 1.245452
414 1.226418
415 1.291950
416 0.905899
417 0.911923
418 1.034507
419 0.939696
420 1.270711
421 1.756483
422 1.368146
423 0.577062
424 0.841371
425 1.199700
426 0.873933
427 1.309232
428 0.894671
429 1.086418
430 1.236263
431 1.441281
432 1.367412
433 1.324031
434 0.625247
435 1.028326
436 1.309823
437 0.965660
438 1.059434
439 1.017974
440 1.298893
441 1.012122
442 0.921067
443 1.479726
444 1.744152
445 1.321083
446 1.153192
447 1.020985
448 0.991539
449 1.555144
450 1.420860
451 1.190239
452 1.199280
453 1.171724
454 1.333281
455 0.898539
456 1.296788
457 0.910337
458 1.076952
459 1.145642
460 1.048842
461 0.866086
462 1.245328
463 1.069302
464 1.330936
465 0.802251
466 1.239254
467 1.084018
468 1.215901
469 1.249091
470 0.926344
471 1.009619
472 1.329816
473 1.354201
474 1.150314
475 0.986012
476 0.976889
477 1.128092
478 0.871645
479 1.509708
480 1.419760
481 1.407125
482 1.433845
483 0.930708
484 1.322461
485 0.988603
486 0.871159
487 0.851748
488 0.845520
489 1.024734
490 0.977122
491 1.269075
492 1.512430
493 1.314443
494 0.962566
495 1.479978
496 1.501702
497 0.911876
498 0.740591
499 0.928557
500 1.411148
501 1.104623
502 1.074137
503 1.228823
504 1.215968
505 1.246661
506 1.450369
507 1.417579
508 0.885775
509 1.216907
510 1.864646
511 1.686338
512 1.469893
513 1.152945
514 1.039478
515 1.154623
516 1.260361
517 0.902020
518 0.840953
519 1.206297
520 1.055471
521 1.146940
522 0.971387
523 1.151356
524 0.912343
525 0.993996
526 1.098218
527 1.560260
528 0.710419
529 0.972057
530 0.851992
531 0.997004
532 0.951342
533 1.031173
534 1.592543
535 0.996505
536 0.959226
537 1.099548
538 1.041776
539 2.167633
540 2.111349
541 1.767090
542 1.131887
543 0.998686
544 1.074966
545 1.171842
546 0.907088
547 1.133252
548 1.141372
549 0.967285
550 0.882098
551 1.111727
552 1.018790
553 1.327796
554 0.901774
555 1.215313
556 1.397594
557 1.049865
558 1.172698
559 1.302609
560 0.921546
561 0.816528
562 0.955340
563 0.700432
564 0.962067
565 0.843491
566 1.088080
567 1.118199
568 1.501595
569 1.119911
570 0.768261
571 0.941848
572 0.932404
573 1.031029
574 0.825471
575 0.868245
576 1.046412
577 1.043867
578 1.071535
579 1.258350
580 1.320384
581 1.169806
582 0.968324
583 0.911370
584 1.197264
585 1.351974
586 1.119526
587 0.806731
588 1.314382
589 1.288944
590 1.469060
591 1.391099
592 1.371560
593 1.454477
594 1.031506
595 1.002492
596 1.193009
597 0.874985
598 1.004171
599 1.004748
600 0.798958
601 0.842670
602 0.690679
603 0.697195
604 0.380064
605 0.940694
606 0.830846
607 0.878814
608 1.070021
609 1.228330
610 1.268972
611 0.831035
612 0.871114
613 0.902694
614 1.170949
615 1.406751
616 1.137622
617 0.522574
618 1.319293
619 0.952468
620 0.799243
621 0.828627
622 1.013332
623 0.913932
624 0.908535
625 0.863306
626 0.962314
627 1.155268
628 0.988191
629 1.158544
630 1.369275
631 0.591180
632 1.031417
633 1.167847
634 0.895452
635 1.005975
636 0.733243
637 0.751815
638 0.748604
639 1.006981
640 0.949514
641 0.579396
642 0.653818
643 1.087980
644 1.197064
645 0.735994
646 0.943571
647 0.506615
648 0.882664
649 0.812034
650 0.150375
651 0.303353
652 0.341139
653 0.256127
654 0.882593
655 1.090194
656 0.630519
657 0.291867
658 0.700935
659 0.924941
660 0.890271
661 0.986312
662 0.424104
663 1.082234
664 0.930697
665 0.885987
666 0.071997
667 0.675333
668 0.991247
669 0.609557
670 1.008876
671 1.061502
672 0.891719
673 0.619427
674 0.127123
675 0.618280
676 0.419859
677 0.850154
678 0.918719
679 0.928137
680 1.136411
681 0.836543
682 0.760623
683 0.358530
684 0.420309
685 1.003613
686 0.770709
687 0.865130
688 0.312375
689 0.462991
690 0.547731
691 0.662609
692 0.838673
693 0.644651
694 0.805422
695 0.672941
696 0.983463
697 0.702145
698 0.526201
699 0.265316
700 0.947044
701 0.449505
702 0.839516
703 0.766933
704 0.802986
705 0.726091
706 0.590220
707 0.681177
708 0.578919
709 0.684401
710 0.446756
711 0.794507
712 0.719360
713 0.556930
714 1.190046
715 0.166230
716 0.881282
717 0.669232
718 0.525673
719 0.620867
720 0.587951
721 0.732334
722 0.971465
723 0.306231
724 0.321372
725 0.944267
726 0.532361
727 0.129606
728 0.218480
729 0.590260
730 0.655018
731 0.562048
732 0.781894
733 0.685418
734 0.758001
735 0.484191
736 1.159429
737 1.202855
738 0.866293
739 1.000126
740 0.654708
741 0.705681
742 0.753483
743 0.819759
744 0.799897
745 0.344059
746 0.671034
747 1.038267
748 0.683025
749 0.447489
750 0.883314
751 0.964618
752 1.243193
753 0.427130
754 0.838788
755 0.421810
756 0.078270
757 0.509016
758 0.691374
759 0.885315
760 0.553536
761 1.155818
762 0.732491
763 0.588332
764 0.649475
765 0.892456
766 0.461242
767 1.053642
768 0.931717
769 0.663835
770 0.410039
771 0.565056
772 0.674008
773 0.481602
774 0.425893
775 0.579118
776 0.820618
777 0.385644
778 0.982845
779 0.705785
780 0.690861
781 0.662062
782 0.827518
783 0.539491
784 0.542872
785 1.004032
786 0.726223
787 1.052793
788 0.903466
789 0.751469
790 0.965173
791 0.792181
792 1.010623
793 0.443878
794 0.684664
795 1.061582
796 0.728708
797 0.739236
798 1.062031
799 0.445839
800 0.537234
801 0.696167
802 0.027363
803 0.598500
804 0.001360
805 1.125886
806 0.716864
807 0.884376
808 0.666285
809 0.867285
810 0.401682
811 0.479409
812 -0.026671
813 0.931436
814 1.200162
815 0.730294
816 0.499798
817 0.306399
818 0.540148
819 0.575647
820 0.064431
821 0.402438
822 0.451416
823 0.714137
824 0.533503
825 1.083230
826 0.742958
827 0.583965
828 0.455625
829 0.839777
830 0.858625
831 1.062221
832 0.728624
833 0.481483
834 0.733398
835 0.639331
836 0.750249
837 0.405323
838 0.666612
839 0.764126
840 0.376652
841 0.353744
842 0.318408
843 1.079160
844 0.414799
845 0.593791
846 0.729541
847 0.331694
848 0.778293
849 0.984372
850 0.808300
851 0.696318
852 0.870744
853 0.662704
854 0.399331
855 0.704808
856 0.752083
857 0.684717
858 0.617203
859 0.876944
860 0.589606
861 0.731313
862 0.718870
863 1.195339
864 0.345039
865 0.377710
866 0.397543
867 1.014839
868 0.524814
869 0.679415
870 0.851440
871 0.570250
872 0.695297
873 0.434903
874 0.462179
875 0.770815
876 0.612217
877 0.547652
878 0.801697
879 0.927353
880 0.585235
881 0.477248
882 0.409690
883 0.220432
884 0.658867
885 0.565433
886 0.418114
887 0.374590
888 1.090716
889 0.861110
890 0.616703
891 0.818038
892 0.427080
893 0.301899
894 0.588406
895 0.757921
896 0.688476
897 0.631741
898 -0.390294
899 0.354617
900 0.650009
901 0.454618
902 0.409579
903 0.375238
904 0.347177
905 0.106119
906 0.489119
907 0.770274
908 0.607526
909 0.725568
910 0.902459
911 0.357647
912 0.412352
913 0.686595
914 0.383553
915 0.360065
916 0.861872
917 0.283532
918 0.556548
919 0.611648
920 0.902606
921 -0.091546
922 0.229028
923 0.940736
924 0.659135
925 0.347941
926 0.882387
927 0.510675
928 0.262577
929 0.831931
930 0.626982
931 0.731032
932 0.894258
933 0.269332
934 0.718333
935 0.634733
936 0.457973
937 0.841995
938 0.517120
939 0.754252
940 0.736443
941 0.693953
942 0.587056
943 0.534905
944 0.509643
945 0.928644
946 1.125939
947 0.670858
948 0.492719
949 1.191412
950 0.592495
951 0.768408
952 0.623534
953 0.366510
954 0.111594
955 0.533615
956 0.427599
957 0.437867
958 0.437539
959 0.526757
960 0.930024
961 0.424331
962 0.687186
963 0.593296
964 0.465402
965 0.842160
966 0.518436
967 0.729778
968 0.478555
969 0.751265
970 0.319668
971 0.214259
972 0.544189
973 0.777797
974 1.018645
975 0.605164
976 0.297169
977 0.561603
978 0.433997
979 0.635449
980 0.394309
981 0.802067
982 0.637766
983 0.212595
984 0.736466
985 0.526626
986 0.791174
987 0.552345
988 0.618384
989 0.946668
990 0.780445
991 0.499154
992 0.575401
993 0.608386
994 0.292507
995 0.337215
996 0.581591
997 0.429367
998 0.237314
999 0.546966
1000 0.916964
1001 0.379437
1002 0.635189
1003 0.174186
1004 0.395638
1005 0.763403
1006 0.469423
1007 0.537752
1008 0.824859
1009 0.648495
1010 0.654629
1011 0.623380
1012 0.495808
1013 0.860571
1014 0.520649
1015 0.586282
1016 0.353361
1017 0.798404
1018 0.850289
1019 0.629248
1020 0.649098
1021 0.898444
1022 0.660131
1023 1.133604
1024 0.802315
1025 0.481765
1026 0.950619
1027 0.644205
1028 0.669148
1029 0.513821
1030 0.525013
1031 0.336777
1032 0.550530
1033 0.947237
1034 0.478478
1035 0.984190
1036 0.279725
1037 0.501609
1038 0.794205
1039 0.971561
1040 0.811195
1041 0.747330
1042 0.643603
1043 0.618527
1044 0.953245
1045 0.579079
1046 0.540702
1047 0.943724
1048 0.800843
1049 0.625802
1050 0.851552
1051 0.781264
1052 0.042132
1053 -0.030818
1054 0.382018
1055 0.301196
1056 0.759245
1057 0.579491
1058 0.321080
1059 0.963251
1060 0.576507
1061 0.836563
1062 0.740794
1063 0.685139
1064 0.527321
1065 0.690054
1066 0.763389
1067 0.381822
1068 0.352768
1069 0.630187
1070 0.416795
1071 0.698533
1072 0.298662
1073 0.127798
1074 0.458117
1075 0.470840
1076 0.461879
1077 0.776108
1078 0.450836
1079 0.654488
1080 1.226195
1081 0.468873
1082 0.681598
1083 0.578591
1084 0.374054
1085 0.601968
1086 0.697640
1087 0.189989
1088 0.330756
1089 0.885012
1090 0.620556
1091 0.691509
1092 1.148427
1093 0.634688
1094 0.465931
1095 0.864074
1096 0.975901
1097 1.344990
1098 0.680788
1099 0.872290
1100 0.679133
1101 0.688005
1102 1.056981
1103 0.497412
1104 0.676365
1105 0.407101
1106 0.250386
1107 0.345887
1108 0.349948
1109 0.675075
1110 0.795416
1111 0.749694
1112 0.700821
1113 0.779739
1114 0.659861
1115 0.515351
1116 0.439470
1117 0.398546
1118 0.317952
1119 0.564312
1120 0.717362
1121 0.619395
1122 0.498512
1123 0.746861
1124 0.611590
1125 0.562540
1126 0.699266
1127 0.812354
1128 0.695728
1129 0.424120
1130 0.609057
1131 1.098160
1132 0.638526
1133 0.506734
1134 0.850355
1135 1.416939
1136 1.349065
1137 1.247982
1138 1.305039
1139 0.915659
1140 0.833138
1141 0.818511
1142 0.849145
1143 1.241911
1144 1.262487
1145 1.510409
1146 1.344764
1147 1.327497
1148 1.057566
1149 1.390764
1150 1.400942
1151 1.365200
1152 0.950178
1153 1.138244
1154 1.191210
1155 0.973718
1156 1.209381
1157 0.894681
1158 0.596020
1159 0.742594
1160 1.127780
1161 1.073116
1162 0.802838
1163 0.612453
1164 0.803239
1165 1.293920
1166 0.700551
1167 0.436344
1168 1.013978
1169 1.215830
1170 1.161767
1171 0.782021
1172 0.905549
1173 1.231676
1174 1.107572
1175 1.003866
1176 0.810073
1177 1.239006
1178 1.040534
1179 0.238612
1180 1.218044
1181 0.954159
1182 0.776856
1183 0.903069
1184 0.482215
1185 0.903007
1186 1.218316
1187 0.901513
1188 0.817930
1189 0.906537
1190 0.819469
1191 0.775496
1192 0.969065
1193 0.825486
1194 0.738776
1195 1.287124
1196 0.960452
1197 0.499413
1198 0.776817
1199 0.483419
1200 0.626298
1201 0.717024
1202 0.599969
1203 0.813041
1204 1.077616
1205 0.283350
1206 0.701143
1207 0.379852
1208 0.743911
1209 0.591420
1210 0.630397
1211 0.891220
1212 1.138285
1213 0.800658
1214 0.171890
1215 0.972696
1216 0.607757
1217 0.447406
1218 0.728483
1219 0.828196
1220 0.686473
1221 0.654101
1222 0.233289
1223 0.224396
0 -0.944470
1 -0.918172
2 -0.928256
3 -0.324551
4 -0.690523
5 -0.212391
6 0.130091
7 0.250756
8 0.861995
9 1.072136
10 0.875111
11 1.193069
12 0.922977
13 1.197520
14 1.048379
15 0.839035
16 1.066098
17 0.469826
18 0.839108
19 0.936850
20 0.945314
21 0.918931
22 1.094550
23 1.166988
24 1.093643
25 1.015079
26 1.134039
27 1.376975
28 0.891628
29 1.108956
30 1.688952
31 1.340073
32 0.964506
33 1.027744
34 1.322480
35 0.948398
36 0.947988
37 0.904328
38 0.832806
39 1.070412
40 1.266117
41 1.463321
42 1.024031
43 1.048555
44 1.008671
45 0.976469
46 1.514534
47 1.207784
48 1.469565
49 1.236619
50 0.881554
51 1.251880
52 0.981784
53 1.303245
54 0.889191
55 1.123707
56 0.861340
57 1.449040
58 1.087278
59 1.043283
60 1.304393
61 0.915697
62 0.518377
63 0.950306
64 1.078876
65 1.109954
66 0.839095
67 1.108688
68 1.167197
69 1.307068
70 0.963863
71 1.220722
72 1.475019
73 1.185080
74 1.241723
75 0.885615
76 1.092963
77 1.196376
78 1.429014
79 1.283835
80 0.879220
81 1.215002
82 1.219279
83 1.537085
84 1.081188
85 0.872274
86 1.423308
87 1.028342
88 1.135442
89 1.337556
90 1.575045
91 1.435294
92 1.673406
93 1.434450
94 0.652623
95 0.840574
96 1.167886
97 1.141876
98 1.348510
99 1.229371
100 0.924559
101 0.850201
102 0.997972
103 1.157656
104 0.900331
105 0.954269
106 0.971263
107 1.200493
108 1.251587
109 1.136827
110 1.451159
111 1.805391
112 1.212605
113 1.301640
114 1.308341
115 0.817227
116 1.180666
117 1.612197
118 0.808981
119 1.127274
120 1.107404
121 0.994174
122 1.198411
123 0.891848
124 0.978554
125 1.142886
126 1.233113
127 1.188224
128 0.676128
129 0.930857
130 0.711707
131 1.177494
132 0.945511
133 1.268734
134 1.100571
135 1.327878
136 1.527459
137 1.263251
138 1.166590
139 1.450274
140 0.864158
141 1.432615
142 1.934219
143 1.312687
144 1.145716
145 1.426977
146 1.439177
147 0.847519
148 0.884452
149 1.066817
150 0.680753
151 0.593320
152 1.128115
153 0.698806
154 0.875624
155 1.050349
156 1.088145
157 0.532328
158 1.123580
159 0.910540
160 0.930811
161 0.791838
162 1.162686
163 0.939937
164 0.793458
165 0.827293
166 1.235308
167 1.113516
168 0.970358
169 0.993861
170 1.484337
171 1.312060
172 1.343032
173 1.413355
174 0.801372
175 1.322185
176 1.287007
177 1.113667
178 1.132975
179 1.175164
180 1.083584
181 1.064102
182 0.927537
183 0.985912
184 1.071511
185 0.851879
186 1.074427
187 1.211042
188 0.786170
189 1.046523
190 1.270290
191 1.267881
192 1.197925
193 0.830641
194 1.244497
195 1.305615
196 1.867323
197 1.697371
198 1.234546
199 1.045859
200 1.260696
201 1.157933
202 1.327681
203 1.371898
204 1.191699
205 0.942219
206 1.173294
207 0.860322
208 1.156528
209 1.024903
210 0.752331
211 1.402212
212 1.053989
213 1.657143
214 1.353811
215 0.966201
216 1.241004
217 1.260077
218 1.211637
219 1.517313
220 1.413174
221 1.129447
222 1.202883
223 0.935807
224 1.259566
225 1.178526
226 0.970134
227 0.851928
228 0.504125
229 0.660830
230 0.747905
231 0.687700
232 0.795226
233 0.836529
234 0.950936
235 1.061411
236 0.861827
237 0.975080
238 1.274782
239 1.192201
240 0.905309
241 1.091113
242 1.004371
243 1.103388
244 1.878677
245 1.018699
246 0.939649
247 0.968885
248 1.082277
249 0.917169
250 0.472182
251 1.330719
252 1.018377
253 0.767712
254 0.770601
255 0.737398
256 1.043793
257 1.095709
258 1.728420
259 1.496383
260 1.004655
261 0.691006
262 1.592373
263 1.671619
264 1.674879
265 1.475139
266 1.169930
267 1.098493
268 0.846918
269 0.899908
270 1.279903
271 1.094342
272 1.617154
273 1.817417
274 1.380307
275 1.159219
276 1.380043
277 1.632373
278 0.982214
279 0.766447
280 0.974096
281 1.541448
282 0.839388
283 1.030216
284 2.169016
285 2.054478
286 1.760337
287 1.229629
288 0.993757
289 0.353410
290 1.156154
291 1.099931
292 1.153952
293 1.213796
294 1.500212
295 0.839461
296 0.798402
297 1.089897
298 1.922644
299 2.348719
300 1.315421
301 1.162885
302 1.368808
303 1.573069
304 1.126423
305 1.486064
306 1.567756
307 1.417828
308 1.067245
309 1.194853
310 1.139274
311 1.412160
312 1.307660
313 0.817004
314 0.861104
315 1.082692
316 1.664484
317 1.409888
318 1.190501
319 0.682060
320 1.410965
321 1.748139
322 1.690682
323 1.325874
324 1.700439
325 1.623208
326 1.148099
327 1.332051
328 1.236153
329 0.922862
330 0.861881
331 1.810204
332 1.063593
333 0.634997
334 1.192445
335 1.233379
336 1.502608
337 1.445676
338 0.812118
339 0.812922
340 1.749562
341 1.126582
342 1.181126
343 1.414698
344 0.989601
345 1.730700
346 1.622766
347 1.267477
348 1.454507
349 1.311252
350 1.096579
351 1.700106
352 1.484079
353 1.168109
354 1.183322
355 0.955803
356 0.563040
357 1.018049
358 1.433624
359 1.450740
360 1.734903
361 1.985276
362 2.061219
363 1.417028
364 1.353651
365 1.014612
366 1.566431
367 1.807592
368 1.399342
369 1.251073
370 2.349159
371 1.283514
372 1.116722
373 1.261804
374 1.117798
375 1.786833
376 1.584304
377 1.207084
378 1.656194
379 1.401956
380 0.799523
381 1.026739
382 1.134617
383 1.127762
384 1.179137
385 1.266943
386 1.354101
387 0.859823
388 0.939449
389 1.030455
390 1.471478
391 1.438813
392 0.839519
393 0.905652
394 0.957614
395 1.234216
396 1.355516
397 0.709047
398 0.792849
399 1.058568
400 0.650327
401 0.998499
402 0.839407
403 1.086059
404 1.948685
405 0.973735
406 1.122786
407 0.797202
408 1.252685
409 1.383366
410 1.082837
411 1.437038
412 1.477373
413 1.245452
414 1.226418
415 1.291950
416 0.905899
417 0.911923
418 1.034507
419 0.939696
420 1.270711
421 1.756483
422 1.368146
423 0.577062
424 0.841371
425 1.199700
426 0.873933
427 1.309232
428 0.894671
429 1.086418
430 1.236263
431 1.441281
432 1.367412
433 1.324031
434 0.625247
435 1.028326
436 1.309823
437 0.965660
438 1.059434
439 1.017974
440 1.298893
441 1.012122
442 0.921067
443 1.479726
444 1.744152
445 1.321083
446 1.153192
447 1.020985
448 0.991539
449 1.555144
450 1.420860
451 1.190239
452 1.199280
453 1.171724
454 1.333281
455 0.898539
456 1.296788
457 0.910337
458 1.076952
459 1.145642
460 1.048842
461 0.866086
462 1.245328
463 1.069302
464 1.330936
465 0.802251
466 1.239254
467 1.084018
468 1.215901
469 1.249091
470 0.926344
471 1.009619
472 1.329816
473 1.354201
474 1.150314
475 0.986012
476 0.976889
477 1.128092
478 0.871645
479 1.509708
480 1.419760
481 1.407125
482 1.433845
483 0.930708
484 1.322461
485 0.988603
486 0.871159
487 0.851748
488 0.845520
489 1.024734
490 0.977122
491 1.269075
492 1.512430
493 1.314443
494 0.962566
495 1.479978
496 1.501702
497 0.911876
498 0.740591
499 0.928557
500 1.411148
501 1.104623
502 1.074137
503 1.228823
504 1.215968
505 1.246661
506 1.450369
507 1.417579
508 0.885775
509 1.216907
510 1.864646
511 1.686338
512 1.469893
513 1.152945
514 1.039478
515 1.154623
516 1.260361
517 0.902020
518 0.840953
519 1.206297
520 1.055471
521 1.146940
522 0.971387
523 1.151356
524 0.912343
525 0.993996
526 1.098218
527 1.560260
528 0.710419
529 0.972057
530 0.851992
531 0.997004
532 0.951342
533 1.031173
534 1.592543
535 0.996505
536 0.959226
537 1.099548
538 1.041776
539 2.167633
540 2.111349
541 1.767090
542 1.131887
543 0.998686
544 1.074966
545 1.171842
546 0.907088
547 1.133252
548 1.141372
549 0.967285
550 0.882098
551 1.111727
552 1.018790
553 1.327796
554 0.901774
555 1.215313
556 1.397594
557 1.049865
558 1.172698
559 1.302609
560 0.921546
561 0.816528
562 0.955340
563 0.700432
564 0.962067
565 0.843491
566 1.088080
567 1.118199
568 1.501595
569 1.119911
570 0.768261
571 0.941848
572 0.932404
573 1.031029
574 0.825471
575 0.868245
576 1.046412
577 1.043867
578 1.071535
579 1.258350
580 1.320384
581 1.169806
582 0.968324
583 0.911370
584 1.197264
585 1.351974
586 1.119526
587 0.806731
588 1.314382
589 1.288944
590 1.469060
591 1.391099
592 1.371560
593 1.454477
594 1.031506
595 1.002492
596 1.193009
597 0.874985
598 1.004171
599 1.004748
600 0.798958
601 0.842670
602 0.690679
603 0.697195
604 0.380064
605 0.940694
606 0.830846
607 0.878814
608 1.070021
609 1.228330
610 1.268972
611 0.831035
612 0.871114
613 0.902694
614 1.170949
615 1.406751
616 1.137622
617 0.522574
618 1.319293
619 0.952468
620 0.799243
621 0.828627
622 1.013332
623 0.913932
624 0.908535
625 0.863306
626 0.962314
627 1.155268
628 0.988191
629 1.158544
630 1.369275
631 0.591180
632 1.031417
633 1.167847
634 0.895452
635 1.005975
636 0.733243
637 0.751815
638 0.748604
639 1.006981
640 0.949514
641 0.579396
642 0.653818
643 1.087980
644 1.197064
645 0.735994
646 0.943571
647 0.506615
648 0.882664
649 0.812034
650 0.150375
651 0.303353
652 0.341139
653 0.256127
654 0.882593
655 1.090194
656 0.630519
657 0.291867
658 0.700935
659 0.924941
660 0.890271
661 0.986312
662 0.424104
663 1.082234
664 0.930697
665 0.885987
666 0.071997
667 0.675333
668 0.991247
669 0.609557
670 1.008876
671 1.061502
672 0.891719
673 0.619427
674 0.127123
675 0.618280
676 0.419859
677 0.850154
678 0.918719
679 0.928137
680 1.136411
681 0.836543
682 0.760623
683 0.358530
684 0.420309
685 1.003613
686 0.770709
687 0.865130
688 0.312375
689 0.462991
690 0.547731
691 0.662609
692 0.838673
693 0.644651
694 0.805422
695 0.672941
696 0.983463
697 0.702145
698 0.526201
699 0.265316
700 0.947044
701 0.449505
702 0.839516
703 0.766933
704 0.802986
705 0.726091
706 0.590220
707 0.681177
708 0.578919
709 0.684401
710 0.446756
711 0.794507
712 0.719360
713 0.556930
714 1.190046
715 0.166230
716 0.881282
717 0.669232
718 0.525673
719 0.620867
720 0.587951
721 0.732334
722 0.971465
723 0.306231
724 0.321372
725 0.944267
726 0.532361
727 0.129606
728 0.218480
729 0.590260
730 0.655018
731 0.562048
732 0.781894
733 0.685418
734 0.758001
735 0.484191
736 1.159429
737 1.202855
738 0.866293
739 1.000126
740 0.654708
741 0.705681
742 0.753483
743 0.819759
744 0.799897
745 0.344059
746 0.671034
747 1.038267
748 0.683025
749 0.447489
750 0.883314
751 0.964618
752 1.243193
753 0.427130
754 0.838788
755 0.421810
756 0.078270
757 0.509016
758 0.691374
759 0.885315
760 0.553536
761 1.155818
762 0.732491
763 0.588332
764 0.649475
765 0.892456
766 0.461242
767 1.053642
768 0.931717
769 0.663835
770 0.410039
771 0.565056
772 0.674008
773 0.481602
774 0.425893
775 0.579118
776 0.820618
777 0.385644
778 0.982845
779 0.705785
780 0.690861
781 0.662062
782 0.827518
783 0.539491
784 0.542872
785 1.004032
786 0.726223
787 1.052793
788 0.903466
789 0.751469
790 0.965173
791 0.792181
792 1.010623
793 0.443878
794 0.684664
795 1.061582
796 0.728708
797 0.739236
798 1.062031
799 0.445839
800 0.537234
801 0.696167
802 0.027363
803 0.598500
804 0.001360
805 1.125886
806 0.716864
807 0.884376
808 0.666285
809 0.867285
810 0.401682
811 0.479409
812 -0.026671
813 0.931436
814 1.200162
815 0.730294
816 0.499798
817 0.306399
818 0.540148
819 0.575647
820 0.064431
821 0.402438
822 0.451416
823 0.714137
824 0.533503
825 1.083230
826 0.742958
827 0.583965
828 0.455625
829 0.839777
830 0.858625
831 1.062221
832 0.728624
833 0.481483
834 0.733398
835 0.639331
836 0.750249
837 0.405323
838 0.666612
839 0.764126
840 0.376652
841 0.353744
842 0.318408
843 1.079160
844 0.414799
845 0.593791
846 0.729541
847 0.331694
848 0.778293
849 0.984372
850 0.808300
851 0.696318
852 0.870744
853 0.662704
854 0.399331
855 0.704808
856 0.752083
857 0.684717
858 0.617203
859 0.876944
860 0.589606
861 0.731313
862 0.718870
863 1.195339
864 0.345039
865 0.377710
866 0.397543
867 1.014839
868 0.524814
869 0.679415
870 0.851440
871 0.570250
872 0.695297
873 0.434903
874 0.462179
875 0.770815
876 0.612217
877 0.547652
878 0.801697
879 0.927353
880 0.585235
881 0.477248
882 0.409690
883 0.220432
884 0.658867
885 0.565433
886 0.418114
887 0.374590
888 1.090716
889 0.861110
890 0.616703
891 0.818038
892 0.427080
893 0.301899
894 0.588406
895 0.757921
896 0.688476
897 0.631741
898 -0.390294
899 0.354617
900 0.650009
901 0.454618
902 0.409579
903 0.375238
904 0.347177
905 0.106119
906 0.489119
907 0.770274
908 0.607526
909 0.725568
910 0.902459
911 0.357647
912 0.412352
913 0.686595
914 0.383553
915 0.360065
916 0.861872
917 0.283532
918 0.556548
919 0.611648
920 0.902606
921 -0.091546
922 0.229028
923 0.940736
924 0.659135
925 0.347941
926 0.882387
927 0.510675
928 0.262577
929 0.831931
930 0.626982
931 0.731032
932 0.894258
933 0.269332
934 0.718333
935 0.634733
936 0.457973
937 0.841995
938 0.517120
939 0.754252
940 0.736443
941 0.693953
942 0.587056
943 0.534905
944 0.509643
945 0.928644
946 1.125939
947 0.670858
948 0.492719
949 1.191412
950 0.592495
951 0.768408
952 0.623534
953 0.366510
954 0.111594
955 0.533615
956 0.427599
957 0.437867
958 0.437539
959 0.526757
960 0.930024
961 0.424331
962 0.687186
963 0.593296
964 0.465402
965 0.842160
966 0.518436
967 0.729778
968 0.478555
969 0.751265
970 0.319668
971 0.214259
972 0.544189
973 0.777797
974 1.018645
975 0.605164
976 0.297169
977 0.561603
978 0.433997
979 0.635449
980 0.394309
981 0.802067
982 0.637766
983 0.212595
984 0.736466
985 0.526626
986 0.791174
987 0.552345
988 0.618384
989 0.946668
990 0.780445
991 0.499154
992 0.575401
993 0.608386
994 0.292507
995 0.337215
996 0.581591
997 0.429367
998 0.237314
999 0.546966
1000 0.916964
1001 0.379437
1002 0.635189
1003 0.174186
1004 0.395638
1005 0.763403
1006 0.469423
1007 0.537752
1008 0.824859
1009 0.648495
1010 0.654629
1011 0.623380
1012 0.495808
1013 0.860571
1014 0.520649
1015 0.586282
1016 0.353361
1017 0.798404
1018 0.850289
1019 0.629248
1020 0.649098
1021 0.898444
1022 0.660131
1023 1.133604
1024 0.802315
1025 0.481765
1026 0.950619
1027 0.644205
1028 0.669148
1029 0.513821
1030 0.525013
1031 0.336777
1032 0.550530
1033 0.947237
1034 0.478478
1035 0.984190
1036 0.279725
1037 0.501609
1038 0.794205
1039 0.971561
1040 0.811195
1041 0.747330
1042 0.643603
1043 0.618527
1044 0.953245
1045 0.579079
1046 0.540702
1047 0.943724
1048 0.800843
1049 0.625802
1050 0.851552
1051 0.781264
1052 0.042132
1053 -0.030818
1054 0.382018
1055 0.301196
1056 0.759245
1057 0.579491
1058 0.321080
1059 0.963251
1060 0.576507
1061 0.836563
1062 0.740794
1063 0.685139
1064 0.527321
1065 0.690054
1066 0.763389
1067 0.381822
1068 0.352768
1069 0.630187
1070 0.416795
1071 0.698533
1072 0.298662
1073 0.127798
1074 0.458117
1075 0.470840
1076 0.461879
1077 0.776108
1078 0.450836
1079 0.654488
1080 1.226195
1081 0.468873
1082 0.681598
1083 0.578591
1084 0.374054
1085 0.601968
1086 0.697640
1087 0.189989
1088 0.330756
1089 0.885012
1090 0.620556
1091 0.691509
1092 1.148427
1093 0.634688
1094 0.465931
1095 0.864074
1096 0.975901
1097 1.344990
1098 0.680788
1099 0.872290
1100 0.679133
1101 0.688005
1102 1.056981
1103 0.497412
1104 0.676365
1105 0.407101
1106 0.250386
1107 0.345887
1108 0.349948
1109 0.675075
1110 0.795416
1111 0.749694
1112 0.700821
1113 0.779739
1114 0.659861
1115 0.515351
1116 0.439470
1117 0.398546
1118 0.317952
1119 0.564312
1120 0.717362
1121 0.619395
1122 0.498512
1123 0.746861
1124 0.611590
1125 0.562540
1126 0.699266
1127 0.812354
1128 0.695728
1129 0.424120
1130 0.609057
1131 1.098160
1132 0.638526
1133 0.506734
1134 0.850355
1135 1.416939
1136 1.349065
1137 1.247982
1138 1.305039
1139 0.915659
1140 0.833138
1141 0.818511
1142 0.849145
1143 1.241911
1144 1.262487
1145 1.510409
1146 1.344764
1147 1.327497
1148 1.057566
1149 1.390764
1150 1.400942
1151 1.365200
1152 0.950178
1153 1.138244
1154 1.191210
1155 0.973718
1156 1.209381
1157 0.894681
1158 0.596020
1159 0.742594
1160 1.127780
1161 1.073116
1162 0.802838
1163 0.612453
1164 0.803239
1165 1.293920
1166 0.700551
1167 0.436344
1168 1.013978
1169 1.215830
1170 1.161767
1171 0.782021
1172 0.905549
1173 1.231676
1174 1.107572
1175 1.003866
1176 0.810073
1177 1.239006
1178 1.040534
1179 0.238612
1180 1.218044
1181 0.954159
1182 0.776856
1183 0.903069
1184 0.482215
1185 0.903007
1186 1.218316
1187 0.901513
1188 0.817930
1189 0.906537
1190 0.819469
1191 0.775496
1192 0.969065
1193 0.825486
1194 0.738776
1195 1.287124
1196 0.960452
1197 0.499413
1198 0.776817
1199 0.483419
1200 0.626298
1201 0.717024
1202 0.599969
1203 0.813041
1204 1.077616
1205 0.283350
1206 0.701143
1207 0.379852
1208 0.743911
1209 0.591420
1210 0.630397
1211 0.891220
1212 1.138285
1213 0.800658
1214 0.171890
1215 0.972696
1216 0.607757
1217 0.447406
1218 0.728483
1219 0.828196
1220 0.686473
1221 0.654101
1222 0.233289
1223 0.224396
