0 -0.443161
1 -0.339539
2 0.159553
3 -0.090974
4 -0.209876
5 -0.236344
6 0.110145
7 0.048228
8 -0.211369
9 -0.220844
10 0.102294
11 -0.048056
12 -0.316752
13 -0.057923
14 -0.117596
15 0.146685
16 -0.033869
17 -0.247439
18 0.037754
19 -0.230181
20 0.144800
21 -0.010647
22 -0.033201
23 -0.142813
24 0.353928
25 -0.282639
26 0.099317
27 -0.351403
28 0.099570
29 0.118601
30 -0.111139
31 -0.397065
32 0.378518
33 0.249826
34 0.452100
35 0.077844
36 -0.236049
37 -0.113787
38 0.127961
39 -0.058373
40 0.181606
41 0.362680
42 0.096214
43 -0.049208
44 0.340050
45 0.002028
46 -0.219037
47 0.192738
48 -0.043470
49 0.028065
50 0.273818
51 -0.087842
52 0.293633
53 -0.073461
54 0.189033
55 0.135651
56 0.274555
57 0.114381
58 -0.434168
59 0.066599
60 -0.002844
61 0.200023
62 0.004578
63 0.254798
64 0.275812
65 -0.121135
66 0.227589
67 -0.109090
68 -0.179601
69 0.047177
70 0.262432
71 -0.115948
72 -0.298465
73 0.390310
74 0.110904
75 0.322603
76 -0.104277
77 0.344017
78 -0.004667
79 0.017690
80 -0.117440
81 0.031506
82 0.293727
83 0.054734
84 -0.151397
85 0.088158
86 0.393228
87 0.002931
88 0.074001
89 -0.018819
90 -0.295247
91 -0.058793
92 -0.160674
93 -0.123004
94 0.273706
95 0.021641
96 0.138326
97 0.180484
98 0.132034
99 0.406963
100 0.606449
101 -0.110694
102 -0.149538
103 0.114622
104 -0.075191
105 0.151787
106 0.179709
107 0.398457
108 0.163455
109 0.170174
110 -0.070476
111 -0.016541
112 0.474468
113 0.068781
114 0.023387
115 0.137404
116 0.132385
117 0.273490
118 0.121967
119 0.247880
120 0.420366
121 0.247878
122 -0.491588
123 0.032431
124 -0.126854
125 0.004469
126 0.004655
127 -0.095552
128 -0.254063
129 -0.414573
130 0.518349
131 -0.278280
132 -0.226934
133 -0.295282
134 -0.042483
135 -0.005585
136 -0.028255
137 0.235797
138 -0.128560
139 0.021412
140 -0.117121
141 0.316851
142 0.200607
143 -0.125294
144 0.001563
145 -0.023812
146 0.330334
147 -0.488869
148 -0.043325
149 0.022159
150 0.194206
151 -0.251565
152 -0.111841
153 0.212388
154 -0.310096
155 0.030442
156 -0.007934
157 0.140409
158 0.296007
159 0.016198
160 0.035534
161 0.324744
162 -0.135012
163 0.272381
164 -0.085388
165 0.382116
166 0.290770
167 -0.189747
168 0.217412
169 0.189662
170 -0.453471
171 0.095202
172 0.003074
173 -0.028963
174 -0.233454
175 0.007098
176 -0.086079
177 -0.172807
178 0.015684
179 0.056316
180 -0.050682
181 -0.116973
182 -0.029763
183 -0.046379
184 -0.201821
185 0.376817
186 -0.039266
187 -0.030413
188 -0.881898
189 0.189182
190 0.159995
191 -0.032705
192 0.293459
193 0.038329
194 0.141968
195 0.222133
196 0.116380
197 -0.116640
198 -0.062867
199 -0.161063
200 -0.050549
201 0.330747
202 0.007570
203 0.083544
204 -0.016344
205 -0.252641
206 0.658527
207 0.357019
208 -0.097885
209 0.656008
210 -0.271704
211 -0.337476
212 -0.179641
213 0.019371
214 0.049305
215 0.111659
216 -0.361375
217 0.443040
218 0.020346
219 -0.047046
220 0.064626
221 -0.092512
222 -0.043420
223 0.268026
224 0.021442
225 -0.154981
226 0.179422
227 0.324962
228 0.253447
229 0.229039
230 -0.070373
231 0.061061
232 0.159791
233 -0.004461
234 0.160232
235 0.040078
236 0.156489
237 -0.161544
238 0.020459
239 -0.036445
240 -0.194187
241 0.114948
242 -0.010793
243 -0.078001
244 0.006403
245 0.072298
246 0.520908
247 -0.036643
248 0.014932
249 0.059453
250 0.065800
251 -0.020699
252 0.020093
253 0.096021
254 -0.123569
255 -0.203382
256 -0.010778
257 0.207430
258 0.186735
259 -0.048316
260 0.167811
261 0.106641
262 0.044764
263 0.306128
264 0.284292
265 -0.144414
266 0.157616
267 0.096162
268 0.664429
269 -0.094739
270 0.046485
271 -0.155742
272 -0.049236
273 -0.398237
274 0.240287
275 0.231961
276 0.523130
277 -0.081005
278 0.188347
279 0.279866
280 0.165179
281 0.069235
282 0.137120
283 -0.037199
284 -0.044367
285 -0.185953
286 0.054287
287 0.197005
288 0.127910
289 -0.022342
290 0.088523
291 -0.007397
292 -0.029171
293 0.048655
294 0.089083
295 -0.008828
296 0.110066
297 -0.165967
298 -0.071612
299 0.008290
300 0.006909
301 0.207718
302 0.047752
303 0.040659
304 0.051602
305 0.238060
306 0.094976
307 0.142828
308 0.066411
309 -0.112118
310 0.073344
311 0.122082
312 0.077669
313 0.169209
314 0.122649
315 -0.084044
316 0.015555
317 -0.072015
318 0.035210
319 -0.097666
320 0.072600
321 0.215188
322 0.189055
323 -0.180283
324 0.027506
325 0.104337
326 0.180268
327 0.138479
328 -0.007813
329 0.208053
330 -0.020459
331 0.333977
332 0.150179
333 0.216306
334 -0.024562
335 -0.069600
336 0.078282
337 0.073205
338 -0.045122
339 -0.189300
340 0.020672
341 -0.026068
342 -0.057117
343 -0.145297
344 -0.121171
345 0.068423
346 -0.059457
347 0.413467
348 -0.146196
349 0.198094
350 0.080211
351 0.060212
352 -0.265446
353 0.027748
354 -0.090616
355 0.197069
356 0.092526
357 -0.157345
358 0.055804
359 0.197371
360 0.380229
361 0.002616
362 -0.015931
363 -0.089587
364 0.018118
365 -0.004725
366 0.079375
367 -0.083389
368 0.053134
369 -0.017093
370 0.168135
371 -0.191476
372 -0.249887
373 0.065612
374 -0.083575
375 -0.000121
376 0.114895
377 -0.160121
378 0.207083
379 0.137559
380 0.412753
381 -0.285717
382 -0.094761
383 0.071913
384 0.137211
385 0.201256
386 0.077771
387 -0.040137
388 0.102003
389 0.059704
390 0.173500
391 -0.065677
392 0.097936
393 0.032392
394 0.114529
395 0.046441
396 0.001301
397 -0.067535
398 0.075680
399 0.115427
400 -0.137757
401 0.025583
402 0.253171
403 0.106138
404 0.203326
405 -0.041552
406 -0.034489
407 -0.120372
408 0.083818
409 -0.114996
410 0.127942
411 0.235863
412 0.078399
413 0.123777
414 -0.082110
415 0.107452
416 -0.127076
417 -0.138689
418 0.141496
419 0.046228
420 -0.116824
421 0.262137
422 -0.124523
423 -0.001776
424 0.345534
425 0.034302
426 0.725589
427 0.134481
428 0.171281
429 0.089264
430 0.061611
431 0.064954
432 0.126286
433 0.023609
434 -0.043715
435 0.091436
436 0.151071
437 0.187046
438 -0.195266
439 0.125100
440 -0.060689
441 0.141504
442 0.266847
443 0.258937
444 0.179412
445 0.104598
446 0.385115
447 0.284252
448 0.038473
449 0.061929
450 0.123730
451 0.033906
452 0.225343
453 0.231574
454 -0.046835
455 0.274559
456 -0.081071
457 0.261493
458 -0.028559
459 0.015529
460 -0.049306
461 0.026024
462 -0.116861
463 0.025920
464 -0.194791
465 0.186517
466 -0.104423
467 0.059453
468 0.169592
469 0.288056
470 0.281639
471 -0.139292
472 -0.224595
473 -0.001877
474 0.044811
475 -0.112686
476 0.121886
477 0.252932
478 0.278659
479 -0.296786
480 0.454075
481 0.134869
482 0.136140
483 0.211187
484 0.234072
485 0.013748
486 0.036428
487 0.086613
488 0.029162
489 0.166252
490 0.278617
491 -0.110135
492 0.155242
493 -0.175144
494 0.485439
495 0.200477
496 0.479296
497 0.011731
498 -0.031216
499 -0.014737
500 0.461838
501 0.009415
502 0.202253
503 0.123884
504 0.002596
505 0.429720
506 0.033696
507 0.147101
508 -0.025999
509 -0.005896
510 0.186962
511 0.078618
512 0.218556
513 -0.286144
514 0.042105
515 -0.069712
516 0.018180
517 -0.053696
518 0.082842
519 -0.239408
520 0.209680
521 -0.156795
522 -0.306361
523 -0.024646
524 -0.078434
525 -0.140614
526 0.025136
527 -0.046522
528 0.133907
529 -0.367703
530 -0.067410
531 -0.253314
532 0.006295
533 0.157349
534 0.495892
535 0.016923
536 0.116554
537 -0.210161
538 0.048950
539 -0.675329
540 -0.850388
541 0.105221
542 0.069257
543 -0.002425
544 -0.031139
545 0.434714
546 0.236970
547 -0.188852
548 -0.034732
549 0.037738
550 -0.106205
551 0.067342
552 -0.193648
553 -0.132888
554 0.101418
555 -0.061624
556 -0.136474
557 0.085127
558 -0.220695
559 -0.070713
560 -0.665641
561 -0.121636
562 0.012962
563 0.116633
564 0.139396
565 -0.003234
566 0.181904
567 0.056356
568 -0.024375
569 0.039024
570 -0.072299
571 -0.016426
572 0.010860
573 -0.001334
574 0.064530
575 0.082561
576 0.857231
577 -0.103704
578 0.004365
579 -0.104445
580 0.035219
581 0.057421
582 -0.003272
583 -0.448805
584 0.290277
585 -0.070328
586 -0.088357
587 0.312361
588 0.065879
589 0.092686
590 -0.200857
591 -0.042851
592 -0.037679
593 -0.065989
594 0.102570
595 0.059624
596 -0.146516
597 0.227247
598 0.082431
599 0.047251
600 0.156876
601 0.002101
602 0.100632
603 -0.009492
604 0.073506
605 -0.068526
606 0.014498
607 -0.039802
608 0.000337
609 -0.055662
610 -0.038054
611 0.093334
612 -0.038882
613 0.017703
614 -0.071355
615 0.002433
616 -0.163705
617 -0.012067
618 0.007609
619 0.015385
620 0.007733
621 -0.077978
622 0.016071
623 0.058586
624 -0.013480
625 -0.007213
626 -0.074389
627 0.118856
628 -0.048499
629 -0.091001
630 -0.054387
631 0.071315
632 -0.001258
633 -0.141665
634 0.081419
635 -0.052177
636 -0.193746
637 0.115816
638 -0.038709
639 0.097225
640 0.193760
641 -0.078148
642 -0.179131
643 -0.043150
644 -0.075705
645 0.175779
646 0.160482
647 -0.088954
648 0.100025
649 -0.305862
650 -0.135210
651 -0.342311
652 -0.502109
653 0.146211
654 -0.043480
655 -0.135715
656 0.202700
657 0.222993
658 0.195481
659 0.101167
660 -0.210863
661 0.010478
662 -0.022500
663 -0.013852
664 0.245751
665 -0.188461
666 0.116054
667 0.028442
668 -0.116296
669 -0.025198
670 -0.359796
671 0.059621
672 -0.077454
673 0.086989
674 -0.170666
675 -0.220375
676 0.084362
677 0.036946
678 0.019863
679 0.369082
680 0.457958
681 -0.066977
682 -0.144263
683 -0.377017
684 -0.042979
685 0.272172
686 0.007816
687 -0.389370
688 0.232144
689 -0.001915
690 0.267080
691 0.061203
692 -0.065569
693 -0.213166
694 0.038352
695 -0.159307
696 -0.182211
697 0.359704
698 0.320653
699 0.113280
700 0.131137
701 0.200317
702 -0.132764
703 0.126224
704 0.000995
705 0.206126
706 -0.013428
707 0.341459
708 0.004486
709 0.062226
710 -0.481951
711 -0.153555
712 -0.592655
713 0.092228
714 -0.279755
715 -0.047121
716 0.066709
717 0.097151
718 -0.097759
719 -0.163217
720 -0.004734
721 -0.124256
722 -0.100194
723 0.299693
724 0.274019
725 0.064149
726 0.106538
727 -0.147358
728 -0.201001
729 -0.143759
730 -0.008408
731 -0.524038
732 0.147111
733 0.318693
734 -0.610237
735 -0.223479
736 0.341890
737 -0.064313
738 -0.239869
739 -0.089619
740 -0.065703
741 0.057570
742 0.277889
743 -0.042992
744 0.107951
745 0.404921
746 0.040087
747 0.135573
748 0.173740
749 -0.195724
750 0.004899
751 -0.031423
752 -0.507789
753 -0.092700
754 0.249459
755 -0.018301
756 0.172050
757 -0.351663
758 0.213429
759 0.491618
760 0.429471
761 -0.074974
762 0.093053
763 0.071044
764 0.132911
765 -0.108485
766 0.135480
767 -0.034424
768 -0.125157
769 0.124848
770 -0.064560
771 -0.282701
772 -0.165437
773 -0.120104
774 0.164759
775 -0.035581
776 0.154559
777 0.115853
778 0.004711
779 -0.289516
780 -0.168635
781 0.616094
782 0.007374
783 -0.032514
784 -0.082083
785 0.068473
786 -0.080715
787 0.143904
788 0.404096
789 0.244946
790 0.239204
791 0.034180
792 0.107862
793 -0.034590
794 0.269248
795 -0.234590
796 -0.266381
797 0.027468
798 -0.230909
799 0.219942
800 0.077710
801 0.169510
802 0.639706
803 -0.056097
804 -0.309438
805 0.061160
806 -0.002671
807 -0.247503
808 0.096405
809 -0.053984
810 0.006464
811 -0.145177
812 -0.043754
813 -0.091087
814 -0.024443
815 -0.318302
816 -0.199997
817 0.102279
818 -0.161814
819 -0.116936
820 0.178146
821 0.000574
822 0.123160
823 0.074208
824 -0.049318
825 0.315397
826 0.295940
827 0.405666
828 0.459793
829 0.214700
830 -0.164524
831 0.219037
832 0.168055
833 0.110158
834 0.001836
835 0.126515
836 0.126017
837 0.311216
838 0.176455
839 -0.164736
840 -0.037010
841 0.047660
842 0.136233
843 0.382857
844 0.167671
845 -0.035195
846 0.108230
847 0.018236
848 -0.055029
849 0.055701
850 0.228899
851 0.289361
852 0.659327
853 0.001761
854 -0.145120
855 -0.237818
856 -0.001535
857 -0.181591
858 -0.097451
859 -0.139207
860 0.390624
861 0.128605
862 0.159690
863 0.066849
864 0.102678
865 -0.018146
866 0.159009
867 0.220748
868 -0.155100
869 -0.150292
870 -0.000239
871 0.004957
872 0.037866
873 0.105562
874 0.054455
875 0.332528
876 -0.172115
877 -0.106555
878 0.149573
879 -0.187855
880 0.090293
881 0.161908
882 0.088037
883 0.140372
884 0.164481
885 0.032237
886 0.137761
887 0.122618
888 -0.194591
889 -0.031481
890 0.007075
891 0.866112
892 -0.094143
893 0.263637
894 -0.081366
895 -0.107454
896 -0.086897
897 -0.052225
898 0.169684
899 0.163600
900 -0.272464
901 0.167984
902 0.061814
903 -0.248241
904 0.004958
905 -0.247565
906 0.003611
907 -0.089812
908 0.042727
909 -0.000620
910 0.109774
911 -0.066595
912 0.185249
913 0.246243
914 -0.044051
915 0.029163
916 -0.125747
917 0.046487
918 0.079523
919 -0.042451
920 0.001350
921 -0.248343
922 0.007279
923 -0.193065
924 0.247725
925 0.102665
926 0.083919
927 0.119277
928 0.016020
929 -0.040717
930 0.202898
931 -0.348332
932 -0.043766
933 0.039596
934 -0.269214
935 0.339087
936 0.265927
937 0.236567
938 -0.096858
939 -0.160170
940 0.111130
941 0.170101
942 0.230904
943 -0.027350
944 -0.087679
945 0.110430
946 -0.011063
947 -0.104352
948 -0.415040
949 0.092387
950 -0.167498
951 -0.137485
952 0.104417
953 -0.045478
954 -0.174652
955 0.340484
956 0.058069
957 -0.143927
958 0.006471
959 -0.065667
960 -0.282330
961 -0.067341
962 0.040861
963 -0.095724
964 -0.158260
965 0.155364
966 0.260237
967 -0.548874
968 -0.127692
969 -0.142385
970 0.244997
971 -0.148448
972 -0.237544
973 0.058313
974 0.292675
975 0.113939
976 0.473075
977 -0.346075
978 0.554254
979 -0.095384
980 -0.074028
981 0.085670
982 0.093477
983 0.274948
984 0.146152
985 0.123566
986 -0.006410
987 -0.194183
988 -0.305594
989 -0.003883
990 -0.156229
991 -0.121506
992 0.097509
993 0.215568
994 0.281271
995 -0.176129
996 0.390833
997 -0.029217
998 -0.121234
999 0.011789
1000 0.204065
1001 0.197059
1002 -0.085663
1003 -0.170884
1004 -0.004201
1005 -0.256735
1006 0.239724
1007 -0.012910
1008 0.188057
1009 0.089657
1010 0.036984
1011 -0.092893
1012 -0.180173
1013 0.028352
1014 -0.097793
1015 0.238168
1016 0.076346
1017 0.265517
1018 0.009354
1019 0.313132
1020 -0.056248
1021 0.100413
1022 0.124747
1023 0.295109
1024 -0.072249
1025 -0.106757
1026 0.151540
1027 0.000454
1028 0.250730
1029 0.189117
1030 -0.063771
1031 -0.188552
1032 0.035718
1033 0.245091
1034 -0.046162
1035 0.188616
1036 -0.155435
1037 -0.269465
1038 0.121260
1039 -0.122690
1040 -0.025755
1041 -0.135380
1042 0.117532
1043 0.043399
1044 0.156541
1045 0.098216
1046 -0.343699
1047 0.315892
1048 -0.077425
1049 -0.037456
1050 -0.224780
1051 0.083695
1052 -0.235769
1053 0.175763
1054 0.225891
1055 -0.022993
1056 -0.342965
1057 -0.137719
1058 0.101273
1059 0.233074
1060 -0.167948
1061 -0.263744
1062 -0.259373
1063 -0.060399
1064 0.456063
1065 0.318052
1066 -0.081964
1067 -0.253622
1068 -0.053795
1069 0.151937
1070 0.148718
1071 -0.124716
1072 0.072847
1073 0.163922
1074 0.204063
1075 -0.079414
1076 0.091131
1077 -0.149449
1078 0.092949
1079 -0.082852
1080 0.072672
1081 -0.221811
1082 0.011218
1083 -0.066951
1084 0.091726
1085 -0.218442
1086 0.231224
1087 0.011984
1088 0.121579
1089 -0.002193
1090 0.089531
1091 -0.064504
1092 -0.204326
1093 0.019368
1094 -0.005320
1095 0.186656
1096 0.024361
1097 -0.229902
1098 -0.361699
1099 0.338722
1100 -0.140203
1101 -0.115653
1102 0.031247
1103 -0.194316
1104 0.051862
1105 0.201582
1106 0.211231
1107 0.027242
1108 -0.371007
1109 -0.230647
1110 -0.000066
1111 -0.068418
1112 -0.046689
1113 -0.073403
1114 -0.065805
1115 0.613046
1116 0.207213
1117 -0.126736
1118 0.102732
1119 0.264481
1120 -0.268926
1121 0.015287
1122 0.226283
1123 -0.289628
1124 -0.084945
1125 0.091602
1126 -0.302091
1127 0.075624
1128 0.058589
1129 0.264798
1130 -0.086170
1131 0.122629
1132 -0.144204
1133 -0.065835
1134 0.074482
1135 -0.189237
1136 -0.211372
1137 0.079218
1138 0.406496
1139 0.242008
1140 -0.127320
1141 0.062191
1142 -0.038654
1143 -0.046023
1144 -0.227114
1145 0.044911
1146 -0.246667
1147 -0.160233
1148 0.093640
1149 -0.099466
1150 -0.061551
1151 -0.163229
1152 0.159932
1153 0.239067
1154 -0.173073
1155 0.004801
1156 -0.023833
1157 0.227897
1158 -0.139175
1159 0.231332
1160 0.172945
1161 -0.158720
1162 0.174520
1163 -0.096121
1164 -0.038647
1165 0.205511
1166 0.315491
1167 0.144314
1168 0.171634
1169 -0.094443
1170 0.186980
1171 -0.177905
1172 0.038403
1173 -0.274245
1174 0.037099
1175 -0.121996
1176 0.250513
1177 -0.008720
1178 0.306644
1179 -0.180268
1180 0.038889
1181 0.219526
1182 -0.012777
1183 0.216276
1184 -0.102227
1185 -0.314463
1186 0.025283
1187 -0.235030
1188 0.144764
1189 -0.043557
1190 -0.148062
1191 0.389018
1192 0.145057
1193 -0.088609
1194 -0.064411
1195 0.107700
1196 -0.118274
1197 0.047499
1198 -0.208816
1199 0.271772
1200 0.086516
1201 0.021553
1202 -0.188936
1203 -0.063121
1204 -0.019053
1205 -0.052082
1206 -0.099851
1207 0.457342
1208 0.092596
1209 -0.032435
1210 -0.222473
1211 0.060775
1212 0.227353
1213 -0.134276
1214 0.207536
1215 0.046176
0 -0.443161
1 -0.339539
2 0.159553
3 -0.090974
4 -0.209876
5 -0.236344
6 0.110145
7 0.048228
8 -0.211369
9 -0.220844
10 0.102294
11 -0.048056
12 -0.316752
13 -0.057923
14 -0.117596
15 0.146685
16 -0.033869
17 -0.247439
18 0.037754
19 -0.230181
20 0.144800
21 -0.010647
22 -0.033201
23 -0.142813
24 0.353928
25 -0.282639
26 0.099317
27 -0.351403
28 0.099570
29 0.118601
30 -0.111139
31 -0.397065
32 0.378518
33 0.249826
34 0.452100
35 0.077844
36 -0.236049
37 -0.113787
38 0.127961
39 -0.058373
40 0.181606
41 0.362680
42 0.096214
43 -0.049208
44 0.340050
45 0.002028
46 -0.219037
47 0.192738
48 -0.043470
49 0.028065
50 0.273818
51 -0.087842
52 0.293633
53 -0.073461
54 0.189033
55 0.135651
56 0.274555
57 0.114381
58 -0.434168
59 0.066599
60 -0.002844
61 0.200023
62 0.004578
63 0.254798
64 0.275812
65 -0.121135
66 0.227589
67 -0.109090
68 -0.179601
69 0.047177
70 0.262432
71 -0.115948
72 -0.298465
73 0.390310
74 0.110904
75 0.322603
76 -0.104277
77 0.344017
78 -0.004667
79 0.017690
80 -0.117440
81 0.031506
82 0.293727
83 0.054734
84 -0.151397
85 0.088158
86 0.393228
87 0.002931
88 0.074001
89 -0.018819
90 -0.295247
91 -0.058793
92 -0.160674
93 -0.123004
94 0.273706
95 0.021641
96 0.138326
97 0.180484
98 0.132034
99 0.406963
100 0.606449
101 -0.110694
102 -0.149538
103 0.114622
104 -0.075191
105 0.151787
106 0.179709
107 0.398457
108 0.163455
109 0.170174
110 -0.070476
111 -0.016541
112 0.474468
113 0.068781
114 0.023387
115 0.137404
116 0.132385
117 0.273490
118 0.121967
119 0.247880
120 0.420366
121 0.247878
122 -0.491588
123 0.032431
124 -0.126854
125 0.004469
126 0.004655
127 -0.095552
128 -0.254063
129 -0.414573
130 0.518349
131 -0.278280
132 -0.226934
133 -0.295282
134 -0.042483
135 -0.005585
136 -0.028255
137 0.235797
138 -0.128560
139 0.021412
140 -0.117121
141 0.316851
142 0.200607
143 -0.125294
144 0.001563
145 -0.023812
146 0.330334
147 -0.488869
148 -0.043325
149 0.022159
150 0.194206
151 -0.251565
152 -0.111841
153 0.212388
154 -0.310096
155 0.030442
156 -0.007934
157 0.140409
158 0.296007
159 0.016198
160 0.035534
161 0.324744
162 -0.135012
163 0.272381
164 -0.085388
165 0.382116
166 0.290770
167 -0.189747
168 0.217412
169 0.189662
170 -0.453471
171 0.095202
172 0.003074
173 -0.028963
174 -0.233454
175 0.007098
176 -0.086079
177 -0.172807
178 0.015684
179 0.056316
180 -0.050682
181 -0.116973
182 -0.029763
183 -0.046379
184 -0.201821
185 0.376817
186 -0.039266
187 -0.030413
188 -0.881898
189 0.189182
190 0.159995
191 -0.032705
192 0.293459
193 0.038329
194 0.141968
195 0.222133
196 0.116380
197 -0.116640
198 -0.062867
199 -0.161063
200 -0.050549
201 0.330747
202 0.007570
203 0.083544
204 -0.016344
205 -0.252641
206 0.658527
207 0.357019
208 -0.097885
209 0.656008
210 -0.271704
211 -0.337476
212 -0.179641
213 0.019371
214 0.049305
215 0.111659
216 -0.361375
217 0.443040
218 0.020346
219 -0.047046
220 0.064626
221 -0.092512
222 -0.043420
223 0.268026
224 0.021442
225 -0.154981
226 0.179422
227 0.324962
228 0.253447
229 0.229039
230 -0.070373
231 0.061061
232 0.159791
233 -0.004461
234 0.160232
235 0.040078
236 0.156489
237 -0.161544
238 0.020459
239 -0.036445
240 -0.194187
241 0.114948
242 -0.010793
243 -0.078001
244 0.006403
245 0.072298
246 0.520908
247 -0.036643
248 0.014932
249 0.059453
250 0.065800
251 -0.020699
252 0.020093
253 0.096021
254 -0.123569
255 -0.203382
256 -0.010778
257 0.207430
258 0.186735
259 -0.048316
260 0.167811
261 0.106641
262 0.044764
263 0.306128
264 0.284292
265 -0.144414
266 0.157616
267 0.096162
268 0.664429
269 -0.094739
270 0.046485
271 -0.155742
272 -0.049236
273 -0.398237
274 0.240287
275 0.231961
276 0.523130
277 -0.081005
278 0.188347
279 0.279866
280 0.165179
281 0.069235
282 0.137120
283 -0.037199
284 -0.044367
285 -0.185953
286 0.054287
287 0.197005
288 0.127910
289 -0.022342
290 0.088523
291 -0.007397
292 -0.029171
293 0.048655
294 0.089083
295 -0.008828
296 0.110066
297 -0.165967
298 -0.071612
299 0.008290
300 0.006909
301 0.207718
302 0.047752
303 0.040659
304 0.051602
305 0.238060
306 0.094976
307 0.142828
308 0.066411
309 -0.112118
310 0.073344
311 0.122082
312 0.077669
313 0.169209
314 0.122649
315 -0.084044
316 0.015555
317 -0.072015
318 0.035210
319 -0.097666
320 0.072600
321 0.215188
322 0.189055
323 -0.180283
324 0.027506
325 0.104337
326 0.180268
327 0.138479
328 -0.007813
329 0.208053
330 -0.020459
331 0.333977
332 0.150179
333 0.216306
334 -0.024562
335 -0.069600
336 0.078282
337 0.073205
338 -0.045122
339 -0.189300
340 0.020672
341 -0.026068
342 -0.057117
343 -0.145297
344 -0.121171
345 0.068423
346 -0.059457
347 0.413467
348 -0.146196
349 0.198094
350 0.080211
351 0.060212
352 -0.265446
353 0.027748
354 -0.090616
355 0.197069
356 0.092526
357 -0.157345
358 0.055804
359 0.197371
360 0.380229
361 0.002616
362 -0.015931
363 -0.089587
364 0.018118
365 -0.004725
366 0.079375
367 -0.083389
368 0.053134
369 -0.017093
370 0.168135
371 -0.191476
372 -0.249887
373 0.065612
374 -0.083575
375 -0.000121
376 0.114895
377 -0.160121
378 0.207083
379 0.137559
380 0.412753
381 -0.285717
382 -0.094761
383 0.071913
384 0.137211
385 0.201256
386 0.077771
387 -0.040137
388 0.102003
389 0.059704
390 0.173500
391 -0.065677
392 0.097936
393 0.032392
394 0.114529
395 0.046441
396 0.001301
397 -0.067535
398 0.075680
399 0.115427
400 -0.137757
401 0.025583
402 0.253171
403 0.106138
404 0.203326
405 -0.041552
406 -0.034489
407 -0.120372
408 0.083818
409 -0.114996
410 0.127942
411 0.235863
412 0.078399
413 0.123777
414 -0.082110
415 0.107452
416 -0.127076
417 -0.138689
418 0.141496
419 0.046228
420 -0.116824
421 0.262137
422 -0.124523
423 -0.001776
424 0.345534
425 0.034302
426 0.725589
427 0.134481
428 0.171281
429 0.089264
430 0.061611
431 0.064954
432 0.126286
433 0.023609
434 -0.043715
435 0.091436
436 0.151071
437 0.187046
438 -0.195266
439 0.125100
440 -0.060689
441 0.141504
442 0.266847
443 0.258937
444 0.179412
445 0.104598
446 0.385115
447 0.284252
448 0.038473
449 0.061929
450 0.123730
451 0.033906
452 0.225343
453 0.231574
454 -0.046835
455 0.274559
456 -0.081071
457 0.261493
458 -0.028559
459 0.015529
460 -0.049306
461 0.026024
462 -0.116861
463 0.025920
464 -0.194791
465 0.186517
466 -0.104423
467 0.059453
468 0.169592
469 0.288056
470 0.281639
471 -0.139292
472 -0.224595
473 -0.001877
474 0.044811
475 -0.112686
476 0.121886
477 0.252932
478 0.278659
479 -0.296786
480 0.454075
481 0.134869
482 0.136140
483 0.211187
484 0.234072
485 0.013748
486 0.036428
487 0.086613
488 0.029162
489 0.166252
490 0.278617
491 -0.110135
492 0.155242
493 -0.175144
494 0.485439
495 0.200477
496 0.479296
497 0.011731
498 -0.031216
499 -0.014737
500 0.461838
501 0.009415
502 0.202253
503 0.123884
504 0.002596
505 0.429720
506 0.033696
507 0.147101
508 -0.025999
509 -0.005896
510 0.186962
511 0.078618
512 0.218556
513 -0.286144
514 0.042105
515 -0.069712
516 0.018180
517 -0.053696
518 0.082842
519 -0.239408
520 0.209680
521 -0.156795
522 -0.306361
523 -0.024646
524 -0.078434
525 -0.140614
526 0.025136
527 -0.046522
528 0.133907
529 -0.367703
530 -0.067410
531 -0.253314
532 0.006295
533 0.157349
534 0.495892
535 0.016923
536 0.116554
537 -0.210161
538 0.048950
539 -0.675329
540 -0.850388
541 0.105221
542 0.069257
543 -0.002425
544 -0.031139
545 0.434714
546 0.236970
547 -0.188852
548 -0.034732
549 0.037738
550 -0.106205
551 0.067342
552 -0.193648
553 -0.132888
554 0.101418
555 -0.061624
556 -0.136474
557 0.085127
558 -0.220695
559 -0.070713
560 -0.665641
561 -0.121636
562 0.012962
563 0.116633
564 0.139396
565 -0.003234
566 0.181904
567 0.056356
568 -0.024375
569 0.039024
570 -0.072299
571 -0.016426
572 0.010860
573 -0.001334
574 0.064530
575 0.082561
576 0.857231
577 -0.103704
578 0.004365
579 -0.104445
580 0.035219
581 0.057421
582 -0.003272
583 -0.448805
584 0.290277
585 -0.070328
586 -0.088357
587 0.312361
588 0.065879
589 0.092686
590 -0.200857
591 -0.042851
592 -0.037679
593 -0.065989
594 0.102570
595 0.059624
596 -0.146516
597 0.227247
598 0.082431
599 0.047251
600 0.156876
601 0.002101
602 0.100632
603 -0.009492
604 0.073506
605 -0.068526
606 0.014498
607 -0.039802
608 0.000337
609 -0.055662
610 -0.038054
611 0.093334
612 -0.038882
613 0.017703
614 -0.071355
615 0.002433
616 -0.163705
617 -0.012067
618 0.007609
619 0.015385
620 0.007733
621 -0.077978
622 0.016071
623 0.058586
624 -0.013480
625 -0.007213
626 -0.074389
627 0.118856
628 -0.048499
629 -0.091001
630 -0.054387
631 0.071315
632 -0.001258
633 -0.141665
634 0.081419
635 -0.052177
636 -0.193746
637 0.115816
638 -0.038709
639 0.097225
640 0.193760
641 -0.078148
642 -0.179131
643 -0.043150
644 -0.075705
645 0.175779
646 0.160482
647 -0.088954
648 0.100025
649 -0.305862
650 -0.135210
651 -0.342311
652 -0.502109
653 0.146211
654 -0.043480
655 -0.135715
656 0.202700
657 0.222993
658 0.195481
659 0.101167
660 -0.210863
661 0.010478
662 -0.022500
663 -0.013852
664 0.245751
665 -0.188461
666 0.116054
667 0.028442
668 -0.116296
669 -0.025198
670 -0.359796
671 0.059621
672 -0.077454
673 0.086989
674 -0.170666
675 -0.220375
676 0.084362
677 0.036946
678 0.019863
679 0.369082
680 0.457958
681 -0.066977
682 -0.144263
683 -0.377017
684 -0.042979
685 0.272172
686 0.007816
687 -0.389370
688 0.232144
689 -0.001915
690 0.267080
691 0.061203
692 -0.065569
693 -0.213166
694 0.038352
695 -0.159307
696 -0.182211
697 0.359704
698 0.320653
699 0.113280
700 0.131137
701 0.200317
702 -0.132764
703 0.126224
704 0.000995
705 0.206126
706 -0.013428
707 0.341459
708 0.004486
709 0.062226
710 -0.481951
711 -0.153555
712 -0.592655
713 0.092228
714 -0.279755
715 -0.047121
716 0.066709
717 0.097151
718 -0.097759
719 -0.163217
720 -0.004734
721 -0.124256
722 -0.100194
723 0.299693
724 0.274019
725 0.064149
726 0.106538
727 -0.147358
728 -0.201001
729 -0.143759
730 -0.008408
731 -0.524038
732 0.147111
733 0.318693
734 -0.610237
735 -0.223479
736 0.341890
737 -0.064313
738 -0.239869
739 -0.089619
740 -0.065703
741 0.057570
742 0.277889
743 -0.042992
744 0.107951
745 0.404921
746 0.040087
747 0.135573
748 0.173740
749 -0.195724
750 0.004899
751 -0.031423
752 -0.507789
753 -0.092700
754 0.249459
755 -0.018301
756 0.172050
757 -0.351663
758 0.213429
759 0.491618
760 0.429471
761 -0.074974
762 0.093053
763 0.071044
764 0.132911
765 -0.108485
766 0.135480
767 -0.034424
768 -0.125157
769 0.124848
770 -0.064560
771 -0.282701
772 -0.165437
773 -0.120104
774 0.164759
775 -0.035581
776 0.154559
777 0.115853
778 0.004711
779 -0.289516
780 -0.168635
781 0.616094
782 0.007374
783 -0.032514
784 -0.082083
785 0.068473
786 -0.080715
787 0.143904
788 0.404096
789 0.244946
790 0.239204
791 0.034180
792 0.107862
793 -0.034590
794 0.269248
795 -0.234590
796 -0.266381
797 0.027468
798 -0.230909
799 0.219942
800 0.077710
801 0.169510
802 0.639706
803 -0.056097
804 -0.309438
805 0.061160
806 -0.002671
807 -0.247503
808 0.096405
809 -0.053984
810 0.006464
811 -0.145177
812 -0.043754
813 -0.091087
814 -0.024443
815 -0.318302
816 -0.199997
817 0.102279
818 -0.161814
819 -0.116936
820 0.178146
821 0.000574
822 0.123160
823 0.074208
824 -0.049318
825 0.315397
826 0.295940
827 0.405666
828 0.459793
829 0.214700
830 -0.164524
831 0.219037
832 0.168055
833 0.110158
834 0.001836
835 0.126515
836 0.126017
837 0.311216
838 0.176455
839 -0.164736
840 -0.037010
841 0.047660
842 0.136233
843 0.382857
844 0.167671
845 -0.035195
846 0.108230
847 0.018236
848 -0.055029
849 0.055701
850 0.228899
851 0.289361
852 0.659327
853 0.001761
854 -0.145120
855 -0.237818
856 -0.001535
857 -0.181591
858 -0.097451
859 -0.139207
860 0.390624
861 0.128605
862 0.159690
863 0.066849
864 0.102678
865 -0.018146
866 0.159009
867 0.220748
868 -0.155100
869 -0.150292
870 -0.000239
871 0.004957
872 0.037866
873 0.105562
874 0.054455
875 0.332528
876 -0.172115
877 -0.106555
878 0.149573
879 -0.187855
880 0.090293
881 0.161908
882 0.088037
883 0.140372
884 0.164481
885 0.032237
886 0.137761
887 0.122618
888 -0.194591
889 -0.031481
890 0.007075
891 0.866112
892 -0.094143
893 0.263637
894 -0.081366
895 -0.107454
896 -0.086897
897 -0.052225
898 0.169684
899 0.163600
900 -0.272464
901 0.167984
902 0.061814
903 -0.248241
904 0.004958
905 -0.247565
906 0.003611
907 -0.089812
908 0.042727
909 -0.000620
910 0.109774
911 -0.066595
912 0.185249
913 0.246243
914 -0.044051
915 0.029163
916 -0.125747
917 0.046487
918 0.079523
919 -0.042451
920 0.001350
921 -0.248343
922 0.007279
923 -0.193065
924 0.247725
925 0.102665
926 0.083919
927 0.119277
928 0.016020
929 -0.040717
930 0.202898
931 -0.348332
932 -0.043766
933 0.039596
934 -0.269214
935 0.339087
936 0.265927
937 0.236567
938 -0.096858
939 -0.160170
940 0.111130
941 0.170101
942 0.230904
943 -0.027350
944 -0.087679
945 0.110430
946 -0.011063
947 -0.104352
948 -0.415040
949 0.092387
950 -0.167498
951 -0.137485
952 0.104417
953 -0.045478
954 -0.174652
955 0.340484
956 0.058069
957 -0.143927
958 0.006471
959 -0.065667
960 -0.282330
961 -0.067341
962 0.040861
963 -0.095724
964 -0.158260
965 0.155364
966 0.260237
967 -0.548874
968 -0.127692
969 -0.142385
970 0.244997
971 -0.148448
972 -0.237544
973 0.058313
974 0.292675
975 0.113939
976 0.473075
977 -0.346075
978 0.554254
979 -0.095384
980 -0.074028
981 0.085670
982 0.093477
983 0.274948
984 0.146152
985 0.123566
986 -0.006410
987 -0.194183
988 -0.305594
989 -0.003883
990 -0.156229
991 -0.121506
992 0.097509
993 0.215568
994 0.281271
995 -0.176129
996 0.390833
997 -0.029217
998 -0.121234
999 0.011789
1000 0.204065
1001 0.197059
1002 -0.085663
1003 -0.170884
1004 -0.004201
1005 -0.256735
1006 0.239724
1007 -0.012910
1008 0.188057
1009 0.089657
1010 0.036984
1011 -0.092893
1012 -0.180173
1013 0.028352
1014 -0.097793
1015 0.238168
1016 0.076346
1017 0.265517
1018 0.009354
1019 0.313132
1020 -0.056248
1021 0.100413
1022 0.124747
1023 0.295109
1024 -0.072249
1025 -0.106757
1026 0.151540
1027 0.000454
1028 0.250730
1029 0.189117
1030 -0.063771
1031 -0.188552
1032 0.035718
1033 0.245091
1034 -0.046162
1035 0.188616
1036 -0.155435
1037 -0.269465
1038 0.121260
1039 -0.122690
1040 -0.025755
1041 -0.135380
1042 0.117532
1043 0.043399
1044 0.156541
1045 0.098216
1046 -0.343699
1047 0.315892
1048 -0.077425
1049 -0.037456
1050 -0.224780
1051 0.083695
1052 -0.235769
1053 0.175763
1054 0.225891
1055 -0.022993
1056 -0.342965
1057 -0.137719
1058 0.101273
1059 0.233074
1060 -0.167948
1061 -0.263744
1062 -0.259373
1063 -0.060399
1064 0.456063
1065 0.318052
1066 -0.081964
1067 -0.253622
1068 -0.053795
1069 0.151937
1070 0.148718
1071 -0.124716
1072 0.072847
1073 0.163922
1074 0.204063
1075 -0.079414
1076 0.091131
1077 -0.149449
1078 0.092949
1079 -0.082852
1080 0.072672
1081 -0.221811
1082 0.011218
1083 -0.066951
1084 0.091726
1085 -0.218442
1086 0.231224
1087 0.011984
1088 0.121579
1089 -0.002193
1090 0.089531
1091 -0.064504
1092 -0.204326
1093 0.019368
1094 -0.005320
1095 0.186656
1096 0.024361
1097 -0.229902
1098 -0.361699
1099 0.338722
1100 -0.140203
1101 -0.115653
1102 0.031247
1103 -0.194316
1104 0.051862
1105 0.201582
1106 0.211231
1107 0.027242
1108 -0.371007
1109 -0.230647
1110 -0.000066
1111 -0.068418
1112 -0.046689
1113 -0.073403
1114 -0.065805
1115 0.613046
1116 0.207213
1117 -0.126736
1118 0.102732
1119 0.264481
1120 -0.268926
1121 0.015287
1122 0.226283
1123 -0.289628
1124 -0.084945
1125 0.091602
1126 -0.302091
1127 0.075624
1128 0.058589
1129 0.264798
1130 -0.086170
1131 0.122629
1132 -0.144204
1133 -0.065835
1134 0.074482
1135 -0.189237
1136 -0.211372
1137 0.079218
1138 0.406496
1139 0.242008
1140 -0.127320
1141 0.062191
1142 -0.038654
1143 -0.046023
1144 -0.227114
1145 0.044911
1146 -0.246667
1147 -0.160233
1148 0.093640
1149 -0.099466
1150 -0.061551
1151 -0.163229
1152 0.159932
1153 0.239067
1154 -0.173073
1155 0.004801
1156 -0.023833
1157 0.227897
1158 -0.139175
1159 0.231332
1160 0.172945
1161 -0.158720
1162 0.174520
1163 -0.096121
1164 -0.038647
1165 0.205511
1166 0.315491
1167 0.144314
1168 0.171634
1169 -0.094443
1170 0.186980
1171 -0.177905
1172 0.038403
1173 -0.274245
1174 0.037099
1175 -0.121996
1176 0.250513
1177 -0.008720
1178 0.306644
1179 -0.180268
1180 0.038889
1181 0.219526
1182 -0.012777
1183 0.216276
1184 -0.102227
1185 -0.314463
1186 0.025283
1187 -0.235030
1188 0.144764
1189 -0.043557
1190 -0.148062
1191 0.389018
1192 0.145057
1193 -0.088609
1194 -0.064411
1195 0.107700
1196 -0.118274
1197 0.047499
1198 -0.208816
1199 0.271772
1200 0.086516
1201 0.021553
1202 -0.188936
1203 -0.063121
1204 -0.019053
1205 -0.052082
1206 -0.099851
1207 0.457342
1208 0.092596
1209 -0.032435
1210 -0.222473
1211 0.060775
1212 0.227353
1213 -0.134276
1214 0.207536
1215 0.046176
0 -0.443161
1 -0.339539
2 0.159553
3 -0.090974
4 -0.209876
5 -0.236344
6 0.110145
7 0.048228
8 -0.211369
9 -0.220844
10 0.102294
11 -0.048056
12 -0.316752
13 -0.057923
14 -0.117596
15 0.146685
16 -0.033869
17 -0.247439
18 0.037754
19 -0.230181
20 0.144800
21 -0.010647
22 -0.033201
23 -0.142813
24 0.353928
25 -0.282639
26 0.099317
27 -0.351403
28 0.099570
29 0.118601
30 -0.111139
31 -0.397065
32 0.378518
33 0.249826
34 0.452100
35 0.077844
36 -0.236049
37 -0.113787
38 0.127961
39 -0.058373
40 0.181606
41 0.362680
42 0.096214
43 -0.049208
44 0.340050
45 0.002028
46 -0.219037
47 0.192738
48 -0.043470
49 0.028065
50 0.273818
51 -0.087842
52 0.293633
53 -0.073461
54 0.189033
55 0.135651
56 0.274555
57 0.114381
58 -0.434168
59 0.066599
60 -0.002844
61 0.200023
62 0.004578
63 0.254798
64 0.275812
65 -0.121135
66 0.227589
67 -0.109090
68 -0.179601
69 0.047177
70 0.262432
71 -0.115948
72 -0.298465
73 0.390310
74 0.110904
75 0.322603
76 -0.104277
77 0.344017
78 -0.004667
79 0.017690
80 -0.117440
81 0.031506
82 0.293727
83 0.054734
84 -0.151397
85 0.088158
86 0.393228
87 0.002931
88 0.074001
89 -0.018819
90 -0.295247
91 -0.058793
92 -0.160674
93 -0.123004
94 0.273706
95 0.021641
96 0.138326
97 0.180484
98 0.132034
99 0.406963
100 0.606449
101 -0.110694
102 -0.149538
103 0.114622
104 -0.075191
105 0.151787
106 0.179709
107 0.398457
108 0.163455
109 0.170174
110 -0.070476
111 -0.016541
112 0.474468
113 0.068781
114 0.023387
115 0.137404
116 0.132385
117 0.273490
118 0.121967
119 0.247880
120 0.420366
121 0.247878
122 -0.491588
123 0.032431
124 -0.126854
125 0.004469
126 0.004655
127 -0.095552
128 -0.254063
129 -0.414573
130 0.518349
131 -0.278280
132 -0.226934
133 -0.295282
134 -0.042483
135 -0.005585
136 -0.028255
137 0.235797
138 -0.128560
139 0.021412
140 -0.117121
141 0.316851
142 0.200607
143 -0.125294
144 0.001563
145 -0.023812
146 0.330334
147 -0.488869
148 -0.043325
149 0.022159
150 0.194206
151 -0.251565
152 -0.111841
153 0.212388
154 -0.310096
155 0.030442
156 -0.007934
157 0.140409
158 0.296007
159 0.016198
160 0.035534
161 0.324744
162 -0.135012
163 0.272381
164 -0.085388
165 0.382116
166 0.290770
167 -0.189747
168 0.217412
169 0.189662
170 -0.453471
171 0.095202
172 0.003074
173 -0.028963
174 -0.233454
175 0.007098
176 -0.086079
177 -0.172807
178 0.015684
179 0.056316
180 -0.050682
181 -0.116973
182 -0.029763
183 -0.046379
184 -0.201821
185 0.376817
186 -0.039266
187 -0.030413
188 -0.881898
189 0.189182
190 0.159995
191 -0.032705
192 0.293459
193 0.038329
194 0.141968
195 0.222133
196 0.116380
197 -0.116640
198 -0.062867
199 -0.161063
200 -0.050549
201 0.330747
202 0.007570
203 0.083544
204 -0.016344
205 -0.252641
206 0.658527
207 0.357019
208 -0.097885
209 0.656008
210 -0.271704
211 -0.337476
212 -0.179641
213 0.019371
214 0.049305
215 0.111659
216 -0.361375
217 0.443040
218 0.020346
219 -0.047046
220 0.064626
221 -0.092512
222 -0.043420
223 0.268026
224 0.021442
225 -0.154981
226 0.179422
227 0.324962
228 0.253447
229 0.229039
230 -0.070373
231 0.061061
232 0.159791
233 -0.004461
234 0.160232
235 0.040078
236 0.156489
237 -0.161544
238 0.020459
239 -0.036445
240 -0.194187
241 0.114948
242 -0.010793
243 -0.078001
244 0.006403
245 0.072298
246 0.520908
247 -0.036643
248 0.014932
249 0.059453
250 0.065800
251 -0.020699
252 0.020093
253 0.096021
254 -0.123569
255 -0.203382
256 -0.010778
257 0.207430
258 0.186735
259 -0.048316
260 0.167811
261 0.106641
262 0.044764
263 0.306128
264 0.284292
265 -0.144414
266 0.157616
267 0.096162
268 0.664429
269 -0.094739
270 0.046485
271 -0.155742
272 -0.049236
273 -0.398237
274 0.240287
275 0.231961
276 0.523130
277 -0.081005
278 0.188347
279 0.279866
280 0.165179
281 0.069235
282 0.137120
283 -0.037199
284 -0.044367
285 -0.185953
286 0.054287
287 0.197005
288 0.127910
289 -0.022342
290 0.088523
291 -0.007397
292 -0.029171
293 0.048655
294 0.089083
295 -0.008828
296 0.110066
297 -0.165967
298 -0.071612
299 0.008290
300 0.006909
301 0.207718
302 0.047752
303 0.040659
304 0.051602
305 0.238060
306 0.094976
307 0.142828
308 0.066411
309 -0.112118
310 0.073344
311 0.122082
312 0.077669
313 0.169209
314 0.122649
315 -0.084044
316 0.015555
317 -0.072015
318 0.035210
319 -0.097666
320 0.072600
321 0.215188
322 0.189055
323 -0.180283
324 0.027506
325 0.104337
326 0.180268
327 0.138479
328 -0.007813
329 0.208053
330 -0.020459
331 0.333977
332 0.150179
333 0.216306
334 -0.024562
335 -0.069600
336 0.078282
337 0.073205
338 -0.045122
339 -0.189300
340 0.020672
341 -0.026068
342 -0.057117
343 -0.145297
344 -0.121171
345 0.068423
346 -0.059457
347 0.413467
348 -0.146196
349 0.198094
350 0.080211
351 0.060212
352 -0.265446
353 0.027748
354 -0.090616
355 0.197069
356 0.092526
357 -0.157345
358 0.055804
359 0.197371
360 0.380229
361 0.002616
362 -0.015931
363 -0.089587
364 0.018118
365 -0.004725
366 0.079375
367 -0.083389
368 0.053134
369 -0.017093
370 0.168135
371 -0.191476
372 -0.249887
373 0.065612
374 -0.083575
375 -0.000121
376 0.114895
377 -0.160121
378 0.207083
379 0.137559
380 0.412753
381 -0.285717
382 -0.094761
383 0.071913
384 0.137211
385 0.201256
386 0.077771
387 -0.040137
388 0.102003
389 0.059704
390 0.173500
391 -0.065677
392 0.097936
393 0.032392
394 0.114529
395 0.046441
396 0.001301
397 -0.067535
398 0.075680
399 0.115427
400 -0.137757
401 0.025583
402 0.253171
403 0.106138
404 0.203326
405 -0.041552
406 -0.034489
407 -0.120372
408 0.083818
409 -0.114996
410 0.127942
411 0.235863
412 0.078399
413 0.123777
414 -0.082110
415 0.107452
416 -0.127076
417 -0.138689
418 0.141496
419 0.046228
420 -0.116824
421 0.262137
422 -0.124523
423 -0.001776
424 0.345534
425 0.034302
426 0.725589
427 0.134481
428 0.171281
429 0.089264
430 0.061611
431 0.064954
432 0.126286
433 0.023609
434 -0.043715
435 0.091436
436 0.151071
437 0.187046
438 -0.195266
439 0.125100
440 -0.060689
441 0.141504
442 0.266847
443 0.258937
444 0.179412
445 0.104598
446 0.385115
447 0.284252
448 0.038473
449 0.061929
450 0.123730
451 0.033906
452 0.225343
453 0.231574
454 -0.046835
455 0.274559
456 -0.081071
457 0.261493
458 -0.028559
459 0.015529
460 -0.049306
461 0.026024
462 -0.116861
463 0.025920
464 -0.194791
465 0.186517
466 -0.104423
467 0.059453
468 0.169592
469 0.288056
470 0.281639
471 -0.139292
472 -0.224595
473 -0.001877
474 0.044811
475 -0.112686
476 0.121886
477 0.252932
478 0.278659
479 -0.296786
480 0.454075
481 0.134869
482 0.136140
483 0.211187
484 0.234072
485 0.013748
486 0.036428
487 0.086613
488 0.029162
489 0.166252
490 0.278617
491 -0.110135
492 0.155242
493 -0.175144
494 0.485439
495 0.200477
496 0.479296
497 0.011731
498 -0.031216
499 -0.014737
500 0.461838
501 0.009415
502 0.202253
503 0.123884
504 0.002596
505 0.429720
506 0.033696
507 0.147101
508 -0.025999
509 -0.005896
510 0.186962
511 0.078618
512 0.218556
513 -0.286144
514 0.042105
515 -0.069712
516 0.018180
517 -0.053696
518 0.082842
519 -0.239408
520 0.209680
521 -0.156795
522 -0.306361
523 -0.024646
524 -0.078434
525 -0.140614
526 0.025136
527 -0.046522
528 0.133907
529 -0.367703
530 -0.067410
531 -0.253314
532 0.006295
533 0.157349
534 0.495892
535 0.016923
536 0.116554
537 -0.210161
538 0.048950
539 -0.675329
540 -0.850388
541 0.105221
542 0.069257
543 -0.002425
544 -0.031139
545 0.434714
546 0.236970
547 -0.188852
548 -0.034732
549 0.037738
550 -0.106205
551 0.067342
552 -0.193648
553 -0.132888
554 0.101418
555 -0.061624
556 -0.136474
557 0.085127
558 -0.220695
559 -0.070713
560 -0.665641
561 -0.121636
562 0.012962
563 0.116633
564 0.139396
565 -0.003234
566 0.181904
567 0.056356
568 -0.024375
569 0.039024
570 -0.072299
571 -0.016426
572 0.010860
573 -0.001334
574 0.064530
575 0.082561
576 0.857231
577 -0.103704
578 0.004365
579 -0.104445
580 0.035219
581 0.057421
582 -0.003272
583 -0.448805
584 0.290277
585 -0.070328
586 -0.088357
587 0.312361
588 0.065879
589 0.092686
590 -0.200857
591 -0.042851
592 -0.037679
593 -0.065989
594 0.102570
595 0.059624
596 -0.146516
597 0.227247
598 0.082431
599 0.047251
600 0.156876
601 0.002101
602 0.100632
603 -0.009492
604 0.073506
605 -0.068526
606 0.014498
607 -0.039802
608 0.000337
609 -0.055662
610 -0.038054
611 0.093334
612 -0.038882
613 0.017703
614 -0.071355
615 0.002433
616 -0.163705
617 -0.012067
618 0.007609
619 0.015385
620 0.007733
621 -0.077978
622 0.016071
623 0.058586
624 -0.013480
625 -0.007213
626 -0.074389
627 0.118856
628 -0.048499
629 -0.091001
630 -0.054387
631 0.071315
632 -0.001258
633 -0.141665
634 0.081419
635 -0.052177
636 -0.193746
637 0.115816
638 -0.038709
639 0.097225
640 0.193760
641 -0.078148
642 -0.179131
643 -0.043150
644 -0.075705
645 0.175779
646 0.160482
647 -0.088954
648 0.100025
649 -0.305862
650 -0.135210
651 -0.342311
652 -0.502109
653 0.146211
654 -0.043480
655 -0.135715
656 0.202700
657 0.222993
658 0.195481
659 0.101167
660 -0.210863
661 0.010478
662 -0.022500
663 -0.013852
664 0.245751
665 -0.188461
666 0.116054
667 0.028442
668 -0.116296
669 -0.025198
670 -0.359796
671 0.059621
672 -0.077454
673 0.086989
674 -0.170666
675 -0.220375
676 0.084362
677 0.036946
678 0.019863
679 0.369082
680 0.457958
681 -0.066977
682 -0.144263
683 -0.377017
684 -0.042979
685 0.272172
686 0.007816
687 -0.389370
688 0.232144
689 -0.001915
690 0.267080
691 0.061203
692 -0.065569
693 -0.213166
694 0.038352
695 -0.159307
696 -0.182211
697 0.359704
698 0.320653
699 0.113280
700 0.131137
701 0.200317
702 -0.132764
703 0.126224
704 0.000995
705 0.206126
706 -0.013428
707 0.341459
708 0.004486
709 0.062226
710 -0.481951
711 -0.153555
712 -0.592655
713 0.092228
714 -0.279755
715 -0.047121
716 0.066709
717 0.097151
718 -0.097759
719 -0.163217
720 -0.004734
721 -0.124256
722 -0.100194
723 0.299693
724 0.274019
725 0.064149
726 0.106538
727 -0.147358
728 -0.201001
729 -0.143759
730 -0.008408
731 -0.524038
732 0.147111
733 0.318693
734 -0.610237
735 -0.223479
736 0.341890
737 -0.064313
738 -0.239869
739 -0.089619
740 -0.065703
741 0.057570
742 0.277889
743 -0.042992
744 0.107951
745 0.404921
746 0.040087
747 0.135573
748 0.173740
749 -0.195724
750 0.004899
751 -0.031423
752 -0.507789
753 -0.092700
754 0.249459
755 -0.018301
756 0.172050
757 -0.351663
758 0.213429
759 0.491618
760 0.429471
761 -0.074974
762 0.093053
763 0.071044
764 0.132911
765 -0.108485
766 0.135480
767 -0.034424
768 -0.125157
769 0.124848
770 -0.064560
771 -0.282701
772 -0.165437
773 -0.120104
774 0.164759
775 -0.035581
776 0.154559
777 0.115853
778 0.004711
779 -0.289516
780 -0.168635
781 0.616094
782 0.007374
783 -0.032514
784 -0.082083
785 0.068473
786 -0.080715
787 0.143904
788 0.404096
789 0.244946
790 0.239204
791 0.034180
792 0.107862
793 -0.034590
794 0.269248
795 -0.234590
796 -0.266381
797 0.027468
798 -0.230909
799 0.219942
800 0.077710
801 0.169510
802 0.639706
803 -0.056097
804 -0.309438
805 0.061160
806 -0.002671
807 -0.247503
808 0.096405
809 -0.053984
810 0.006464
811 -0.145177
812 -0.043754
813 -0.091087
814 -0.024443
815 -0.318302
816 -0.199997
817 0.102279
818 -0.161814
819 -0.116936
820 0.178146
821 0.000574
822 0.123160
823 0.074208
824 -0.049318
825 0.315397
826 0.295940
827 0.405666
828 0.459793
829 0.214700
830 -0.164524
831 0.219037
832 0.168055
833 0.110158
834 0.001836
835 0.126515
836 0.126017
837 0.311216
838 0.176455
839 -0.164736
840 -0.037010
841 0.047660
842 0.136233
843 0.382857
844 0.167671
845 -0.035195
846 0.108230
847 0.018236
848 -0.055029
849 0.055701
850 0.228899
851 0.289361
852 0.659327
853 0.001761
854 -0.145120
855 -0.237818
856 -0.001535
857 -0.181591
858 -0.097451
859 -0.139207
860 0.390624
861 0.128605
862 0.159690
863 0.066849
864 0.102678
865 -0.018146
866 0.159009
867 0.220748
868 -0.155100
869 -0.150292
870 -0.000239
871 0.004957
872 0.037866
873 0.105562
874 0.054455
875 0.332528
876 -0.172115
877 -0.106555
878 0.149573
879 -0.187855
880 0.090293
881 0.161908
882 0.088037
883 0.140372
884 0.164481
885 0.032237
886 0.137761
887 0.122618
888 -0.194591
889 -0.031481
890 0.007075
891 0.866112
892 -0.094143
893 0.263637
894 -0.081366
895 -0.107454
896 -0.086897
897 -0.052225
898 0.169684
899 0.163600
900 -0.272464
901 0.167984
902 0.061814
903 -0.248241
904 0.004958
905 -0.247565
906 0.003611
907 -0.089812
908 0.042727
909 -0.000620
910 0.109774
911 -0.066595
912 0.185249
913 0.246243
914 -0.044051
915 0.029163
916 -0.125747
917 0.046487
918 0.079523
919 -0.042451
920 0.001350
921 -0.248343
922 0.007279
923 -0.193065
924 0.247725
925 0.102665
926 0.083919
927 0.119277
928 0.016020
929 -0.040717
930 0.202898
931 -0.348332
932 -0.043766
933 0.039596
934 -0.269214
935 0.339087
936 0.265927
937 0.236567
938 -0.096858
939 -0.160170
940 0.111130
941 0.170101
942 0.230904
943 -0.027350
944 -0.087679
945 0.110430
946 -0.011063
947 -0.104352
948 -0.415040
949 0.092387
950 -0.167498
951 -0.137485
952 0.104417
953 -0.045478
954 -0.174652
955 0.340484
956 0.058069
957 -0.143927
958 0.006471
959 -0.065667
960 -0.282330
961 -0.067341
962 0.040861
963 -0.095724
964 -0.158260
965 0.155364
966 0.260237
967 -0.548874
968 -0.127692
969 -0.142385
970 0.244997
971 -0.148448
972 -0.237544
973 0.058313
974 0.292675
975 0.113939
976 0.473075
977 -0.346075
978 0.554254
979 -0.095384
980 -0.074028
981 0.085670
982 0.093477
983 0.274948
984 0.146152
985 0.123566
986 -0.006410
987 -0.194183
988 -0.305594
989 -0.003883
990 -0.156229
991 -0.121506
992 0.097509
993 0.215568
994 0.281271
995 -0.176129
996 0.390833
997 -0.029217
998 -0.121234
999 0.011789
1000 0.204065
1001 0.197059
1002 -0.085663
1003 -0.170884
1004 -0.004201
1005 -0.256735
1006 0.239724
1007 -0.012910
1008 0.188057
1009 0.089657
1010 0.036984
1011 -0.092893
1012 -0.180173
1013 0.028352
1014 -0.097793
1015 0.238168
1016 0.076346
1017 0.265517
1018 0.009354
1019 0.313132
1020 -0.056248
1021 0.100413
1022 0.124747
1023 0.295109
1024 -0.072249
1025 -0.106757
1026 0.151540
1027 0.000454
1028 0.250730
1029 0.189117
1030 -0.063771
1031 -0.188552
1032 0.035718
1033 0.245091
1034 -0.046162
1035 0.188616
1036 -0.155435
1037 -0.269465
1038 0.121260
1039 -0.122690
1040 -0.025755
1041 -0.135380
1042 0.117532
1043 0.043399
1044 0.156541
1045 0.098216
1046 -0.343699
1047 0.315892
1048 -0.077425
1049 -0.037456
1050 -0.224780
1051 0.083695
1052 -0.235769
1053 0.175763
1054 0.225891
1055 -0.022993
1056 -0.342965
1057 -0.137719
1058 0.101273
1059 0.233074
1060 -0.167948
1061 -0.263744
1062 -0.259373
1063 -0.060399
1064 0.456063
1065 0.318052
1066 -0.081964
1067 -0.253622
1068 -0.053795
1069 0.151937
1070 0.148718
1071 -0.124716
1072 0.072847
1073 0.163922
1074 0.204063
1075 -0.079414
1076 0.091131
1077 -0.149449
1078 0.092949
1079 -0.082852
1080 0.072672
1081 -0.221811
1082 0.011218
1083 -0.066951
1084 0.091726
1085 -0.218442
1086 0.231224
1087 0.011984
1088 0.121579
1089 -0.002193
1090 0.089531
1091 -0.064504
1092 -0.204326
1093 0.019368
1094 -0.005320
1095 0.186656
1096 0.024361
1097 -0.229902
1098 -0.361699
1099 0.338722
1100 -0.140203
1101 -0.115653
1102 0.031247
1103 -0.194316
1104 0.051862
1105 0.201582
1106 0.211231
1107 0.027242
1108 -0.371007
1109 -0.230647
1110 -0.000066
1111 -0.068418
1112 -0.046689
1113 -0.073403
1114 -0.065805
1115 0.613046
1116 0.207213
1117 -0.126736
1118 0.102732
1119 0.264481
1120 -0.268926
1121 0.015287
1122 0.226283
1123 -0.289628
1124 -0.084945
1125 0.091602
1126 -0.302091
1127 0.075624
1128 0.058589
1129 0.264798
1130 -0.086170
1131 0.122629
1132 -0.144204
1133 -0.065835
1134 0.074482
1135 -0.189237
1136 -0.211372
1137 0.079218
1138 0.406496
1139 0.242008
1140 -0.127320
1141 0.062191
1142 -0.038654
1143 -0.046023
1144 -0.227114
1145 0.044911
1146 -0.246667
1147 -0.160233
1148 0.093640
1149 -0.099466
1150 -0.061551
1151 -0.163229
1152 0.159932
1153 0.239067
1154 -0.173073
1155 0.004801
1156 -0.023833
1157 0.227897
1158 -0.139175
1159 0.231332
1160 0.172945
1161 -0.158720
1162 0.174520
1163 -0.096121
1164 -0.038647
1165 0.205511
1166 0.315491
1167 0.144314
1168 0.171634
1169 -0.094443
1170 0.186980
1171 -0.177905
1172 0.038403
1173 -0.274245
1174 0.037099
1175 -0.121996
1176 0.250513
1177 -0.008720
1178 0.306644
1179 -0.180268
1180 0.038889
1181 0.219526
1182 -0.012777
1183 0.216276
1184 -0.102227
1185 -0.314463
1186 0.025283
1187 -0.235030
1188 0.144764
1189 -0.043557
1190 -0.148062
1191 0.389018
1192 0.145057
1193 -0.088609
1194 -0.064411
1195 0.107700
1196 -0.118274
1197 0.047499
1198 -0.208816
1199 0.271772
1200 0.086516
1201 0.021553
1202 -0.188936
1203 -0.063121
1204 -0.019053
1205 -0.052082
1206 -0.099851
1207 0.457342
1208 0.092596
1209 -0.032435
1210 -0.222473
1211 0.060775
1212 0.227353
1213 -0.134276
1214 0.207536
1215 0.046176
0 -0.443161
1 -0.397846
2 -0.316834
3 -0.142579
4 0.064073
5 0.106569
6 0.217795
7 0.080220
8 -0.198438
9 0.480251
10 0.073724
11 0.022806
12 -0.184793
13 -0.115418
14 0.016397
15 0.034042
16 -0.056824
17 0.194014
18 0.269595
19 0.241030
20 -0.440159
21 0.176949
22 -0.014569
23 0.250091
24 0.194249
25 0.487504
26 0.018538
27 0.189618
28 -0.086072
29 -0.057596
30 -0.777038
31 0.020874
32 0.128021
33 -0.101321
34 -0.062774
35 -0.388443
36 -0.032323
37 -0.148299
38 -0.158245
39 -0.185859
40 0.234727
41 0.008073
42 -0.015437
43 -0.000264
44 0.096304
45 -0.069140
46 -0.212392
47 0.166120
48 0.087054
49 -0.282341
50 0.162361
51 0.012846
52 -0.010367
53 0.266732
54 0.035162
55 0.009701
56 0.079112
57 0.032241
58 -0.099110
59 0.139192
60 0.023259
61 0.009592
62 -0.018180
63 -0.112230
64 -0.022367
65 -0.136007
66 -0.029812
67 0.020259
68 -0.111018
69 0.408837
70 0.082444
71 0.130207
72 0.112021
73 -0.428891
74 -0.350807
75 0.038278
76 0.051912
77 0.170688
78 0.384629
79 0.208662
80 -0.002836
81 -0.201693
82 0.090275
83 -0.155748
84 -0.121891
85 0.004772
86 -0.016469
87 0.176161
88 -0.223693
89 0.253123
90 -0.426112
91 -0.019029
92 0.540611
93 -0.468649
94 0.040404
95 -0.057060
96 0.336261
97 -0.076683
98 -0.280345
99 0.168561
100 0.146744
101 -0.175969
102 -0.023603
103 0.231186
104 0.229553
105 0.143276
106 -0.283695
107 0.471522
108 -0.035451
109 -0.284267
110 -0.133913
111 -0.575471
112 0.138495
113 0.044284
114 -0.056262
115 0.164576
116 0.072981
117 0.727360
118 -0.050948
119 0.159509
120 -0.121740
121 0.118443
122 0.143707
123 -0.122193
124 0.058753
125 0.372957
126 -0.143686
127 0.103086
128 0.165479
129 0.285936
130 0.034076
131 -0.249418
132 -0.432651
133 0.030689
134 -0.299968
135 0.133971
136 0.372992
137 0.155701
138 -0.023873
139 0.034320
140 -0.361180
141 -0.031855
142 -0.153409
143 -0.188590
144 -0.020670
145 -0.125118
146 0.246150
147 -0.190005
148 -0.048778
149 -0.108864
150 0.046202
151 -0.077683
152 0.217107
153 -0.052760
154 0.207241
155 0.140097
156 0.018329
157 -0.112293
158 0.060751
159 0.217017
160 -0.024887
161 0.085605
162 0.048680
163 0.061113
164 0.100298
165 0.042480
166 0.181761
167 -0.254230
168 -0.024315
169 -0.278767
170 -0.314231
171 0.237041
172 0.116912
173 0.283794
174 0.040322
175 0.365679
176 0.068598
177 0.038075
178 -0.184175
179 0.089925
180 0.092292
181 0.224272
182 0.056735
183 0.014130
184 0.136189
185 -0.110264
186 0.057134
187 0.202170
188 -0.026569
189 -0.041112
190 -0.065673
191 0.006654
192 -0.131668
193 0.256356
194 -0.049644
195 -0.216450
196 -0.490048
197 0.550571
198 0.191752
199 -0.000939
200 0.329937
201 0.063133
202 0.188838
203 0.063039
204 -0.403220
205 -0.111450
206 0.099767
207 -0.036225
208 0.040804
209 -0.081468
210 0.126142
211 -0.091336
212 -0.249956
213 0.081662
214 -0.318518
215 -0.068409
216 0.126085
217 -0.171848
218 0.000468
219 0.262227
220 0.003626
221 0.047138
222 0.028847
223 0.018733
224 -0.284880
225 0.287101
226 0.290838
227 0.168710
228 -0.097402
229 -0.095079
230 0.070581
231 -0.266704
232 -0.165880
233 -0.226281
234 -0.078629
235 -0.227198
236 -0.033700
237 -0.041546
238 -0.004754
239 -0.066555
240 -0.137908
241 0.002489
242 -0.044020
243 0.073596
244 -0.290512
245 -0.157652
246 0.060650
247 -0.346446
248 0.014062
249 -0.096659
250 -0.053541
251 -0.053733
252 -0.059970
253 0.134173
254 0.137148
255 -0.001818
256 -0.055337
257 0.112296
258 0.132144
259 0.028162
260 0.151985
261 -0.183734
262 -0.134928
263 -0.216829
264 1.348083
265 0.965506
266 0.156783
267 -0.234343
268 0.024061
269 0.176525
270 -0.226440
271 -0.127607
272 0.082779
273 0.899713
274 0.218249
275 0.009923
276 0.024690
277 -0.065228
278 -0.020258
279 -0.163439
280 -0.201912
281 0.066490
282 0.044914
283 -0.011930
284 -0.066592
285 0.128241
286 -0.140623
287 0.074036
288 0.003918
289 -0.145940
290 0.123012
291 0.008580
292 -0.045959
293 0.045428
294 -0.123401
295 0.028204
296 0.059739
297 0.059089
298 -0.177567
299 -0.152535
300 0.244237
301 -0.113533
302 -0.226683
303 -0.279854
304 0.122448
305 -0.238164
306 0.066929
307 0.183670
308 -0.095953
309 -0.067380
310 -0.126302
311 0.103967
312 -0.066832
313 0.081649
314 -0.081900
315 0.004269
316 0.060261
317 0.002289
318 0.102132
319 0.075219
320 0.049355
321 0.077230
322 0.119079
323 -0.417099
324 -0.423422
325 -0.068999
326 0.034833
327 -0.278688
328 0.015665
329 -0.001623
330 0.069997
331 -0.039202
332 -0.083773
333 0.118010
334 0.057703
335 0.017796
336 -0.360557
337 -0.165345
338 -0.050218
339 0.013738
340 0.010734
341 -0.136186
342 0.147395
343 0.062674
344 0.139654
345 0.022702
346 0.028038
347 -0.000550
348 -0.169886
349 0.005351
350 -0.059488
351 -0.199777
352 0.154986
353 0.016286
354 -0.051092
355 0.036420
356 0.054314
357 0.086521
358 0.049661
359 0.209518
360 -0.329726
361 -0.052608
362 -0.126494
363 0.149158
364 0.072084
365 0.004721
366 -0.030427
367 -0.184733
368 0.086992
369 -0.178506
370 0.030413
371 -0.231921
372 -0.015643
373 -0.007987
374 0.087960
375 -0.325744
376 0.139238
377 -0.040892
378 -0.025812
379 -0.049626
380 -0.072790
381 -0.024021
382 -0.198386
383 -0.071705
384 0.021824
385 0.070196
386 -0.089132
387 0.028311
388 -0.012649
389 -0.006938
390 -0.098745
391 0.140811
392 0.140938
393 0.087125
394 -0.035995
395 -0.121450
396 -0.064242
397 0.099397
398 0.000598
399 -0.025984
400 0.046674
401 -0.070948
402 -0.049721
403 -0.077460
404 -0.488035
405 0.082786
406 0.088820
407 0.088719
408 -0.052364
409 0.166924
410 0.082877
411 -0.272800
412 0.274295
413 -0.132175
414 0.026143
415 -0.278316
416 -0.133994
417 -0.006718
418 -0.042197
419 -0.209249
420 0.462559
421 -0.080749
422 0.096005
423 0.127524
424 0.044594
425 -0.110199
426 -0.199917
427 0.031906
428 -0.101332
429 0.032147
430 -0.188164
431 -0.261077
432 -0.066308
433 0.009024
434 -0.064087
435 0.059289
436 0.034520
437 -0.026704
438 0.042706
439 0.049440
440 -0.017584
441 -0.056586
442 0.054967
443 0.295816
444 0.234947
445 0.007201
446 0.088595
447 0.073872
448 -0.046620
449 0.178313
450 -0.033147
451 0.048756
452 0.038714
453 -0.109782
454 -0.037733
455 -0.126001
456 -0.086832
457 0.081763
458 0.013719
459 0.103177
460 0.080276
461 -0.027215
462 0.000912
463 -0.079362
464 -0.066355
465 0.182648
466 0.141744
467 -0.053157
468 -0.021114
469 0.078813
470 0.026634
471 0.070903
472 -0.161313
473 0.061819
474 0.084700
475 0.137002
476 -0.041960
477 -0.093312
478 -0.012878
479 0.166505
480 -0.130712
481 0.064465
482 0.189802
483 0.124153
484 -0.103847
485 0.026781
486 -0.173908
487 -0.152439
488 -0.011481
489 0.023856
490 0.065167
491 0.090547
492 0.246631
493 0.036999
494 -0.160991
495 -0.141579
496 -0.060853
497 0.048349
498 -0.183364
499 -0.192029
500 -0.058273
501 -0.038091
502 -0.134505
503 -0.154715
504 -0.075360
505 0.008272
506 -0.249077
507 0.246438
508 -0.110565
509 -0.031254
510 0.468288
511 -0.116371
512 -0.108928
513 -0.115832
514 -0.034747
515 -0.029030
516 0.046796
517 -0.020457
518 -0.088175
519 -0.096863
520 0.020300
521 -0.077165
522 -0.042702
523 -0.039595
524 -0.016857
525 -0.037936
526 0.071938
527 -0.240698
528 -0.209384
529 -0.056427
530 -0.114369
531 -0.099104
532 0.016602
533 -0.099374
534 0.130280
535 0.029346
536 0.021473
537 -0.097593
538 -0.127257
539 0.156712
540 0.838686
541 -0.026070
542 -0.189283
543 0.027497
544 -0.194310
545 0.002144
546 -0.031075
547 -0.064497
548 0.064956
549 0.013615
550 -0.100760
551 0.009818
552 0.036911
553 0.498837
554 0.100468
555 0.089232
556 0.087795
557 0.146423
558 -0.040539
559 -0.095262
560 -0.026082
561 -0.021117
562 0.066566
563 -0.203858
564 -0.023621
565 -0.107402
566 -0.176815
567 0.015088
568 -0.000300
569 -0.138712
570 -0.112743
571 0.018994
572 -0.016134
573 -0.110319
574 -0.045530
575 -0.089954
576 -0.131158
577 -0.128536
578 0.142860
579 -0.071193
580 -0.066554
581 -0.304566
582 0.118862
583 -0.028187
584 0.282004
585 0.249661
586 -0.281990
587 -0.134933
588 -0.338428
589 0.139168
590 0.395263
591 -0.260569
592 -0.201079
593 -0.346886
594 0.239396
595 0.078730
596 -0.081323
597 -0.123979
598 -0.134468
599 0.260848
600 0.186839
601 -0.126239
602 0.082506
603 0.014487
604 0.283972
605 -0.034664
606 0.211699
607 0.170545
608 -0.221383
609 -0.079449
610 0.054335
611 -0.044014
612 -0.208074
613 -0.221765
614 -0.363946
615 -0.780717
616 -0.024947
617 -0.044471
618 -0.061623
619 -0.101759
620 0.164553
621 -0.099321
622 0.191320
623 -0.144326
624 0.418659
625 -0.141993
626 -0.151135
627 -0.133706
628 0.091519
629 -0.107889
630 0.162422
631 0.064837
632 0.363467
633 0.162325
634 -0.144294
635 0.200649
636 0.145772
637 0.392149
638 -0.016510
639 0.164236
640 0.038055
641 -0.209193
642 -0.061073
643 0.148950
644 0.202255
645 0.003203
646 0.105687
647 -0.025672
648 0.114456
649 0.192579
650 -0.028133
651 0.116224
652 0.170789
653 0.117009
654 -0.030744
655 0.079617
656 0.029091
657 0.052593
658 -0.120862
659 -0.049649
660 0.179587
661 0.212953
662 0.107067
663 0.323003
664 -0.125496
665 0.205494
666 -0.063493
667 0.039968
668 0.088920
669 0.461288
670 0.271890
671 0.101086
672 0.084721
673 -0.077001
674 0.227158
675 -0.111204
676 0.094422
677 -0.156241
678 -0.379715
679 0.020250
680 -0.006922
681 0.108058
682 0.155534
683 -0.099727
684 -0.233279
685 -0.024008
686 0.020052
687 0.257786
688 0.119178
689 0.337544
690 0.077987
691 -0.151714
692 0.264760
693 -0.094494
694 -0.006875
695 -0.228637
696 -0.167691
697 0.434301
698 0.158873
699 -0.168621
700 -0.429176
701 0.039986
702 0.164189
703 -0.090180
704 0.038683
705 0.152010
706 0.305214
707 -0.116436
708 0.052700
709 -0.032070
710 0.107121
711 -0.093856
712 0.102361
713 -0.108464
714 0.488756
715 -0.169600
716 -0.225465
717 -0.061447
718 -0.181308
719 0.234289
720 0.071285
721 0.107680
722 0.226465
723 -0.191246
724 0.228897
725 0.057439
726 -0.007092
727 -0.184213
728 0.182634
729 -0.050275
730 -0.343523
731 0.058907
732 -0.352529
733 -0.214765
734 0.050869
735 -0.191435
736 -0.074639
737 0.382387
738 -0.046939
739 -0.022207
740 0.165485
741 -0.097615
742 0.116033
743 -0.053913
744 -0.034935
745 0.141662
746 0.206786
747 -0.517405
748 0.065210
749 0.029214
750 -0.356544
751 -0.003207
752 0.010075
753 -0.212574
754 -0.182537
755 -0.210714
756 -0.007753
757 -0.149178
758 -0.057547
759 -0.188702
760 0.127793
761 0.684403
762 0.233270
763 0.291899
764 -0.246922
765 -0.101085
766 0.123879
767 0.503957
768 0.014701
769 0.071522
770 -0.095288
771 0.044851
772 0.305810
773 -0.021800
774 -0.090474
775 0.210019
776 0.002149
777 -0.081868
778 0.252643
779 0.190498
780 0.036526
781 0.025674
782 0.016341
783 -0.011419
784 0.118558
785 0.049460
786 0.257286
787 -0.173673
788 0.118089
789 -0.245300
790 0.052089
791 0.084298
792 -0.107894
793 -0.144473
794 -0.067957
795 -0.102543
796 -0.153423
797 0.291299
798 -0.069760
799 0.067415
800 -0.064024
801 -0.023707
802 -0.073106
803 -0.232757
804 -0.150585
805 -0.101396
806 0.315548
807 0.150883
808 0.129195
809 -0.012757
810 -0.106555
811 -0.127782
812 0.054006
813 0.356377
814 -0.090021
815 0.094258
816 0.122600
817 0.171572
818 -0.047559
819 -0.074089
820 -0.000092
821 -0.223105
822 0.015543
823 0.122555
824 0.365443
825 -0.049422
826 -0.290688
827 -0.155531
828 0.012608
829 0.141161
830 0.095575
831 -0.022501
832 0.164400
833 0.204773
834 -0.117377
835 -0.063323
836 0.228643
837 -0.142187
838 0.305277
839 -0.098158
840 0.094680
841 -0.225053
842 0.121176
843 0.236329
844 0.378710
845 -0.170892
846 0.067694
847 -0.121713
848 -0.295749
849 0.002078
850 -0.163415
851 -0.212993
852 0.187140
853 0.423235
854 -0.233336
855 0.294865
856 0.230422
857 0.128897
858 -0.078247
859 -0.081517
860 0.141628
861 0.227382
862 0.269829
863 0.101807
864 0.119697
865 0.214321
866 -0.095470
867 0.214249
868 -0.237008
869 0.310276
870 0.350522
871 -0.053248
872 0.256257
873 0.235623
874 0.176816
875 0.167034
876 -0.262974
877 -0.238891
878 0.372297
879 0.190306
880 0.281025
881 0.184575
882 -0.011011
883 -0.313421
884 0.087223
885 0.057297
886 0.054241
887 -0.041805
888 0.116194
889 0.079095
890 0.049287
891 -0.388113
892 -0.138059
893 0.209712
894 -0.062730
895 -0.069558
896 0.116112
897 0.002022
898 0.004497
899 0.014304
900 0.237362
901 0.020735
902 0.190245
903 0.048591
904 -0.128795
905 0.206645
906 -0.053535
907 -0.041009
908 -0.269121
909 0.111700
910 0.541536
911 0.108160
912 -0.048187
913 -0.101372
914 -0.011694
915 0.007123
916 0.208164
917 0.224905
918 -0.265483
919 0.182883
920 0.286734
921 -0.176256
922 0.182585
923 -0.191321
924 0.227669
925 -0.091842
926 0.229217
927 -0.077088
928 0.257994
929 0.154603
930 0.086900
931 0.329630
932 0.095126
933 -0.403766
934 0.246473
935 0.009295
936 0.326444
937 0.006912
938 0.234844
939 0.173426
940 0.290019
941 -0.065782
942 0.100950
943 0.015798
944 -0.218819
945 0.446334
946 0.429883
947 0.210731
948 -0.367805
949 0.325647
950 0.137264
951 0.133360
952 0.052331
953 0.183373
954 -0.129153
955 -0.033792
956 0.057936
957 0.354129
958 -0.158209
959 -0.165889
960 0.555681
961 -0.032314
962 0.097790
963 0.117120
964 0.135656
965 0.261745
966 0.028142
967 0.364708
968 -0.223116
969 0.119491
970 0.110234
971 0.180517
972 0.219166
973 -0.097941
974 0.107533
975 0.168996
976 0.231726
977 0.198036
978 0.233750
979 -0.114701
980 0.073534
981 -0.284899
982 0.246825
983 0.178703
984 0.053908
985 0.073913
986 -0.252396
987 0.029641
988 0.026546
989 0.255494
990 -0.374181
991 0.159057
992 0.084603
993 0.022624
994 0.138220
995 -0.075164
996 0.123223
997 0.115369
998 0.136716
999 0.286003
1000 0.125950
1001 -0.028192
1002 -0.173480
1003 0.097339
1004 0.051387
1005 0.577257
1006 -0.082120
1007 0.004094
1008 0.226171
1009 0.350542
1010 0.069222
1011 -0.082037
1012 -0.178444
1013 0.061940
1014 0.054780
1015 0.287103
1016 0.020431
1017 0.024318
1018 -0.424430
1019 0.146708
1020 -0.072726
1021 -0.175275
1022 -0.188851
1023 -0.098347
1024 -0.338595
1025 -0.046707
1026 0.031392
1027 -0.031996
1028 -0.417266
1029 -0.014420
1030 -0.034917
1031 -0.139928
1032 -0.052539
1033 0.008773
1034 0.149849
1035 0.188958
1036 0.053166
1037 0.213681
1038 -0.314918
1039 0.215252
1040 0.214159
1041 0.239054
1042 0.059845
1043 0.216904
1044 -0.118983
1045 0.123303
1046 0.466545
1047 -0.134670
1048 -0.056260
1049 0.152930
1050 0.167298
1051 0.575113
1052 0.059382
1053 0.098977
1054 0.123414
1055 0.094907
1056 0.217311
1057 0.109676
1058 -0.165655
1059 0.310851
1060 -0.044105
1061 0.118939
1062 -0.290260
1063 0.230020
1064 0.236622
1065 0.044155
1066 -0.104044
1067 0.016226
1068 0.036126
1069 -0.085444
1070 0.128235
1071 -0.348644
1072 -0.054337
1073 -0.137228
1074 -0.014370
1075 -0.068542
1076 0.061554
1077 0.120609
1078 0.104468
1079 -0.275124
1080 0.416951
1081 -0.014061
1082 0.245895
1083 -0.120559
1084 0.032750
1085 -0.116620
1086 0.013268
1087 0.057158
1088 0.094729
1089 -0.148870
1090 0.193222
1091 -0.289190
1092 -0.119473
1093 0.319604
1094 -0.228893
1095 -0.071783
1096 0.171085
1097 0.001169
1098 0.176445
1099 -0.213577
1100 0.116555
1101 0.011091
1102 0.409832
1103 0.143291
1104 -0.221183
1105 0.141990
1106 0.254621
1107 0.178018
1108 -0.059372
1109 -0.116011
1110 -0.184630
1111 -0.025595
1112 0.033629
1113 -0.148756
1114 0.239288
1115 0.255154
1116 -0.093907
1117 0.016158
1118 -0.047552
1119 -0.155141
1120 0.514464
1121 0.077856
1122 0.026239
1123 0.174027
1124 0.317346
1125 0.018973
1126 0.017872
1127 0.076606
1128 0.135521
1129 0.243935
1130 0.246882
1131 -0.208581
1132 0.222006
1133 -0.149949
1134 -0.056965
1135 0.260522
1136 0.118466
1137 0.074416
1138 -0.207468
1139 -0.022802
1140 -0.305072
1141 0.025226
1142 -0.021421
1143 -0.037406
1144 -0.019718
1145 -0.206891
1146 0.285361
1147 0.216333
1148 -0.054840
1149 -0.359194
1150 0.285885
1151 0.330378
1152 -0.037950
1153 -0.297338
1154 -0.242917
1155 0.202137
1156 -0.463961
1157 0.113056
1158 0.123154
1159 -0.254837
1160 0.242596
1161 0.239018
1162 0.035834
1163 -0.176511
1164 0.585082
1165 -0.016960
1166 -0.254550
1167 0.285864
1168 0.034016
1169 0.425453
1170 0.164122
1171 0.087817
1172 -0.107274
1173 -0.095241
1174 0.795882
1175 0.337663
1176 -0.155953
1177 -0.613765
1178 0.081586
1179 0.064168
1180 -0.311916
1181 -0.052482
1182 0.179623
1183 0.036110
1184 -0.115671
1185 0.242848
1186 0.135905
1187 0.175630
1188 -0.199529
1189 0.110824
1190 0.228943
1191 -0.059651
1192 0.185072
1193 0.156723
1194 0.117448
1195 0.107511
1196 0.450430
1197 -0.052400
1198 -0.220028
1199 -0.206045
1200 0.031256
1201 -0.040395
1202 -0.091677
1203 0.063095
1204 0.304446
1205 -0.179888
1206 -0.133547
1207 0.129186
1208 -0.131157
1209 -0.124448
1210 0.172902
1211 0.027478
1212 0.432628
1213 0.067324
1214 -0.188834
1215 -0.003141
1216 0.079007
1217 0.184098
1218 0.165494
1219 0.285963
1220 0.073232
1221 0.088896
1222 0.013275
1223 -0.121638
0 -0.443161
1 -0.397846
2 -0.316834
3 -0.142579
4 0.064073
5 0.106569
6 0.217795
7 0.080220
8 -0.198438
9 0.480251
10 0.073724
11 0.022806
12 -0.184793
13 -0.115418
14 0.016397
15 0.034042
16 -0.056824
17 0.194014
18 0.269595
19 0.241030
20 -0.440159
21 0.176949
22 -0.014569
23 0.250091
24 0.194249
25 0.487504
26 0.018538
27 0.189618
28 -0.086072
29 -0.057596
30 -0.777038
31 0.020874
32 0.128021
33 -0.101321
34 -0.062774
35 -0.388443
36 -0.032323
37 -0.148299
38 -0.158245
39 -0.185859
40 0.234727
41 0.008073
42 -0.015437
43 -0.000264
44 0.096304
45 -0.069140
46 -0.212392
47 0.166120
48 0.087054
49 -0.282341
50 0.162361
51 0.012846
52 -0.010367
53 0.266732
54 0.035162
55 0.009701
56 0.079112
57 0.032241
58 -0.099110
59 0.139192
60 0.023259
61 0.009592
62 -0.018180
63 -0.112230
64 -0.022367
65 -0.136007
66 -0.029812
67 0.020259
68 -0.111018
69 0.408837
70 0.082444
71 0.130207
72 0.112021
73 -0.428891
74 -0.350807
75 0.038278
76 0.051912
77 0.170688
78 0.384629
79 0.208662
80 -0.002836
81 -0.201693
82 0.090275
83 -0.155748
84 -0.121891
85 0.004772
86 -0.016469
87 0.176161
88 -0.223693
89 0.253123
90 -0.426112
91 -0.019029
92 0.540611
93 -0.468649
94 0.040404
95 -0.057060
96 0.336261
97 -0.076683
98 -0.280345
99 0.168561
100 0.146744
101 -0.175969
102 -0.023603
103 0.231186
104 0.229553
105 0.143276
106 -0.283695
107 0.471522
108 -0.035451
109 -0.284267
110 -0.133913
111 -0.575471
112 0.138495
113 0.044284
114 -0.056262
115 0.164576
116 0.072981
117 0.727360
118 -0.050948
119 0.159509
120 -0.121740
121 0.118443
122 0.143707
123 -0.122193
124 0.058753
125 0.372957
126 -0.143686
127 0.103086
128 0.165479
129 0.285936
130 0.034076
131 -0.249418
132 -0.432651
133 0.030689
134 -0.299968
135 0.133971
136 0.372992
137 0.155701
138 -0.023873
139 0.034320
140 -0.361180
141 -0.031855
142 -0.153409
143 -0.188590
144 -0.020670
145 -0.125118
146 0.246150
147 -0.190005
148 -0.048778
149 -0.108864
150 0.046202
151 -0.077683
152 0.217107
153 -0.052760
154 0.207241
155 0.140097
156 0.018329
157 -0.112293
158 0.060751
159 0.217017
160 -0.024887
161 0.085605
162 0.048680
163 0.061113
164 0.100298
165 0.042480
166 0.181761
167 -0.254230
168 -0.024315
169 -0.278767
170 -0.314231
171 0.237041
172 0.116912
173 0.283794
174 0.040322
175 0.365679
176 0.068598
177 0.038075
178 -0.184175
179 0.089925
180 0.092292
181 0.224272
182 0.056735
183 0.014130
184 0.136189
185 -0.110264
186 0.057134
187 0.202170
188 -0.026569
189 -0.041112
190 -0.065673
191 0.006654
192 -0.131668
193 0.256356
194 -0.049644
195 -0.216450
196 -0.490048
197 0.550571
198 0.191752
199 -0.000939
200 0.329937
201 0.063133
202 0.188838
203 0.063039
204 -0.403220
205 -0.111450
206 0.099767
207 -0.036225
208 0.040804
209 -0.081468
210 0.126142
211 -0.091336
212 -0.249956
213 0.081662
214 -0.318518
215 -0.068409
216 0.126085
217 -0.171848
218 0.000468
219 0.262227
220 0.003626
221 0.047138
222 0.028847
223 0.018733
224 -0.284880
225 0.287101
226 0.290838
227 0.168710
228 -0.097402
229 -0.095079
230 0.070581
231 -0.266704
232 -0.165880
233 -0.226281
234 -0.078629
235 -0.227198
236 -0.033700
237 -0.041546
238 -0.004754
239 -0.066555
240 -0.137908
241 0.002489
242 -0.044020
243 0.073596
244 -0.290512
245 -0.157652
246 0.060650
247 -0.346446
248 0.014062
249 -0.096659
250 -0.053541
251 -0.053733
252 -0.059970
253 0.134173
254 0.137148
255 -0.001818
256 -0.055337
257 0.112296
258 0.132144
259 0.028162
260 0.151985
261 -0.183734
262 -0.134928
263 -0.216829
264 1.348083
265 0.965506
266 0.156783
267 -0.234343
268 0.024061
269 0.176525
270 -0.226440
271 -0.127607
272 0.082779
273 0.899713
274 0.218249
275 0.009923
276 0.024690
277 -0.065228
278 -0.020258
279 -0.163439
280 -0.201912
281 0.066490
282 0.044914
283 -0.011930
284 -0.066592
285 0.128241
286 -0.140623
287 0.074036
288 0.003918
289 -0.145940
290 0.123012
291 0.008580
292 -0.045959
293 0.045428
294 -0.123401
295 0.028204
296 0.059739
297 0.059089
298 -0.177567
299 -0.152535
300 0.244237
301 -0.113533
302 -0.226683
303 -0.279854
304 0.122448
305 -0.238164
306 0.066929
307 0.183670
308 -0.095953
309 -0.067380
310 -0.126302
311 0.103967
312 -0.066832
313 0.081649
314 -0.081900
315 0.004269
316 0.060261
317 0.002289
318 0.102132
319 0.075219
320 0.049355
321 0.077230
322 0.119079
323 -0.417099
324 -0.423422
325 -0.068999
326 0.034833
327 -0.278688
328 0.015665
329 -0.001623
330 0.069997
331 -0.039202
332 -0.083773
333 0.118010
334 0.057703
335 0.017796
336 -0.360557
337 -0.165345
338 -0.050218
339 0.013738
340 0.010734
341 -0.136186
342 0.147395
343 0.062674
344 0.139654
345 0.022702
346 0.028038
347 -0.000550
348 -0.169886
349 0.005351
350 -0.059488
351 -0.199777
352 0.154986
353 0.016286
354 -0.051092
355 0.036420
356 0.054314
357 0.086521
358 0.049661
359 0.209518
360 -0.329726
361 -0.052608
362 -0.126494
363 0.149158
364 0.072084
365 0.004721
366 -0.030427
367 -0.184733
368 0.086992
369 -0.178506
370 0.030413
371 -0.231921
372 -0.015643
373 -0.007987
374 0.087960
375 -0.325744
376 0.139238
377 -0.040892
378 -0.025812
379 -0.049626
380 -0.072790
381 -0.024021
382 -0.198386
383 -0.071705
384 0.021824
385 0.070196
386 -0.089132
387 0.028311
388 -0.012649
389 -0.006938
390 -0.098745
391 0.140811
392 0.140938
393 0.087125
394 -0.035995
395 -0.121450
396 -0.064242
397 0.099397
398 0.000598
399 -0.025984
400 0.046674
401 -0.070948
402 -0.049721
403 -0.077460
404 -0.488035
405 0.082786
406 0.088820
407 0.088719
408 -0.052364
409 0.166924
410 0.082877
411 -0.272800
412 0.274295
413 -0.132175
414 0.026143
415 -0.278316
416 -0.133994
417 -0.006718
418 -0.042197
419 -0.209249
420 0.462559
421 -0.080749
422 0.096005
423 0.127524
424 0.044594
425 -0.110199
426 -0.199917
427 0.031906
428 -0.101332
429 0.032147
430 -0.188164
431 -0.261077
432 -0.066308
433 0.009024
434 -0.064087
435 0.059289
436 0.034520
437 -0.026704
438 0.042706
439 0.049440
440 -0.017584
441 -0.056586
442 0.054967
443 0.295816
444 0.234947
445 0.007201
446 0.088595
447 0.073872
448 -0.046620
449 0.178313
450 -0.033147
451 0.048756
452 0.038714
453 -0.109782
454 -0.037733
455 -0.126001
456 -0.086832
457 0.081763
458 0.013719
459 0.103177
460 0.080276
461 -0.027215
462 0.000912
463 -0.079362
464 -0.066355
465 0.182648
466 0.141744
467 -0.053157
468 -0.021114
469 0.078813
470 0.026634
471 0.070903
472 -0.161313
473 0.061819
474 0.084700
475 0.137002
476 -0.041960
477 -0.093312
478 -0.012878
479 0.166505
480 -0.130712
481 0.064465
482 0.189802
483 0.124153
484 -0.103847
485 0.026781
486 -0.173908
487 -0.152439
488 -0.011481
489 0.023856
490 0.065167
491 0.090547
492 0.246631
493 0.036999
494 -0.160991
495 -0.141579
496 -0.060853
497 0.048349
498 -0.183364
499 -0.192029
500 -0.058273
501 -0.038091
502 -0.134505
503 -0.154715
504 -0.075360
505 0.008272
506 -0.249077
507 0.246438
508 -0.110565
509 -0.031254
510 0.468288
511 -0.116371
512 -0.108928
513 -0.115832
514 -0.034747
515 -0.029030
516 0.046796
517 -0.020457
518 -0.088175
519 -0.096863
520 0.020300
521 -0.077165
522 -0.042702
523 -0.039595
524 -0.016857
525 -0.037936
526 0.071938
527 -0.240698
528 -0.209384
529 -0.056427
530 -0.114369
531 -0.099104
532 0.016602
533 -0.099374
534 0.130280
535 0.029346
536 0.021473
537 -0.097593
538 -0.127257
539 0.156712
540 0.838686
541 -0.026070
542 -0.189283
543 0.027497
544 -0.194310
545 0.002144
546 -0.031075
547 -0.064497
548 0.064956
549 0.013615
550 -0.100760
551 0.009818
552 0.036911
553 0.498837
554 0.100468
555 0.089232
556 0.087795
557 0.146423
558 -0.040539
559 -0.095262
560 -0.026082
561 -0.021117
562 0.066566
563 -0.203858
564 -0.023621
565 -0.107402
566 -0.176815
567 0.015088
568 -0.000300
569 -0.138712
570 -0.112743
571 0.018994
572 -0.016134
573 -0.110319
574 -0.045530
575 -0.089954
576 -0.131158
577 -0.128536
578 0.142860
579 -0.071193
580 -0.066554
581 -0.304566
582 0.118862
583 -0.028187
584 0.282004
585 0.249661
586 -0.281990
587 -0.134933
588 -0.338428
589 0.139168
590 0.395263
591 -0.260569
592 -0.201079
593 -0.346886
594 0.239396
595 0.078730
596 -0.081323
597 -0.123979
598 -0.134468
599 0.260848
600 0.186839
601 -0.126239
602 0.082506
603 0.014487
604 0.283972
605 -0.034664
606 0.211699
607 0.170545
608 -0.221383
609 -0.079449
610 0.054335
611 -0.044014
612 -0.208074
613 -0.221765
614 -0.363946
615 -0.780717
616 -0.024947
617 -0.044471
618 -0.061623
619 -0.101759
620 0.164553
621 -0.099321
622 0.191320
623 -0.144326
624 0.418659
625 -0.141993
626 -0.151135
627 -0.133706
628 0.091519
629 -0.107889
630 0.162422
631 0.064837
632 0.363467
633 0.162325
634 -0.144294
635 0.200649
636 0.145772
637 0.392149
638 -0.016510
639 0.164236
640 0.038055
641 -0.209193
642 -0.061073
643 0.148950
644 0.202255
645 0.003203
646 0.105687
647 -0.025672
648 0.114456
649 0.192579
650 -0.028133
651 0.116224
652 0.170789
653 0.117009
654 -0.030744
655 0.079617
656 0.029091
657 0.052593
658 -0.120862
659 -0.049649
660 0.179587
661 0.212953
662 0.107067
663 0.323003
664 -0.125496
665 0.205494
666 -0.063493
667 0.039968
668 0.088920
669 0.461288
670 0.271890
671 0.101086
672 0.084721
673 -0.077001
674 0.227158
675 -0.111204
676 0.094422
677 -0.156241
678 -0.379715
679 0.020250
680 -0.006922
681 0.108058
682 0.155534
683 -0.099727
684 -0.233279
685 -0.024008
686 0.020052
687 0.257786
688 0.119178
689 0.337544
690 0.077987
691 -0.151714
692 0.264760
693 -0.094494
694 -0.006875
695 -0.228637
696 -0.167691
697 0.434301
698 0.158873
699 -0.168621
700 -0.429176
701 0.039986
702 0.164189
703 -0.090180
704 0.038683
705 0.152010
706 0.305214
707 -0.116436
708 0.052700
709 -0.032070
710 0.107121
711 -0.093856
712 0.102361
713 -0.108464
714 0.488756
715 -0.169600
716 -0.225465
717 -0.061447
718 -0.181308
719 0.234289
720 0.071285
721 0.107680
722 0.226465
723 -0.191246
724 0.228897
725 0.057439
726 -0.007092
727 -0.184213
728 0.182634
729 -0.050275
730 -0.343523
731 0.058907
732 -0.352529
733 -0.214765
734 0.050869
735 -0.191435
736 -0.074639
737 0.382387
738 -0.046939
739 -0.022207
740 0.165485
741 -0.097615
742 0.116033
743 -0.053913
744 -0.034935
745 0.141662
746 0.206786
747 -0.517405
748 0.065210
749 0.029214
750 -0.356544
751 -0.003207
752 0.010075
753 -0.212574
754 -0.182537
755 -0.210714
756 -0.007753
757 -0.149178
758 -0.057547
759 -0.188702
760 0.127793
761 0.684403
762 0.233270
763 0.291899
764 -0.246922
765 -0.101085
766 0.123879
767 0.503957
768 0.014701
769 0.071522
770 -0.095288
771 0.044851
772 0.305810
773 -0.021800
774 -0.090474
775 0.210019
776 0.002149
777 -0.081868
778 0.252643
779 0.190498
780 0.036526
781 0.025674
782 0.016341
783 -0.011419
784 0.118558
785 0.049460
786 0.257286
787 -0.173673
788 0.118089
789 -0.245300
790 0.052089
791 0.084298
792 -0.107894
793 -0.144473
794 -0.067957
795 -0.102543
796 -0.153423
797 0.291299
798 -0.069760
799 0.067415
800 -0.064024
801 -0.023707
802 -0.073106
803 -0.232757
804 -0.150585
805 -0.101396
806 0.315548
807 0.150883
808 0.129195
809 -0.012757
810 -0.106555
811 -0.127782
812 0.054006
813 0.356377
814 -0.090021
815 0.094258
816 0.122600
817 0.171572
818 -0.047559
819 -0.074089
820 -0.000092
821 -0.223105
822 0.015543
823 0.122555
824 0.365443
825 -0.049422
826 -0.290688
827 -0.155531
828 0.012608
829 0.141161
830 0.095575
831 -0.022501
832 0.164400
833 0.204773
834 -0.117377
835 -0.063323
836 0.228643
837 -0.142187
838 0.305277
839 -0.098158
840 0.094680
841 -0.225053
842 0.121176
843 0.236329
844 0.378710
845 -0.170892
846 0.067694
847 -0.121713
848 -0.295749
849 0.002078
850 -0.163415
851 -0.212993
852 0.187140
853 0.423235
854 -0.233336
855 0.294865
856 0.230422
857 0.128897
858 -0.078247
859 -0.081517
860 0.141628
861 0.227382
862 0.269829
863 0.101807
864 0.119697
865 0.214321
866 -0.095470
867 0.214249
868 -0.237008
869 0.310276
870 0.350522
871 -0.053248
872 0.256257
873 0.235623
874 0.176816
875 0.167034
876 -0.262974
877 -0.238891
878 0.372297
879 0.190306
880 0.281025
881 0.184575
882 -0.011011
883 -0.313421
884 0.087223
885 0.057297
886 0.054241
887 -0.041805
888 0.116194
889 0.079095
890 0.049287
891 -0.388113
892 -0.138059
893 0.209712
894 -0.062730
895 -0.069558
896 0.116112
897 0.002022
898 0.004497
899 0.014304
900 0.237362
901 0.020735
902 0.190245
903 0.048591
904 -0.128795
905 0.206645
906 -0.053535
907 -0.041009
908 -0.269121
909 0.111700
910 0.541536
911 0.108160
912 -0.048187
913 -0.101372
914 -0.011694
915 0.007123
916 0.208164
917 0.224905
918 -0.265483
919 0.182883
920 0.286734
921 -0.176256
922 0.182585
923 -0.191321
924 0.227669
925 -0.091842
926 0.229217
927 -0.077088
928 0.257994
929 0.154603
930 0.086900
931 0.329630
932 0.095126
933 -0.403766
934 0.246473
935 0.009295
936 0.326444
937 0.006912
938 0.234844
939 0.173426
940 0.290019
941 -0.065782
942 0.100950
943 0.015798
944 -0.218819
945 0.446334
946 0.429883
947 0.210731
948 -0.367805
949 0.325647
950 0.137264
951 0.133360
952 0.052331
953 0.183373
954 -0.129153
955 -0.033792
956 0.057936
957 0.354129
958 -0.158209
959 -0.165889
960 0.555681
961 -0.032314
962 0.097790
963 0.117120
964 0.135656
965 0.261745
966 0.028142
967 0.364708
968 -0.223116
969 0.119491
970 0.110234
971 0.180517
972 0.219166
973 -0.097941
974 0.107533
975 0.168996
976 0.231726
977 0.198036
978 0.233750
979 -0.114701
980 0.073534
981 -0.284899
982 0.246825
983 0.178703
984 0.053908
985 0.073913
986 -0.252396
987 0.029641
988 0.026546
989 0.255494
990 -0.374181
991 0.159057
992 0.084603
993 0.022624
994 0.138220
995 -0.075164
996 0.123223
997 0.115369
998 0.136716
999 0.286003
1000 0.125950
1001 -0.028192
1002 -0.173480
1003 0.097339
1004 0.051387
1005 0.577257
1006 -0.082120
1007 0.004094
1008 0.226171
1009 0.350542
1010 0.069222
1011 -0.082037
1012 -0.178444
1013 0.061940
1014 0.054780
1015 0.287103
1016 0.020431
1017 0.024318
1018 -0.424430
1019 0.146708
1020 -0.072726
1021 -0.175275
1022 -0.188851
1023 -0.098347
1024 -0.338595
1025 -0.046707
1026 0.031392
1027 -0.031996
1028 -0.417266
1029 -0.014420
1030 -0.034917
1031 -0.139928
1032 -0.052539
1033 0.008773
1034 0.149849
1035 0.188958
1036 0.053166
1037 0.213681
1038 -0.314918
1039 0.215252
1040 0.214159
1041 0.239054
1042 0.059845
1043 0.216904
1044 -0.118983
1045 0.123303
1046 0.466545
1047 -0.134670
1048 -0.056260
1049 0.152930
1050 0.167298
1051 0.575113
1052 0.059382
1053 0.098977
1054 0.123414
1055 0.094907
1056 0.217311
1057 0.109676
1058 -0.165655
1059 0.310851
1060 -0.044105
1061 0.118939
1062 -0.290260
1063 0.230020
1064 0.236622
1065 0.044155
1066 -0.104044
1067 0.016226
1068 0.036126
1069 -0.085444
1070 0.128235
1071 -0.348644
1072 -0.054337
1073 -0.137228
1074 -0.014370
1075 -0.068542
1076 0.061554
1077 0.120609
1078 0.104468
1079 -0.275124
1080 0.416951
1081 -0.014061
1082 0.245895
1083 -0.120559
1084 0.032750
1085 -0.116620
1086 0.013268
1087 0.057158
1088 0.094729
1089 -0.148870
1090 0.193222
1091 -0.289190
1092 -0.119473
1093 0.319604
1094 -0.228893
1095 -0.071783
1096 0.171085
1097 0.001169
1098 0.176445
1099 -0.213577
1100 0.116555
1101 0.011091
1102 0.409832
1103 0.143291
1104 -0.221183
1105 0.141990
1106 0.254621
1107 0.178018
1108 -0.059372
1109 -0.116011
1110 -0.184630
1111 -0.025595
1112 0.033629
1113 -0.148756
1114 0.239288
1115 0.255154
1116 -0.093907
1117 0.016158
1118 -0.047552
1119 -0.155141
1120 0.514464
1121 0.077856
1122 0.026239
1123 0.174027
1124 0.317346
1125 0.018973
1126 0.017872
1127 0.076606
1128 0.135521
1129 0.243935
1130 0.246882
1131 -0.208581
1132 0.222006
1133 -0.149949
1134 -0.056965
1135 0.260522
1136 0.118466
1137 0.074416
1138 -0.207468
1139 -0.022802
1140 -0.305072
1141 0.025226
1142 -0.021421
1143 -0.037406
1144 -0.019718
1145 -0.206891
1146 0.285361
1147 0.216333
1148 -0.054840
1149 -0.359194
1150 0.285885
1151 0.330378
1152 -0.037950
1153 -0.297338
1154 -0.242917
1155 0.202137
1156 -0.463961
1157 0.113056
1158 0.123154
1159 -0.254837
1160 0.242596
1161 0.239018
1162 0.035834
1163 -0.176511
1164 0.585082
1165 -0.016960
1166 -0.254550
1167 0.285864
1168 0.034016
1169 0.425453
1170 0.164122
1171 0.087817
1172 -0.107274
1173 -0.095241
1174 0.795882
1175 0.337663
1176 -0.155953
1177 -0.613765
1178 0.081586
1179 0.064168
1180 -0.311916
1181 -0.052482
1182 0.179623
1183 0.036110
1184 -0.115671
1185 0.242848
1186 0.135905
1187 0.175630
1188 -0.199529
1189 0.110824
1190 0.228943
1191 -0.059651
1192 0.185072
1193 0.156723
1194 0.117448
1195 0.107511
1196 0.450430
1197 -0.052400
1198 -0.220028
1199 -0.206045
1200 0.031256
1201 -0.040395
1202 -0.091677
1203 0.063095
1204 0.304446
1205 -0.179888
1206 -0.133547
1207 0.129186
1208 -0.131157
1209 -0.124448
1210 0.172902
1211 0.027478
1212 0.432628
1213 0.067324
1214 -0.188834
1215 -0.003141
1216 0.079007
1217 0.184098
1218 0.165494
1219 0.285963
1220 0.073232
1221 0.088896
1222 0.013275
1223 -0.121638
0 -0.443161
1 -0.397846
2 -0.316834
3 -0.142579
4 0.064073
5 0.106569
6 0.217795
7 0.080220
8 -0.198438
9 0.480251
10 0.073724
11 0.022806
12 -0.184793
13 -0.115418
14 0.016397
15 0.034042
16 -0.056824
17 0.194014
18 0.269595
19 0.241030
20 -0.440159
21 0.176949
22 -0.014569
23 0.250091
24 0.194249
25 0.487504
26 0.018538
27 0.189618
28 -0.086072
29 -0.057596
30 -0.777038
31 0.020874
32 0.128021
33 -0.101321
34 -0.062774
35 -0.388443
36 -0.032323
37 -0.148299
38 -0.158245
39 -0.185859
40 0.234727
41 0.008073
42 -0.015437
43 -0.000264
44 0.096304
45 -0.069140
46 -0.212392
47 0.166120
48 0.087054
49 -0.282341
50 0.162361
51 0.012846
52 -0.010367
53 0.266732
54 0.035162
55 0.009701
56 0.079112
57 0.032241
58 -0.099110
59 0.139192
60 0.023259
61 0.009592
62 -0.018180
63 -0.112230
64 -0.022367
65 -0.136007
66 -0.029812
67 0.020259
68 -0.111018
69 0.408837
70 0.082444
71 0.130207
72 0.112021
73 -0.428891
74 -0.350807
75 0.038278
76 0.051912
77 0.170688
78 0.384629
79 0.208662
80 -0.002836
81 -0.201693
82 0.090275
83 -0.155748
84 -0.121891
85 0.004772
86 -0.016469
87 0.176161
88 -0.223693
89 0.253123
90 -0.426112
91 -0.019029
92 0.540611
93 -0.468649
94 0.040404
95 -0.057060
96 0.336261
97 -0.076683
98 -0.280345
99 0.168561
100 0.146744
101 -0.175969
102 -0.023603
103 0.231186
104 0.229553
105 0.143276
106 -0.283695
107 0.471522
108 -0.035451
109 -0.284267
110 -0.133913
111 -0.575471
112 0.138495
113 0.044284
114 -0.056262
115 0.164576
116 0.072981
117 0.727360
118 -0.050948
119 0.159509
120 -0.121740
121 0.118443
122 0.143707
123 -0.122193
124 0.058753
125 0.372957
126 -0.143686
127 0.103086
128 0.165479
129 0.285936
130 0.034076
131 -0.249418
132 -0.432651
133 0.030689
134 -0.299968
135 0.133971
136 0.372992
137 0.155701
138 -0.023873
139 0.034320
140 -0.361180
141 -0.031855
142 -0.153409
143 -0.188590
144 -0.020670
145 -0.125118
146 0.246150
147 -0.190005
148 -0.048778
149 -0.108864
150 0.046202
151 -0.077683
152 0.217107
153 -0.052760
154 0.207241
155 0.140097
156 0.018329
157 -0.112293
158 0.060751
159 0.217017
160 -0.024887
161 0.085605
162 0.048680
163 0.061113
164 0.100298
165 0.042480
166 0.181761
167 -0.254230
168 -0.024315
169 -0.278767
170 -0.314231
171 0.237041
172 0.116912
173 0.283794
174 0.040322
175 0.365679
176 0.068598
177 0.038075
178 -0.184175
179 0.089925
180 0.092292
181 0.224272
182 0.056735
183 0.014130
184 0.136189
185 -0.110264
186 0.057134
187 0.202170
188 -0.026569
189 -0.041112
190 -0.065673
191 0.006654
192 -0.131668
193 0.256356
194 -0.049644
195 -0.216450
196 -0.490048
197 0.550571
198 0.191752
199 -0.000939
200 0.329937
201 0.063133
202 0.188838
203 0.063039
204 -0.403220
205 -0.111450
206 0.099767
207 -0.036225
208 0.040804
209 -0.081468
210 0.126142
211 -0.091336
212 -0.249956
213 0.081662
214 -0.318518
215 -0.068409
216 0.126085
217 -0.171848
218 0.000468
219 0.262227
220 0.003626
221 0.047138
222 0.028847
223 0.018733
224 -0.284880
225 0.287101
226 0.290838
227 0.168710
228 -0.097402
229 -0.095079
230 0.070581
231 -0.266704
232 -0.165880
233 -0.226281
234 -0.078629
235 -0.227198
236 -0.033700
237 -0.041546
238 -0.004754
239 -0.066555
240 -0.137908
241 0.002489
242 -0.044020
243 0.073596
244 -0.290512
245 -0.157652
246 0.060650
247 -0.346446
248 0.014062
249 -0.096659
250 -0.053541
251 -0.053733
252 -0.059970
253 0.134173
254 0.137148
255 -0.001818
256 -0.055337
257 0.112296
258 0.132144
259 0.028162
260 0.151985
261 -0.183734
262 -0.134928
263 -0.216829
264 1.348083
265 0.965506
266 0.156783
267 -0.234343
268 0.024061
269 0.176525
270 -0.226440
271 -0.127607
272 0.082779
273 0.899713
274 0.218249
275 0.009923
276 0.024690
277 -0.065228
278 -0.020258
279 -0.163439
280 -0.201912
281 0.066490
282 0.044914
283 -0.011930
284 -0.066592
285 0.128241
286 -0.140623
287 0.074036
288 0.003918
289 -0.145940
290 0.123012
291 0.008580
292 -0.045959
293 0.045428
294 -0.123401
295 0.028204
296 0.059739
297 0.059089
298 -0.177567
299 -0.152535
300 0.244237
301 -0.113533
302 -0.226683
303 -0.279854
304 0.122448
305 -0.238164
306 0.066929
307 0.183670
308 -0.095953
309 -0.067380
310 -0.126302
311 0.103967
312 -0.066832
313 0.081649
314 -0.081900
315 0.004269
316 0.060261
317 0.002289
318 0.102132
319 0.075219
320 0.049355
321 0.077230
322 0.119079
323 -0.417099
324 -0.423422
325 -0.068999
326 0.034833
327 -0.278688
328 0.015665
329 -0.001623
330 0.069997
331 -0.039202
332 -0.083773
333 0.118010
334 0.057703
335 0.017796
336 -0.360557
337 -0.165345
338 -0.050218
339 0.013738
340 0.010734
341 -0.136186
342 0.147395
343 0.062674
344 0.139654
345 0.022702
346 0.028038
347 -0.000550
348 -0.169886
349 0.005351
350 -0.059488
351 -0.199777
352 0.154986
353 0.016286
354 -0.051092
355 0.036420
356 0.054314
357 0.086521
358 0.049661
359 0.209518
360 -0.329726
361 -0.052608
362 -0.126494
363 0.149158
364 0.072084
365 0.004721
366 -0.030427
367 -0.184733
368 0.086992
369 -0.178506
370 0.030413
371 -0.231921
372 -0.015643
373 -0.007987
374 0.087960
375 -0.325744
376 0.139238
377 -0.040892
378 -0.025812
379 -0.049626
380 -0.072790
381 -0.024021
382 -0.198386
383 -0.071705
384 0.021824
385 0.070196
386 -0.089132
387 0.028311
388 -0.012649
389 -0.006938
390 -0.098745
391 0.140811
392 0.140938
393 0.087125
394 -0.035995
395 -0.121450
396 -0.064242
397 0.099397
398 0.000598
399 -0.025984
400 0.046674
401 -0.070948
402 -0.049721
403 -0.077460
404 -0.488035
405 0.082786
406 0.088820
407 0.088719
408 -0.052364
409 0.166924
410 0.082877
411 -0.272800
412 0.274295
413 -0.132175
414 0.026143
415 -0.278316
416 -0.133994
417 -0.006718
418 -0.042197
419 -0.209249
420 0.462559
421 -0.080749
422 0.096005
423 0.127524
424 0.044594
425 -0.110199
426 -0.199917
427 0.031906
428 -0.101332
429 0.032147
430 -0.188164
431 -0.261077
432 -0.066308
433 0.009024
434 -0.064087
435 0.059289
436 0.034520
437 -0.026704
438 0.042706
439 0.049440
440 -0.017584
441 -0.056586
442 0.054967
443 0.295816
444 0.234947
445 0.007201
446 0.088595
447 0.073872
448 -0.046620
449 0.178313
450 -0.033147
451 0.048756
452 0.038714
453 -0.109782
454 -0.037733
455 -0.126001
456 -0.086832
457 0.081763
458 0.013719
459 0.103177
460 0.080276
461 -0.027215
462 0.000912
463 -0.079362
464 -0.066355
465 0.182648
466 0.141744
467 -0.053157
468 -0.021114
469 0.078813
470 0.026634
471 0.070903
472 -0.161313
473 0.061819
474 0.084700
475 0.137002
476 -0.041960
477 -0.093312
478 -0.012878
479 0.166505
480 -0.130712
481 0.064465
482 0.189802
483 0.124153
484 -0.103847
485 0.026781
486 -0.173908
487 -0.152439
488 -0.011481
489 0.023856
490 0.065167
491 0.090547
492 0.246631
493 0.036999
494 -0.160991
495 -0.141579
496 -0.060853
497 0.048349
498 -0.183364
499 -0.192029
500 -0.058273
501 -0.038091
502 -0.134505
503 -0.154715
504 -0.075360
505 0.008272
506 -0.249077
507 0.246438
508 -0.110565
509 -0.031254
510 0.468288
511 -0.116371
512 -0.108928
513 -0.115832
514 -0.034747
515 -0.029030
516 0.046796
517 -0.020457
518 -0.088175
519 -0.096863
520 0.020300
521 -0.077165
522 -0.042702
523 -0.039595
524 -0.016857
525 -0.037936
526 0.071938
527 -0.240698
528 -0.209384
529 -0.056427
530 -0.114369
531 -0.099104
532 0.016602
533 -0.099374
534 0.130280
535 0.029346
536 0.021473
537 -0.097593
538 -0.127257
539 0.156712
540 0.838686
541 -0.026070
542 -0.189283
543 0.027497
544 -0.194310
545 0.002144
546 -0.031075
547 -0.064497
548 0.064956
549 0.013615
550 -0.100760
551 0.009818
552 0.036911
553 0.498837
554 0.100468
555 0.089232
556 0.087795
557 0.146423
558 -0.040539
559 -0.095262
560 -0.026082
561 -0.021117
562 0.066566
563 -0.203858
564 -0.023621
565 -0.107402
566 -0.176815
567 0.015088
568 -0.000300
569 -0.138712
570 -0.112743
571 0.018994
572 -0.016134
573 -0.110319
574 -0.045530
575 -0.089954
576 -0.131158
577 -0.128536
578 0.142860
579 -0.071193
580 -0.066554
581 -0.304566
582 0.118862
583 -0.028187
584 0.282004
585 0.249661
586 -0.281990
587 -0.134933
588 -0.338428
589 0.139168
590 0.395263
591 -0.260569
592 -0.201079
593 -0.346886
594 0.239396
595 0.078730
596 -0.081323
597 -0.123979
598 -0.134468
599 0.260848
600 0.186839
601 -0.126239
602 0.082506
603 0.014487
604 0.283972
605 -0.034664
606 0.211699
607 0.170545
608 -0.221383
609 -0.079449
610 0.054335
611 -0.044014
612 -0.208074
613 -0.221765
614 -0.363946
615 -0.780717
616 -0.024947
617 -0.044471
618 -0.061623
619 -0.101759
620 0.164553
621 -0.099321
622 0.191320
623 -0.144326
624 0.418659
625 -0.141993
626 -0.151135
627 -0.133706
628 0.091519
629 -0.107889
630 0.162422
631 0.064837
632 0.363467
633 0.162325
634 -0.144294
635 0.200649
636 0.145772
637 0.392149
638 -0.016510
639 0.164236
640 0.038055
641 -0.209193
642 -0.061073
643 0.148950
644 0.202255
645 0.003203
646 0.105687
647 -0.025672
648 0.114456
649 0.192579
650 -0.028133
651 0.116224
652 0.170789
653 0.117009
654 -0.030744
655 0.079617
656 0.029091
657 0.052593
658 -0.120862
659 -0.049649
660 0.179587
661 0.212953
662 0.107067
663 0.323003
664 -0.125496
665 0.205494
666 -0.063493
667 0.039968
668 0.088920
669 0.461288
670 0.271890
671 0.101086
672 0.084721
673 -0.077001
674 0.227158
675 -0.111204
676 0.094422
677 -0.156241
678 -0.379715
679 0.020250
680 -0.006922
681 0.108058
682 0.155534
683 -0.099727
684 -0.233279
685 -0.024008
686 0.020052
687 0.257786
688 0.119178
689 0.337544
690 0.077987
691 -0.151714
692 0.264760
693 -0.094494
694 -0.006875
695 -0.228637
696 -0.167691
697 0.434301
698 0.158873
699 -0.168621
700 -0.429176
701 0.039986
702 0.164189
703 -0.090180
704 0.038683
705 0.152010
706 0.305214
707 -0.116436
708 0.052700
709 -0.032070
710 0.107121
711 -0.093856
712 0.102361
713 -0.108464
714 0.488756
715 -0.169600
716 -0.225465
717 -0.061447
718 -0.181308
719 0.234289
720 0.071285
721 0.107680
722 0.226465
723 -0.191246
724 0.228897
725 0.057439
726 -0.007092
727 -0.184213
728 0.182634
729 -0.050275
730 -0.343523
731 0.058907
732 -0.352529
733 -0.214765
734 0.050869
735 -0.191435
736 -0.074639
737 0.382387
738 -0.046939
739 -0.022207
740 0.165485
741 -0.097615
742 0.116033
743 -0.053913
744 -0.034935
745 0.141662
746 0.206786
747 -0.517405
748 0.065210
749 0.029214
750 -0.356544
751 -0.003207
752 0.010075
753 -0.212574
754 -0.182537
755 -0.210714
756 -0.007753
757 -0.149178
758 -0.057547
759 -0.188702
760 0.127793
761 0.684403
762 0.233270
763 0.291899
764 -0.246922
765 -0.101085
766 0.123879
767 0.503957
768 0.014701
769 0.071522
770 -0.095288
771 0.044851
772 0.305810
773 -0.021800
774 -0.090474
775 0.210019
776 0.002149
777 -0.081868
778 0.252643
779 0.190498
780 0.036526
781 0.025674
782 0.016341
783 -0.011419
784 0.118558
785 0.049460
786 0.257286
787 -0.173673
788 0.118089
789 -0.245300
790 0.052089
791 0.084298
792 -0.107894
793 -0.144473
794 -0.067957
795 -0.102543
796 -0.153423
797 0.291299
798 -0.069760
799 0.067415
800 -0.064024
801 -0.023707
802 -0.073106
803 -0.232757
804 -0.150585
805 -0.101396
806 0.315548
807 0.150883
808 0.129195
809 -0.012757
810 -0.106555
811 -0.127782
812 0.054006
813 0.356377
814 -0.090021
815 0.094258
816 0.122600
817 0.171572
818 -0.047559
819 -0.074089
820 -0.000092
821 -0.223105
822 0.015543
823 0.122555
824 0.365443
825 -0.049422
826 -0.290688
827 -0.155531
828 0.012608
829 0.141161
830 0.095575
831 -0.022501
832 0.164400
833 0.204773
834 -0.117377
835 -0.063323
836 0.228643
837 -0.142187
838 0.305277
839 -0.098158
840 0.094680
841 -0.225053
842 0.121176
843 0.236329
844 0.378710
845 -0.170892
846 0.067694
847 -0.121713
848 -0.295749
849 0.002078
850 -0.163415
851 -0.212993
852 0.187140
853 0.423235
854 -0.233336
855 0.294865
856 0.230422
857 0.128897
858 -0.078247
859 -0.081517
860 0.141628
861 0.227382
862 0.269829
863 0.101807
864 0.119697
865 0.214321
866 -0.095470
867 0.214249
868 -0.237008
869 0.310276
870 0.350522
871 -0.053248
872 0.256257
873 0.235623
874 0.176816
875 0.167034
876 -0.262974
877 -0.238891
878 0.372297
879 0.190306
880 0.281025
881 0.184575
882 -0.011011
883 -0.313421
884 0.087223
885 0.057297
886 0.054241
887 -0.041805
888 0.116194
889 0.079095
890 0.049287
891 -0.388113
892 -0.138059
893 0.209712
894 -0.062730
895 -0.069558
896 0.116112
897 0.002022
898 0.004497
899 0.014304
900 0.237362
901 0.020735
902 0.190245
903 0.048591
904 -0.128795
905 0.206645
906 -0.053535
907 -0.041009
908 -0.269121
909 0.111700
910 0.541536
911 0.108160
912 -0.048187
913 -0.101372
914 -0.011694
915 0.007123
916 0.208164
917 0.224905
918 -0.265483
919 0.182883
920 0.286734
921 -0.176256
922 0.182585
923 -0.191321
924 0.227669
925 -0.091842
926 0.229217
927 -0.077088
928 0.257994
929 0.154603
930 0.086900
931 0.329630
932 0.095126
933 -0.403766
934 0.246473
935 0.009295
936 0.326444
937 0.006912
938 0.234844
939 0.173426
940 0.290019
941 -0.065782
942 0.100950
943 0.015798
944 -0.218819
945 0.446334
946 0.429883
947 0.210731
948 -0.367805
949 0.325647
950 0.137264
951 0.133360
952 0.052331
953 0.183373
954 -0.129153
955 -0.033792
956 0.057936
957 0.354129
958 -0.158209
959 -0.165889
960 0.555681
961 -0.032314
962 0.097790
963 0.117120
964 0.135656
965 0.261745
966 0.028142
967 0.364708
968 -0.223116
969 0.119491
970 0.110234
971 0.180517
972 0.219166
973 -0.097941
974 0.107533
975 0.168996
976 0.231726
977 0.198036
978 0.233750
979 -0.114701
980 0.073534
981 -0.284899
982 0.246825
983 0.178703
984 0.053908
985 0.073913
986 -0.252396
987 0.029641
988 0.026546
989 0.255494
990 -0.374181
991 0.159057
992 0.084603
993 0.022624
994 0.138220
995 -0.075164
996 0.123223
997 0.115369
998 0.136716
999 0.286003
1000 0.125950
1001 -0.028192
1002 -0.173480
1003 0.097339
1004 0.051387
1005 0.577257
1006 -0.082120
1007 0.004094
1008 0.226171
1009 0.350542
1010 0.069222
1011 -0.082037
1012 -0.178444
1013 0.061940
1014 0.054780
1015 0.287103
1016 0.020431
1017 0.024318
1018 -0.424430
1019 0.146708
1020 -0.072726
1021 -0.175275
1022 -0.188851
1023 -0.098347
1024 -0.338595
1025 -0.046707
1026 0.031392
1027 -0.031996
1028 -0.417266
1029 -0.014420
1030 -0.034917
1031 -0.139928
1032 -0.052539
1033 0.008773
1034 0.149849
1035 0.188958
1036 0.053166
1037 0.213681
1038 -0.314918
1039 0.215252
1040 0.214159
1041 0.239054
1042 0.059845
1043 0.216904
1044 -0.118983
1045 0.123303
1046 0.466545
1047 -0.134670
1048 -0.056260
1049 0.152930
1050 0.167298
1051 0.575113
1052 0.059382
1053 0.098977
1054 0.123414
1055 0.094907
1056 0.217311
1057 0.109676
1058 -0.165655
1059 0.310851
1060 -0.044105
1061 0.118939
1062 -0.290260
1063 0.230020
1064 0.236622
1065 0.044155
1066 -0.104044
1067 0.016226
1068 0.036126
1069 -0.085444
1070 0.128235
1071 -0.348644
1072 -0.054337
1073 -0.137228
1074 -0.014370
1075 -0.068542
1076 0.061554
1077 0.120609
1078 0.104468
1079 -0.275124
1080 0.416951
1081 -0.014061
1082 0.245895
1083 -0.120559
1084 0.032750
1085 -0.116620
1086 0.013268
1087 0.057158
1088 0.094729
1089 -0.148870
1090 0.193222
1091 -0.289190
1092 -0.119473
1093 0.319604
1094 -0.228893
1095 -0.071783
1096 0.171085
1097 0.001169
1098 0.176445
1099 -0.213577
1100 0.116555
1101 0.011091
1102 0.409832
1103 0.143291
1104 -0.221183
1105 0.141990
1106 0.254621
1107 0.178018
1108 -0.059372
1109 -0.116011
1110 -0.184630
1111 -0.025595
1112 0.033629
1113 -0.148756
1114 0.239288
1115 0.255154
1116 -0.093907
1117 0.016158
1118 -0.047552
1119 -0.155141
1120 0.514464
1121 0.077856
1122 0.026239
1123 0.174027
1124 0.317346
1125 0.018973
1126 0.017872
1127 0.076606
1128 0.135521
1129 0.243935
1130 0.246882
1131 -0.208581
1132 0.222006
1133 -0.149949
1134 -0.056965
1135 0.260522
1136 0.118466
1137 0.074416
1138 -0.207468
1139 -0.022802
1140 -0.305072
1141 0.025226
1142 -0.021421
1143 -0.037406
1144 -0.019718
1145 -0.206891
1146 0.285361
1147 0.216333
1148 -0.054840
1149 -0.359194
1150 0.285885
1151 0.330378
1152 -0.037950
1153 -0.297338
1154 -0.242917
1155 0.202137
1156 -0.463961
1157 0.113056
1158 0.123154
1159 -0.254837
1160 0.242596
1161 0.239018
1162 0.035834
1163 -0.176511
1164 0.585082
1165 -0.016960
1166 -0.254550
1167 0.285864
1168 0.034016
1169 0.425453
1170 0.164122
1171 0.087817
1172 -0.107274
1173 -0.095241
1174 0.795882
1175 0.337663
1176 -0.155953
1177 -0.613765
1178 0.081586
1179 0.064168
1180 -0.311916
1181 -0.052482
1182 0.179623
1183 0.036110
1184 -0.115671
1185 0.242848
1186 0.135905
1187 0.175630
1188 -0.199529
1189 0.110824
1190 0.228943
1191 -0.059651
1192 0.185072
1193 0.156723
1194 0.117448
1195 0.107511
1196 0.450430
1197 -0.052400
1198 -0.220028
1199 -0.206045
1200 0.031256
1201 -0.040395
1202 -0.091677
1203 0.063095
1204 0.304446
1205 -0.179888
1206 -0.133547
1207 0.129186
1208 -0.131157
1209 -0.124448
1210 0.172902
1211 0.027478
1212 0.432628
1213 0.067324
1214 -0.188834
1215 -0.003141
1216 0.079007
1217 0.184098
1218 0.165494
1219 0.285963
1220 0.073232
1221 0.088896
1222 0.013275
1223 -0.121638
