0 0.022568
1 -0.533241
2 -0.226448
3 0.092719
4 -0.010647
5 -0.192104
6 0.118765
7 0.007800
8 0.327927
9 0.172502
10 0.255153
11 -0.098750
12 0.297527
13 0.303354
14 0.064399
15 -0.091895
16 -0.029036
17 0.241872
18 -0.642472
19 -0.153268
20 0.152221
21 0.053113
22 0.116689
23 -0.194070
24 0.404757
25 0.531400
26 0.161593
27 0.556309
28 0.156649
29 -0.053153
30 -0.114746
31 0.602034
32 0.365749
33 0.668414
34 0.531782
35 0.226281
36 0.350847
37 0.351867
38 0.081956
39 0.245242
40 0.245872
41 -0.208162
42 0.081795
43 -0.069049
44 0.531745
45 -0.098264
46 0.223420
47 0.416035
48 0.356343
49 -0.194280
50 0.102558
51 0.228054
52 0.264839
53 -0.102090
54 -0.191995
55 0.224246
56 -0.100835
57 0.107884
58 -0.165726
59 0.165257
60 0.118493
61 0.100022
62 0.141804
63 0.375451
64 0.438801
65 0.257841
66 0.103337
67 -0.485520
68 -0.118304
69 0.038454
70 0.063536
71 0.033377
72 -0.336124
73 0.328493
74 -0.213437
75 0.398157
76 -0.322574
77 -0.125522
78 -0.181798
79 -0.299657
80 0.243845
81 0.380044
82 0.090327
83 0.073336
84 -0.188353
85 0.233805
86 0.464709
87 0.100564
88 -0.235870
89 0.251631
90 -0.209927
91 0.039947
92 0.261510
93 -0.302838
94 0.404246
95 -0.338733
96 0.237466
97 -0.077851
98 0.343888
99 0.324212
100 0.787016
101 0.203368
102 -0.091327
103 -0.380589
104 -0.026284
105 -0.020399
106 0.404388
107 0.191121
108 0.185696
109 0.904306
110 -0.007475
111 0.008228
112 0.145310
113 0.198952
114 0.223772
115 0.209586
116 -0.234576
117 -0.292786
118 -0.261601
119 0.186253
120 0.057467
121 0.391126
122 0.123751
123 0.319749
124 0.096112
125 0.273038
126 -0.015609
127 0.086305
128 -0.179807
129 0.284468
130 0.518047
131 -0.255762
132 -0.111383
133 0.297023
134 0.259727
135 -0.091966
136 0.325294
137 0.515440
138 0.240035
139 0.332317
140 0.082351
141 0.228496
142 0.292854
143 0.032979
144 0.233338
145 0.019963
146 0.287296
147 0.276115
148 -0.004614
149 -0.184782
150 -0.007517
151 -0.258451
152 0.081229
153 -0.176361
154 -0.362086
155 -0.350356
156 0.213441
157 0.332031
158 0.094672
159 0.001492
160 0.380856
161 0.071665
162 0.015296
163 -0.063648
164 0.068239
165 0.391019
166 0.182517
167 -0.220079
168 -0.135700
169 0.433631
170 0.252594
171 0.040685
172 0.071752
173 0.124539
174 0.132963
175 -0.136421
176 -0.066866
177 -0.092754
178 0.086698
179 -0.004126
180 -0.044382
181 -0.044979
182 -0.251874
183 -0.027882
184 0.029896
185 0.520466
186 0.188294
187 -0.263171
188 0.118614
189 -0.206611
190 0.069339
191 0.004718
192 -0.216480
193 0.182205
194 0.485072
195 0.146840
196 0.083207
197 0.236393
198 -0.212684
199 1.356228
200 0.625761
201 0.869521
202 0.055253
203 -0.118478
204 0.252862
205 -0.056208
206 0.902547
207 0.218130
208 0.105628
209 0.689390
210 0.396875
211 0.005344
212 -0.011180
213 0.097751
214 0.353028
215 0.335213
216 0.463801
217 0.518805
218 0.371089
219 0.371513
220 0.370868
221 0.275284
222 0.487357
223 0.715706
224 0.027236
225 0.130192
226 0.227804
227 1.181827
228 0.277719
229 0.154463
230 -0.116140
231 0.069265
232 0.061142
233 0.160488
234 0.083925
235 0.149697
236 0.050940
237 0.255245
238 0.102586
239 0.047950
240 0.067299
241 0.065837
242 0.170620
243 0.059588
244 0.008776
245 0.048830
246 0.775755
247 0.096270
248 -0.030130
249 0.052859
250 -0.039222
251 0.197343
252 -0.053035
253 -0.017055
254 0.336560
255 0.340805
256 0.215851
257 0.200966
258 0.191204
259 0.249902
260 0.118132
261 0.056451
262 0.051985
263 0.226907
264 -0.098735
265 0.155265
266 0.156010
267 1.151239
268 1.130133
269 0.068852
270 0.042054
271 -0.053529
272 0.052146
273 0.331750
274 0.167122
275 0.126168
276 0.644441
277 0.139707
278 0.017809
279 -0.059470
280 0.415835
281 0.333852
282 0.038689
283 0.007031
284 0.094337
285 0.328855
286 -0.134856
287 -0.171513
288 0.121939
289 0.263151
290 0.226207
291 0.133809
292 0.042716
293 0.245745
294 0.520613
295 0.089431
296 -0.020888
297 -0.017138
298 0.065858
299 0.046064
300 -0.015149
301 0.174212
302 0.070821
303 -0.071834
304 0.002347
305 0.160764
306 0.035101
307 0.180249
308 0.028915
309 0.143606
310 0.028772
311 0.069355
312 0.041905
313 0.851121
314 0.200484
315 0.028358
316 0.059279
317 0.043805
318 0.394270
319 0.073053
320 0.093692
321 0.165443
322 0.137094
323 -0.185127
324 -0.102915
325 0.126504
326 -0.009126
327 0.090820
328 -0.158550
329 -0.158134
330 0.051320
331 0.469545
332 0.268010
333 0.060589
334 0.135250
335 0.039317
336 -0.328138
337 0.004895
338 0.147796
339 0.260269
340 -0.185231
341 -0.007035
342 0.031966
343 0.263168
344 -0.072864
345 0.029497
346 0.085843
347 0.832527
348 -0.135781
349 -0.323806
350 0.073799
351 0.296255
352 0.238959
353 0.019329
354 0.034744
355 0.370682
356 0.208852
357 0.260492
358 0.034351
359 0.410958
360 0.645192
361 0.054340
362 -0.032613
363 0.225271
364 -0.398310
365 0.138730
366 -0.038846
367 -0.018557
368 -0.372653
369 0.075790
370 0.048455
371 -0.062264
372 1.139295
373 0.230436
374 0.094622
375 0.007106
376 -0.412147
377 0.268094
378 0.177895
379 0.010574
380 0.698387
381 0.285368
382 0.593490
383 0.020030
384 0.073075
385 0.064879
386 0.057275
387 0.028387
388 0.066559
389 0.284889
390 0.498275
391 0.004658
392 0.058714
393 0.157873
394 1.060619
395 -0.012507
396 -0.029755
397 0.098583
398 0.114955
399 0.003619
400 0.096828
401 0.005638
402 -0.155810
403 -0.071635
404 0.329820
405 0.088284
406 0.099411
407 -0.336829
408 0.081824
409 0.147435
410 0.148952
411 0.114764
412 -0.060705
413 -0.020696
414 0.056474
415 -0.057637
416 -0.085696
417 0.077165
418 0.179646
419 0.018722
420 0.021946
421 -0.065861
422 0.235897
423 0.086837
424 0.509040
425 0.222623
426 1.217278
427 0.168755
428 0.406523
429 -0.424076
430 0.036774
431 0.324158
432 0.113780
433 0.382711
434 0.102355
435 0.580743
436 0.221584
437 0.223485
438 0.606989
439 0.380007
440 0.337242
441 0.279523
442 0.734417
443 -0.109600
444 0.159961
445 0.422322
446 0.532863
447 0.651519
448 0.217429
449 0.310032
450 0.139964
451 -0.001607
452 0.023426
453 -0.002850
454 0.115257
455 0.521194
456 0.483046
457 -0.201779
458 0.185681
459 0.112035
460 0.101089
461 -0.059360
462 -0.142999
463 -0.055798
464 0.062399
465 0.349098
466 -0.042287
467 0.340260
468 0.258568
469 0.516156
470 0.111245
471 0.118505
472 0.374550
473 0.090601
474 0.629013
475 0.189328
476 -0.084071
477 0.202181
478 0.810105
479 0.465650
480 0.172995
481 0.373105
482 0.142624
483 0.331042
484 0.685844
485 1.106608
486 0.000511
487 0.151244
488 -0.048965
489 0.132707
490 0.287659
491 -0.405598
492 0.419372
493 0.063546
494 0.365298
495 0.304511
496 -0.200517
497 0.023010
498 0.004404
499 0.564343
500 0.705710
501 0.327026
502 0.010185
503 0.301116
504 0.134775
505 0.847228
506 0.267720
507 -0.100085
508 0.022778
509 -0.125092
510 0.605823
511 0.455843
512 0.136555
513 -0.033594
514 0.023516
515 -0.503947
516 0.029922
517 -0.016848
518 0.747389
519 0.307065
520 0.045248
521 0.129766
522 0.247204
523 -0.079637
524 -0.063275
525 0.271940
526 -0.157037
527 0.051161
528 0.062543
529 -0.410538
530 0.186148
531 0.058350
532 -0.055168
533 0.835118
534 1.229144
535 -0.186805
536 -0.052147
537 0.356503
538 0.178077
539 0.595933
540 2.113381
541 -0.077173
542 0.183844
543 -0.078253
544 -0.001410
545 -0.288676
546 -0.132315
547 -0.150907
548 -0.067771
549 0.166261
550 0.089351
551 -0.079856
552 0.502983
553 0.183404
554 -0.100089
555 -0.007606
556 -0.024716
557 -0.065480
558 -0.153770
559 0.182154
560 0.135729
561 0.130712
562 -0.084079
563 -0.032195
564 0.060234
565 -0.024490
566 -0.087995
567 0.097127
568 -0.138510
569 -0.102377
570 0.024106
571 -0.138682
572 -0.170017
573 -0.077751
574 -0.013371
575 -0.164298
576 -0.871331
577 0.077715
578 -0.125071
579 -0.085468
580 0.015653
581 -0.183219
582 0.104599
583 0.208664
584 -0.055749
585 -0.011111
586 0.018052
587 0.152325
588 -0.034424
589 -0.086421
590 -0.022956
591 0.052746
592 -0.009796
593 -0.043622
594 0.041688
595 -0.235671
596 0.184019
597 0.036107
598 -0.119155
599 -0.741275
600 0.110160
601 -0.106358
602 -0.099304
603 0.072156
604 -0.284279
605 0.069390
606 0.039584
607 -0.046066
608 -0.039851
609 -0.138761
610 -0.048129
611 -0.239633
612 0.324882
613 0.044980
614 0.012012
615 -0.002804
616 0.142068
617 -0.022335
618 -0.140493
619 0.002674
620 -0.136111
621 0.104432
622 -0.060955
623 -0.057472
624 0.030079
625 -0.090818
626 -0.062705
627 0.186084
628 -0.018341
629 0.249491
630 -0.010819
631 -0.011559
632 0.026132
633 -0.016440
634 -0.082005
635 0.040024
636 -0.040814
637 0.044552
638 -0.063773
639 -0.039306
640 0.249874
641 0.039022
642 -0.261000
643 0.102426
644 -0.169228
645 -0.163811
646 -0.045332
647 0.215104
648 -0.038164
649 0.409307
650 -0.076471
651 -0.004659
652 0.603508
653 -0.134087
654 0.089143
655 0.217952
656 -0.035659
657 -0.190727
658 0.171241
659 0.246374
660 -0.155842
661 0.143854
662 -0.167973
663 0.019623
664 0.188521
665 0.093424
666 -0.025594
667 0.003227
668 0.406681
669 -0.219136
670 0.130346
671 0.302195
672 0.086959
673 -0.078750
674 0.128853
675 0.224959
676 0.168909
677 0.009394
678 0.099372
679 0.801677
680 0.052706
681 0.061532
682 0.215001
683 -0.515636
684 -0.022582
685 0.391250
686 0.225253
687 -0.169471
688 -0.330814
689 -0.160378
690 0.126525
691 0.522426
692 0.149630
693 0.100991
694 -0.102939
695 0.045802
696 0.463217
697 0.197386
698 -0.096236
699 -0.025811
700 -0.035666
701 0.047574
702 0.221047
703 -0.088157
704 -0.268121
705 -0.368248
706 -0.056554
707 1.512183
708 0.512894
709 -0.211184
710 0.092655
711 0.191259
712 1.144667
713 0.425422
714 -0.027590
715 -0.053760
716 0.091344
717 -0.099894
718 0.161925
719 -0.036743
720 0.092287
721 0.128040
722 -0.037980
723 0.318105
724 0.356873
725 -0.404348
726 0.170875
727 0.070791
728 0.102977
729 0.244840
730 -0.078519
731 0.005843
732 0.318911
733 0.280915
734 0.773953
735 0.132751
736 0.313710
737 0.212709
738 -0.388419
739 -0.131337
740 0.031544
741 0.005459
742 0.258688
743 0.145442
744 0.157221
745 0.491240
746 -0.129240
747 0.013520
748 -0.321021
749 0.183478
750 -0.213530
751 -0.041525
752 0.282970
753 0.513266
754 -0.243510
755 -0.329860
756 0.134951
757 0.724907
758 0.311239
759 0.576955
760 0.011032
761 0.091513
762 -0.068822
763 0.407675
764 -0.080663
765 0.773417
766 -0.079818
767 0.198195
768 0.159408
769 -0.567358
770 0.054463
771 -0.177862
772 0.151189
773 0.409168
774 0.325150
775 0.171708
776 0.875405
777 -0.045723
778 -0.093231
779 0.172349
780 0.019547
781 1.019322
782 0.773405
783 -0.078283
784 0.094506
785 0.195863
786 0.014756
787 0.304201
788 0.523326
789 0.291368
790 0.598533
791 0.029794
792 0.301592
793 0.116230
794 0.725992
795 -0.296200
796 0.355602
797 0.183835
798 0.099471
799 0.270234
800 0.037304
801 0.278617
802 0.551690
803 -0.081742
804 0.436905
805 0.118938
806 0.192768
807 -0.170477
808 0.202653
809 0.236150
810 -0.032190
811 0.086947
812 0.276246
813 0.062726
814 0.035521
815 0.315698
816 0.167767
817 0.436403
818 0.069357
819 0.186195
820 0.173712
821 -0.317224
822 0.083159
823 -0.102668
824 -0.027929
825 0.361680
826 0.270357
827 0.301021
828 0.087166
829 0.597465
830 0.137537
831 0.636864
832 0.375435
833 0.058760
834 0.112204
835 0.119891
836 -0.159485
837 -0.006812
838 0.142277
839 0.289685
840 0.226817
841 0.023206
842 -0.071085
843 0.496294
844 0.398004
845 -0.205684
846 0.350359
847 -0.065720
848 0.208393
849 0.276614
850 0.043029
851 0.042906
852 1.740006
853 0.194447
854 0.125602
855 0.346926
856 -0.095442
857 0.357234
858 0.536800
859 0.215024
860 0.101763
861 0.327699
862 0.030069
863 0.238264
864 0.108707
865 -0.108994
866 0.335835
867 0.186705
868 0.346761
869 -0.126047
870 -0.368293
871 0.207840
872 -0.240980
873 -0.048458
874 0.495996
875 -0.139917
876 0.111750
877 -0.082596
878 -0.123165
879 -0.095408
880 -0.226137
881 -0.021161
882 0.316088
883 -0.066488
884 0.301198
885 0.327928
886 0.192862
887 0.276633
888 -0.083094
889 -0.077524
890 0.438581
891 1.175837
892 0.116062
893 -0.099729
894 0.084531
895 0.218196
896 0.006447
897 0.413925
898 0.042928
899 -0.113391
900 0.332052
901 -0.224386
902 -0.107905
903 0.007161
904 -0.009192
905 -0.039811
906 -0.009425
907 -0.038918
908 0.104794
909 -0.279397
910 0.220165
911 0.082392
912 0.203892
913 -0.197116
914 -0.109999
915 -0.091169
916 0.023145
917 -0.135813
918 0.045011
919 0.360828
920 -0.415482
921 0.019646
922 0.300286
923 -0.153195
924 0.297513
925 0.431404
926 0.210535
927 0.025930
928 0.104443
929 0.161000
930 -0.295599
931 -0.128173
932 0.060937
933 0.064680
934 0.305982
935 0.288691
936 0.047084
937 -0.280617
938 -0.235304
939 -0.006749
940 0.221010
941 0.021497
942 -0.201585
943 -0.241560
944 0.411182
945 0.326526
946 0.207088
947 0.224215
948 1.072679
949 0.499604
950 -0.050414
951 0.096219
952 0.369710
953 0.297851
954 0.271215
955 0.465885
956 0.392611
957 -0.146346
958 0.039770
959 0.153720
960 -0.099146
961 0.043840
962 0.176374
963 0.558378
964 0.403191
965 0.243926
966 0.236360
967 -0.563277
968 0.349374
969 -0.032413
970 0.227082
971 -0.096502
972 0.079386
973 0.213148
974 0.041349
975 0.026280
976 0.331943
977 0.451986
978 1.150199
979 -0.082483
980 0.039594
981 0.463315
982 0.509685
983 -0.237297
984 0.459175
985 -0.009688
986 -0.018370
987 -0.161800
988 0.336729
989 -0.024594
990 -0.308820
991 0.254477
992 0.071274
993 0.662333
994 0.181113
995 -0.235289
996 -0.272126
997 0.076500
998 0.033305
999 -0.030031
1000 0.019025
1001 0.206266
1002 -0.212342
1003 0.037590
1004 0.279375
1005 0.417500
1006 0.589497
1007 -0.097446
1008 0.400296
1009 -0.080024
1010 0.014676
1011 -0.145860
1012 0.068518
1013 -0.180703
1014 0.158083
1015 0.329677
1016 0.310171
1017 0.134798
1018 0.417152
1019 0.540888
1020 -0.087397
1021 0.266542
1022 -0.207346
1023 0.961268
1024 0.343563
1025 -0.064283
1026 -0.173304
1027 0.306752
1028 -0.121526
1029 -0.131799
1030 0.247059
1031 -0.026479
1032 0.285615
1033 0.090817
1034 -0.137869
1035 -0.187663
1036 -0.112426
1037 0.321989
1038 0.374952
1039 0.391215
1040 -0.216117
1041 -0.065238
1042 -0.100524
1043 0.250030
1044 0.231702
1045 0.494401
1046 0.414643
1047 0.065885
1048 0.158540
1049 0.256604
1050 0.061028
1051 0.041932
1052 -0.201258
1053 0.388069
1054 0.499943
1055 0.321076
1056 0.246510
1057 0.295605
1058 0.080441
1059 0.458580
1060 -0.055498
1061 0.249751
1062 0.020239
1063 0.117279
1064 0.376120
1065 0.797409
1066 0.220414
1067 0.197505
1068 -0.075611
1069 -0.303431
1070 0.198587
1071 0.201850
1072 -0.038518
1073 0.559550
1074 0.478366
1075 0.166088
1076 0.205605
1077 0.000901
1078 -0.016820
1079 0.154683
1080 0.067802
1081 0.169326
1082 0.211129
1083 -0.074815
1084 0.376099
1085 -0.217323
1086 0.286694
1087 -0.240184
1088 -0.218071
1089 -0.146732
1090 0.142922
1091 0.289258
1092 0.191551
1093 0.393283
1094 0.252802
1095 0.336217
1096 -0.093398
1097 -0.082789
1098 0.723194
1099 0.285103
1100 -0.029000
1101 0.449564
1102 0.201248
1103 0.461606
1104 0.106396
1105 0.173266
1106 0.181169
1107 0.088400
1108 0.120227
1109 -0.310230
1110 -0.083832
1111 0.038544
1112 0.589164
1113 0.399461
1114 0.009054
1115 0.909938
1116 0.698826
1117 0.134003
1118 0.261363
1119 0.308718
1120 -0.024721
1121 -0.060492
1122 0.164891
1123 0.260447
1124 -0.229751
1125 0.075132
1126 0.400055
1127 0.016624
1128 0.300695
1129 -0.542343
1130 0.171230
1131 0.125602
1132 0.319259
1133 0.269626
1134 0.105083
1135 0.226966
1136 0.240449
1137 -0.223374
1138 0.213530
1139 -0.194205
1140 0.483634
1141 0.027813
1142 0.030986
1143 0.005425
1144 -0.216253
1145 0.156368
1146 0.007632
1147 0.350765
1148 -0.052992
1149 0.097011
1150 0.103656
1151 0.201976
1152 0.125644
1153 0.029394
1154 -0.162355
1155 0.693512
1156 0.037692
1157 0.591874
1158 0.310636
1159 0.304606
1160 0.095872
1161 -0.313928
1162 -0.300507
1163 0.267223
1164 -0.076651
1165 -0.220471
1166 -0.195129
1167 -0.122266
1168 0.257726
1169 -0.365562
1170 0.252209
1171 0.008171
1172 0.337645
1173 -0.232762
1174 -0.318546
1175 -0.008094
1176 0.882248
1177 -0.060530
1178 0.122455
1179 -0.055466
1180 0.127341
1181 0.261708
1182 -0.060946
1183 -0.374866
1184 -0.130480
1185 0.438058
1186 -0.026515
1187 -0.086813
1188 0.430945
1189 0.098131
1190 -0.046682
1191 0.225990
1192 0.468011
1193 0.171279
1194 0.186668
1195 0.085957
1196 0.178877
1197 0.224080
1198 -0.196374
1199 0.429791
1200 0.307064
1201 -0.012976
1202 0.064097
1203 0.108874
1204 0.237829
1205 -0.208718
1206 0.781687
1207 0.513079
1208 -0.075432
1209 0.042810
1210 0.229447
1211 -0.086747
1212 0.120666
1213 -0.006420
1214 0.410876
1215 -0.081836
0 0.022568
1 -0.533241
2 -0.226448
3 0.092719
4 -0.010647
5 -0.192104
6 0.118765
7 0.007800
8 0.327927
9 0.172502
10 0.255153
11 -0.098750
12 0.297527
13 0.303354
14 0.064399
15 -0.091895
16 -0.029036
17 0.241872
18 -0.642472
19 -0.153268
20 0.152221
21 0.053113
22 0.116689
23 -0.194070
24 0.404757
25 0.531400
26 0.161593
27 0.556309
28 0.156649
29 -0.053153
30 -0.114746
31 0.602034
32 0.365749
33 0.668414
34 0.531782
35 0.226281
36 0.350847
37 0.351867
38 0.081956
39 0.245242
40 0.245872
41 -0.208162
42 0.081795
43 -0.069049
44 0.531745
45 -0.098264
46 0.223420
47 0.416035
48 0.356343
49 -0.194280
50 0.102558
51 0.228054
52 0.264839
53 -0.102090
54 -0.191995
55 0.224246
56 -0.100835
57 0.107884
58 -0.165726
59 0.165257
60 0.118493
61 0.100022
62 0.141804
63 0.375451
64 0.438801
65 0.257841
66 0.103337
67 -0.485520
68 -0.118304
69 0.038454
70 0.063536
71 0.033377
72 -0.336124
73 0.328493
74 -0.213437
75 0.398157
76 -0.322574
77 -0.125522
78 -0.181798
79 -0.299657
80 0.243845
81 0.380044
82 0.090327
83 0.073336
84 -0.188353
85 0.233805
86 0.464709
87 0.100564
88 -0.235870
89 0.251631
90 -0.209927
91 0.039947
92 0.261510
93 -0.302838
94 0.404246
95 -0.338733
96 0.237466
97 -0.077851
98 0.343888
99 0.324212
100 0.787016
101 0.203368
102 -0.091327
103 -0.380589
104 -0.026284
105 -0.020399
106 0.404388
107 0.191121
108 0.185696
109 0.904306
110 -0.007475
111 0.008228
112 0.145310
113 0.198952
114 0.223772
115 0.209586
116 -0.234576
117 -0.292786
118 -0.261601
119 0.186253
120 0.057467
121 0.391126
122 0.123751
123 0.319749
124 0.096112
125 0.273038
126 -0.015609
127 0.086305
128 -0.179807
129 0.284468
130 0.518047
131 -0.255762
132 -0.111383
133 0.297023
134 0.259727
135 -0.091966
136 0.325294
137 0.515440
138 0.240035
139 0.332317
140 0.082351
141 0.228496
142 0.292854
143 0.032979
144 0.233338
145 0.019963
146 0.287296
147 0.276115
148 -0.004614
149 -0.184782
150 -0.007517
151 -0.258451
152 0.081229
153 -0.176361
154 -0.362086
155 -0.350356
156 0.213441
157 0.332031
158 0.094672
159 0.001492
160 0.380856
161 0.071665
162 0.015296
163 -0.063648
164 0.068239
165 0.391019
166 0.182517
167 -0.220079
168 -0.135700
169 0.433631
170 0.252594
171 0.040685
172 0.071752
173 0.124539
174 0.132963
175 -0.136421
176 -0.066866
177 -0.092754
178 0.086698
179 -0.004126
180 -0.044382
181 -0.044979
182 -0.251874
183 -0.027882
184 0.029896
185 0.520466
186 0.188294
187 -0.263171
188 0.118614
189 -0.206611
190 0.069339
191 0.004718
192 -0.216480
193 0.182205
194 0.485072
195 0.146840
196 0.083207
197 0.236393
198 -0.212684
199 1.356228
200 0.625761
201 0.869521
202 0.055253
203 -0.118478
204 0.252862
205 -0.056208
206 0.902547
207 0.218130
208 0.105628
209 0.689390
210 0.396875
211 0.005344
212 -0.011180
213 0.097751
214 0.353028
215 0.335213
216 0.463801
217 0.518805
218 0.371089
219 0.371513
220 0.370868
221 0.275284
222 0.487357
223 0.715706
224 0.027236
225 0.130192
226 0.227804
227 1.181827
228 0.277719
229 0.154463
230 -0.116140
231 0.069265
232 0.061142
233 0.160488
234 0.083925
235 0.149697
236 0.050940
237 0.255245
238 0.102586
239 0.047950
240 0.067299
241 0.065837
242 0.170620
243 0.059588
244 0.008776
245 0.048830
246 0.775755
247 0.096270
248 -0.030130
249 0.052859
250 -0.039222
251 0.197343
252 -0.053035
253 -0.017055
254 0.336560
255 0.340805
256 0.215851
257 0.200966
258 0.191204
259 0.249902
260 0.118132
261 0.056451
262 0.051985
263 0.226907
264 -0.098735
265 0.155265
266 0.156010
267 1.151239
268 1.130133
269 0.068852
270 0.042054
271 -0.053529
272 0.052146
273 0.331750
274 0.167122
275 0.126168
276 0.644441
277 0.139707
278 0.017809
279 -0.059470
280 0.415835
281 0.333852
282 0.038689
283 0.007031
284 0.094337
285 0.328855
286 -0.134856
287 -0.171513
288 0.121939
289 0.263151
290 0.226207
291 0.133809
292 0.042716
293 0.245745
294 0.520613
295 0.089431
296 -0.020888
297 -0.017138
298 0.065858
299 0.046064
300 -0.015149
301 0.174212
302 0.070821
303 -0.071834
304 0.002347
305 0.160764
306 0.035101
307 0.180249
308 0.028915
309 0.143606
310 0.028772
311 0.069355
312 0.041905
313 0.851121
314 0.200484
315 0.028358
316 0.059279
317 0.043805
318 0.394270
319 0.073053
320 0.093692
321 0.165443
322 0.137094
323 -0.185127
324 -0.102915
325 0.126504
326 -0.009126
327 0.090820
328 -0.158550
329 -0.158134
330 0.051320
331 0.469545
332 0.268010
333 0.060589
334 0.135250
335 0.039317
336 -0.328138
337 0.004895
338 0.147796
339 0.260269
340 -0.185231
341 -0.007035
342 0.031966
343 0.263168
344 -0.072864
345 0.029497
346 0.085843
347 0.832527
348 -0.135781
349 -0.323806
350 0.073799
351 0.296255
352 0.238959
353 0.019329
354 0.034744
355 0.370682
356 0.208852
357 0.260492
358 0.034351
359 0.410958
360 0.645192
361 0.054340
362 -0.032613
363 0.225271
364 -0.398310
365 0.138730
366 -0.038846
367 -0.018557
368 -0.372653
369 0.075790
370 0.048455
371 -0.062264
372 1.139295
373 0.230436
374 0.094622
375 0.007106
376 -0.412147
377 0.268094
378 0.177895
379 0.010574
380 0.698387
381 0.285368
382 0.593490
383 0.020030
384 0.073075
385 0.064879
386 0.057275
387 0.028387
388 0.066559
389 0.284889
390 0.498275
391 0.004658
392 0.058714
393 0.157873
394 1.060619
395 -0.012507
396 -0.029755
397 0.098583
398 0.114955
399 0.003619
400 0.096828
401 0.005638
402 -0.155810
403 -0.071635
404 0.329820
405 0.088284
406 0.099411
407 -0.336829
408 0.081824
409 0.147435
410 0.148952
411 0.114764
412 -0.060705
413 -0.020696
414 0.056474
415 -0.057637
416 -0.085696
417 0.077165
418 0.179646
419 0.018722
420 0.021946
421 -0.065861
422 0.235897
423 0.086837
424 0.509040
425 0.222623
426 1.217278
427 0.168755
428 0.406523
429 -0.424076
430 0.036774
431 0.324158
432 0.113780
433 0.382711
434 0.102355
435 0.580743
436 0.221584
437 0.223485
438 0.606989
439 0.380007
440 0.337242
441 0.279523
442 0.734417
443 -0.109600
444 0.159961
445 0.422322
446 0.532863
447 0.651519
448 0.217429
449 0.310032
450 0.139964
451 -0.001607
452 0.023426
453 -0.002850
454 0.115257
455 0.521194
456 0.483046
457 -0.201779
458 0.185681
459 0.112035
460 0.101089
461 -0.059360
462 -0.142999
463 -0.055798
464 0.062399
465 0.349098
466 -0.042287
467 0.340260
468 0.258568
469 0.516156
470 0.111245
471 0.118505
472 0.374550
473 0.090601
474 0.629013
475 0.189328
476 -0.084071
477 0.202181
478 0.810105
479 0.465650
480 0.172995
481 0.373105
482 0.142624
483 0.331042
484 0.685844
485 1.106608
486 0.000511
487 0.151244
488 -0.048965
489 0.132707
490 0.287659
491 -0.405598
492 0.419372
493 0.063546
494 0.365298
495 0.304511
496 -0.200517
497 0.023010
498 0.004404
499 0.564343
500 0.705710
501 0.327026
502 0.010185
503 0.301116
504 0.134775
505 0.847228
506 0.267720
507 -0.100085
508 0.022778
509 -0.125092
510 0.605823
511 0.455843
512 0.136555
513 -0.033594
514 0.023516
515 -0.503947
516 0.029922
517 -0.016848
518 0.747389
519 0.307065
520 0.045248
521 0.129766
522 0.247204
523 -0.079637
524 -0.063275
525 0.271940
526 -0.157037
527 0.051161
528 0.062543
529 -0.410538
530 0.186148
531 0.058350
532 -0.055168
533 0.835118
534 1.229144
535 -0.186805
536 -0.052147
537 0.356503
538 0.178077
539 0.595933
540 2.113381
541 -0.077173
542 0.183844
543 -0.078253
544 -0.001410
545 -0.288676
546 -0.132315
547 -0.150907
548 -0.067771
549 0.166261
550 0.089351
551 -0.079856
552 0.502983
553 0.183404
554 -0.100089
555 -0.007606
556 -0.024716
557 -0.065480
558 -0.153770
559 0.182154
560 0.135729
561 0.130712
562 -0.084079
563 -0.032195
564 0.060234
565 -0.024490
566 -0.087995
567 0.097127
568 -0.138510
569 -0.102377
570 0.024106
571 -0.138682
572 -0.170017
573 -0.077751
574 -0.013371
575 -0.164298
576 -0.871331
577 0.077715
578 -0.125071
579 -0.085468
580 0.015653
581 -0.183219
582 0.104599
583 0.208664
584 -0.055749
585 -0.011111
586 0.018052
587 0.152325
588 -0.034424
589 -0.086421
590 -0.022956
591 0.052746
592 -0.009796
593 -0.043622
594 0.041688
595 -0.235671
596 0.184019
597 0.036107
598 -0.119155
599 -0.741275
600 0.110160
601 -0.106358
602 -0.099304
603 0.072156
604 -0.284279
605 0.069390
606 0.039584
607 -0.046066
608 -0.039851
609 -0.138761
610 -0.048129
611 -0.239633
612 0.324882
613 0.044980
614 0.012012
615 -0.002804
616 0.142068
617 -0.022335
618 -0.140493
619 0.002674
620 -0.136111
621 0.104432
622 -0.060955
623 -0.057472
624 0.030079
625 -0.090818
626 -0.062705
627 0.186084
628 -0.018341
629 0.249491
630 -0.010819
631 -0.011559
632 0.026132
633 -0.016440
634 -0.082005
635 0.040024
636 -0.040814
637 0.044552
638 -0.063773
639 -0.039306
640 0.249874
641 0.039022
642 -0.261000
643 0.102426
644 -0.169228
645 -0.163811
646 -0.045332
647 0.215104
648 -0.038164
649 0.409307
650 -0.076471
651 -0.004659
652 0.603508
653 -0.134087
654 0.089143
655 0.217952
656 -0.035659
657 -0.190727
658 0.171241
659 0.246374
660 -0.155842
661 0.143854
662 -0.167973
663 0.019623
664 0.188521
665 0.093424
666 -0.025594
667 0.003227
668 0.406681
669 -0.219136
670 0.130346
671 0.302195
672 0.086959
673 -0.078750
674 0.128853
675 0.224959
676 0.168909
677 0.009394
678 0.099372
679 0.801677
680 0.052706
681 0.061532
682 0.215001
683 -0.515636
684 -0.022582
685 0.391250
686 0.225253
687 -0.169471
688 -0.330814
689 -0.160378
690 0.126525
691 0.522426
692 0.149630
693 0.100991
694 -0.102939
695 0.045802
696 0.463217
697 0.197386
698 -0.096236
699 -0.025811
700 -0.035666
701 0.047574
702 0.221047
703 -0.088157
704 -0.268121
705 -0.368248
706 -0.056554
707 1.512183
708 0.512894
709 -0.211184
710 0.092655
711 0.191259
712 1.144667
713 0.425422
714 -0.027590
715 -0.053760
716 0.091344
717 -0.099894
718 0.161925
719 -0.036743
720 0.092287
721 0.128040
722 -0.037980
723 0.318105
724 0.356873
725 -0.404348
726 0.170875
727 0.070791
728 0.102977
729 0.244840
730 -0.078519
731 0.005843
732 0.318911
733 0.280915
734 0.773953
735 0.132751
736 0.313710
737 0.212709
738 -0.388419
739 -0.131337
740 0.031544
741 0.005459
742 0.258688
743 0.145442
744 0.157221
745 0.491240
746 -0.129240
747 0.013520
748 -0.321021
749 0.183478
750 -0.213530
751 -0.041525
752 0.282970
753 0.513266
754 -0.243510
755 -0.329860
756 0.134951
757 0.724907
758 0.311239
759 0.576955
760 0.011032
761 0.091513
762 -0.068822
763 0.407675
764 -0.080663
765 0.773417
766 -0.079818
767 0.198195
768 0.159408
769 -0.567358
770 0.054463
771 -0.177862
772 0.151189
773 0.409168
774 0.325150
775 0.171708
776 0.875405
777 -0.045723
778 -0.093231
779 0.172349
780 0.019547
781 1.019322
782 0.773405
783 -0.078283
784 0.094506
785 0.195863
786 0.014756
787 0.304201
788 0.523326
789 0.291368
790 0.598533
791 0.029794
792 0.301592
793 0.116230
794 0.725992
795 -0.296200
796 0.355602
797 0.183835
798 0.099471
799 0.270234
800 0.037304
801 0.278617
802 0.551690
803 -0.081742
804 0.436905
805 0.118938
806 0.192768
807 -0.170477
808 0.202653
809 0.236150
810 -0.032190
811 0.086947
812 0.276246
813 0.062726
814 0.035521
815 0.315698
816 0.167767
817 0.436403
818 0.069357
819 0.186195
820 0.173712
821 -0.317224
822 0.083159
823 -0.102668
824 -0.027929
825 0.361680
826 0.270357
827 0.301021
828 0.087166
829 0.597465
830 0.137537
831 0.636864
832 0.375435
833 0.058760
834 0.112204
835 0.119891
836 -0.159485
837 -0.006812
838 0.142277
839 0.289685
840 0.226817
841 0.023206
842 -0.071085
843 0.496294
844 0.398004
845 -0.205684
846 0.350359
847 -0.065720
848 0.208393
849 0.276614
850 0.043029
851 0.042906
852 1.740006
853 0.194447
854 0.125602
855 0.346926
856 -0.095442
857 0.357234
858 0.536800
859 0.215024
860 0.101763
861 0.327699
862 0.030069
863 0.238264
864 0.108707
865 -0.108994
866 0.335835
867 0.186705
868 0.346761
869 -0.126047
870 -0.368293
871 0.207840
872 -0.240980
873 -0.048458
874 0.495996
875 -0.139917
876 0.111750
877 -0.082596
878 -0.123165
879 -0.095408
880 -0.226137
881 -0.021161
882 0.316088
883 -0.066488
884 0.301198
885 0.327928
886 0.192862
887 0.276633
888 -0.083094
889 -0.077524
890 0.438581
891 1.175837
892 0.116062
893 -0.099729
894 0.084531
895 0.218196
896 0.006447
897 0.413925
898 0.042928
899 -0.113391
900 0.332052
901 -0.224386
902 -0.107905
903 0.007161
904 -0.009192
905 -0.039811
906 -0.009425
907 -0.038918
908 0.104794
909 -0.279397
910 0.220165
911 0.082392
912 0.203892
913 -0.197116
914 -0.109999
915 -0.091169
916 0.023145
917 -0.135813
918 0.045011
919 0.360828
920 -0.415482
921 0.019646
922 0.300286
923 -0.153195
924 0.297513
925 0.431404
926 0.210535
927 0.025930
928 0.104443
929 0.161000
930 -0.295599
931 -0.128173
932 0.060937
933 0.064680
934 0.305982
935 0.288691
936 0.047084
937 -0.280617
938 -0.235304
939 -0.006749
940 0.221010
941 0.021497
942 -0.201585
943 -0.241560
944 0.411182
945 0.326526
946 0.207088
947 0.224215
948 1.072679
949 0.499604
950 -0.050414
951 0.096219
952 0.369710
953 0.297851
954 0.271215
955 0.465885
956 0.392611
957 -0.146346
958 0.039770
959 0.153720
960 -0.099146
961 0.043840
962 0.176374
963 0.558378
964 0.403191
965 0.243926
966 0.236360
967 -0.563277
968 0.349374
969 -0.032413
970 0.227082
971 -0.096502
972 0.079386
973 0.213148
974 0.041349
975 0.026280
976 0.331943
977 0.451986
978 1.150199
979 -0.082483
980 0.039594
981 0.463315
982 0.509685
983 -0.237297
984 0.459175
985 -0.009688
986 -0.018370
987 -0.161800
988 0.336729
989 -0.024594
990 -0.308820
991 0.254477
992 0.071274
993 0.662333
994 0.181113
995 -0.235289
996 -0.272126
997 0.076500
998 0.033305
999 -0.030031
1000 0.019025
1001 0.206266
1002 -0.212342
1003 0.037590
1004 0.279375
1005 0.417500
1006 0.589497
1007 -0.097446
1008 0.400296
1009 -0.080024
1010 0.014676
1011 -0.145860
1012 0.068518
1013 -0.180703
1014 0.158083
1015 0.329677
1016 0.310171
1017 0.134798
1018 0.417152
1019 0.540888
1020 -0.087397
1021 0.266542
1022 -0.207346
1023 0.961268
1024 0.343563
1025 -0.064283
1026 -0.173304
1027 0.306752
1028 -0.121526
1029 -0.131799
1030 0.247059
1031 -0.026479
1032 0.285615
1033 0.090817
1034 -0.137869
1035 -0.187663
1036 -0.112426
1037 0.321989
1038 0.374952
1039 0.391215
1040 -0.216117
1041 -0.065238
1042 -0.100524
1043 0.250030
1044 0.231702
1045 0.494401
1046 0.414643
1047 0.065885
1048 0.158540
1049 0.256604
1050 0.061028
1051 0.041932
1052 -0.201258
1053 0.388069
1054 0.499943
1055 0.321076
1056 0.246510
1057 0.295605
1058 0.080441
1059 0.458580
1060 -0.055498
1061 0.249751
1062 0.020239
1063 0.117279
1064 0.376120
1065 0.797409
1066 0.220414
1067 0.197505
1068 -0.075611
1069 -0.303431
1070 0.198587
1071 0.201850
1072 -0.038518
1073 0.559550
1074 0.478366
1075 0.166088
1076 0.205605
1077 0.000901
1078 -0.016820
1079 0.154683
1080 0.067802
1081 0.169326
1082 0.211129
1083 -0.074815
1084 0.376099
1085 -0.217323
1086 0.286694
1087 -0.240184
1088 -0.218071
1089 -0.146732
1090 0.142922
1091 0.289258
1092 0.191551
1093 0.393283
1094 0.252802
1095 0.336217
1096 -0.093398
1097 -0.082789
1098 0.723194
1099 0.285103
1100 -0.029000
1101 0.449564
1102 0.201248
1103 0.461606
1104 0.106396
1105 0.173266
1106 0.181169
1107 0.088400
1108 0.120227
1109 -0.310230
1110 -0.083832
1111 0.038544
1112 0.589164
1113 0.399461
1114 0.009054
1115 0.909938
1116 0.698826
1117 0.134003
1118 0.261363
1119 0.308718
1120 -0.024721
1121 -0.060492
1122 0.164891
1123 0.260447
1124 -0.229751
1125 0.075132
1126 0.400055
1127 0.016624
1128 0.300695
1129 -0.542343
1130 0.171230
1131 0.125602
1132 0.319259
1133 0.269626
1134 0.105083
1135 0.226966
1136 0.240449
1137 -0.223374
1138 0.213530
1139 -0.194205
1140 0.483634
1141 0.027813
1142 0.030986
1143 0.005425
1144 -0.216253
1145 0.156368
1146 0.007632
1147 0.350765
1148 -0.052992
1149 0.097011
1150 0.103656
1151 0.201976
1152 0.125644
1153 0.029394
1154 -0.162355
1155 0.693512
1156 0.037692
1157 0.591874
1158 0.310636
1159 0.304606
1160 0.095872
1161 -0.313928
1162 -0.300507
1163 0.267223
1164 -0.076651
1165 -0.220471
1166 -0.195129
1167 -0.122266
1168 0.257726
1169 -0.365562
1170 0.252209
1171 0.008171
1172 0.337645
1173 -0.232762
1174 -0.318546
1175 -0.008094
1176 0.882248
1177 -0.060530
1178 0.122455
1179 -0.055466
1180 0.127341
1181 0.261708
1182 -0.060946
1183 -0.374866
1184 -0.130480
1185 0.438058
1186 -0.026515
1187 -0.086813
1188 0.430945
1189 0.098131
1190 -0.046682
1191 0.225990
1192 0.468011
1193 0.171279
1194 0.186668
1195 0.085957
1196 0.178877
1197 0.224080
1198 -0.196374
1199 0.429791
1200 0.307064
1201 -0.012976
1202 0.064097
1203 0.108874
1204 0.237829
1205 -0.208718
1206 0.781687
1207 0.513079
1208 -0.075432
1209 0.042810
1210 0.229447
1211 -0.086747
1212 0.120666
1213 -0.006420
1214 0.410876
1215 -0.081836
0 0.022568
1 -0.533241
2 -0.226448
3 0.092719
4 -0.010647
5 -0.192104
6 0.118765
7 0.007800
8 0.327927
9 0.172502
10 0.255153
11 -0.098750
12 0.297527
13 0.303354
14 0.064399
15 -0.091895
16 -0.029036
17 0.241872
18 -0.642472
19 -0.153268
20 0.152221
21 0.053113
22 0.116689
23 -0.194070
24 0.404757
25 0.531400
26 0.161593
27 0.556309
28 0.156649
29 -0.053153
30 -0.114746
31 0.602034
32 0.365749
33 0.668414
34 0.531782
35 0.226281
36 0.350847
37 0.351867
38 0.081956
39 0.245242
40 0.245872
41 -0.208162
42 0.081795
43 -0.069049
44 0.531745
45 -0.098264
46 0.223420
47 0.416035
48 0.356343
49 -0.194280
50 0.102558
51 0.228054
52 0.264839
53 -0.102090
54 -0.191995
55 0.224246
56 -0.100835
57 0.107884
58 -0.165726
59 0.165257
60 0.118493
61 0.100022
62 0.141804
63 0.375451
64 0.438801
65 0.257841
66 0.103337
67 -0.485520
68 -0.118304
69 0.038454
70 0.063536
71 0.033377
72 -0.336124
73 0.328493
74 -0.213437
75 0.398157
76 -0.322574
77 -0.125522
78 -0.181798
79 -0.299657
80 0.243845
81 0.380044
82 0.090327
83 0.073336
84 -0.188353
85 0.233805
86 0.464709
87 0.100564
88 -0.235870
89 0.251631
90 -0.209927
91 0.039947
92 0.261510
93 -0.302838
94 0.404246
95 -0.338733
96 0.237466
97 -0.077851
98 0.343888
99 0.324212
100 0.787016
101 0.203368
102 -0.091327
103 -0.380589
104 -0.026284
105 -0.020399
106 0.404388
107 0.191121
108 0.185696
109 0.904306
110 -0.007475
111 0.008228
112 0.145310
113 0.198952
114 0.223772
115 0.209586
116 -0.234576
117 -0.292786
118 -0.261601
119 0.186253
120 0.057467
121 0.391126
122 0.123751
123 0.319749
124 0.096112
125 0.273038
126 -0.015609
127 0.086305
128 -0.179807
129 0.284468
130 0.518047
131 -0.255762
132 -0.111383
133 0.297023
134 0.259727
135 -0.091966
136 0.325294
137 0.515440
138 0.240035
139 0.332317
140 0.082351
141 0.228496
142 0.292854
143 0.032979
144 0.233338
145 0.019963
146 0.287296
147 0.276115
148 -0.004614
149 -0.184782
150 -0.007517
151 -0.258451
152 0.081229
153 -0.176361
154 -0.362086
155 -0.350356
156 0.213441
157 0.332031
158 0.094672
159 0.001492
160 0.380856
161 0.071665
162 0.015296
163 -0.063648
164 0.068239
165 0.391019
166 0.182517
167 -0.220079
168 -0.135700
169 0.433631
170 0.252594
171 0.040685
172 0.071752
173 0.124539
174 0.132963
175 -0.136421
176 -0.066866
177 -0.092754
178 0.086698
179 -0.004126
180 -0.044382
181 -0.044979
182 -0.251874
183 -0.027882
184 0.029896
185 0.520466
186 0.188294
187 -0.263171
188 0.118614
189 -0.206611
190 0.069339
191 0.004718
192 -0.216480
193 0.182205
194 0.485072
195 0.146840
196 0.083207
197 0.236393
198 -0.212684
199 1.356228
200 0.625761
201 0.869521
202 0.055253
203 -0.118478
204 0.252862
205 -0.056208
206 0.902547
207 0.218130
208 0.105628
209 0.689390
210 0.396875
211 0.005344
212 -0.011180
213 0.097751
214 0.353028
215 0.335213
216 0.463801
217 0.518805
218 0.371089
219 0.371513
220 0.370868
221 0.275284
222 0.487357
223 0.715706
224 0.027236
225 0.130192
226 0.227804
227 1.181827
228 0.277719
229 0.154463
230 -0.116140
231 0.069265
232 0.061142
233 0.160488
234 0.083925
235 0.149697
236 0.050940
237 0.255245
238 0.102586
239 0.047950
240 0.067299
241 0.065837
242 0.170620
243 0.059588
244 0.008776
245 0.048830
246 0.775755
247 0.096270
248 -0.030130
249 0.052859
250 -0.039222
251 0.197343
252 -0.053035
253 -0.017055
254 0.336560
255 0.340805
256 0.215851
257 0.200966
258 0.191204
259 0.249902
260 0.118132
261 0.056451
262 0.051985
263 0.226907
264 -0.098735
265 0.155265
266 0.156010
267 1.151239
268 1.130133
269 0.068852
270 0.042054
271 -0.053529
272 0.052146
273 0.331750
274 0.167122
275 0.126168
276 0.644441
277 0.139707
278 0.017809
279 -0.059470
280 0.415835
281 0.333852
282 0.038689
283 0.007031
284 0.094337
285 0.328855
286 -0.134856
287 -0.171513
288 0.121939
289 0.263151
290 0.226207
291 0.133809
292 0.042716
293 0.245745
294 0.520613
295 0.089431
296 -0.020888
297 -0.017138
298 0.065858
299 0.046064
300 -0.015149
301 0.174212
302 0.070821
303 -0.071834
304 0.002347
305 0.160764
306 0.035101
307 0.180249
308 0.028915
309 0.143606
310 0.028772
311 0.069355
312 0.041905
313 0.851121
314 0.200484
315 0.028358
316 0.059279
317 0.043805
318 0.394270
319 0.073053
320 0.093692
321 0.165443
322 0.137094
323 -0.185127
324 -0.102915
325 0.126504
326 -0.009126
327 0.090820
328 -0.158550
329 -0.158134
330 0.051320
331 0.469545
332 0.268010
333 0.060589
334 0.135250
335 0.039317
336 -0.328138
337 0.004895
338 0.147796
339 0.260269
340 -0.185231
341 -0.007035
342 0.031966
343 0.263168
344 -0.072864
345 0.029497
346 0.085843
347 0.832527
348 -0.135781
349 -0.323806
350 0.073799
351 0.296255
352 0.238959
353 0.019329
354 0.034744
355 0.370682
356 0.208852
357 0.260492
358 0.034351
359 0.410958
360 0.645192
361 0.054340
362 -0.032613
363 0.225271
364 -0.398310
365 0.138730
366 -0.038846
367 -0.018557
368 -0.372653
369 0.075790
370 0.048455
371 -0.062264
372 1.139295
373 0.230436
374 0.094622
375 0.007106
376 -0.412147
377 0.268094
378 0.177895
379 0.010574
380 0.698387
381 0.285368
382 0.593490
383 0.020030
384 0.073075
385 0.064879
386 0.057275
387 0.028387
388 0.066559
389 0.284889
390 0.498275
391 0.004658
392 0.058714
393 0.157873
394 1.060619
395 -0.012507
396 -0.029755
397 0.098583
398 0.114955
399 0.003619
400 0.096828
401 0.005638
402 -0.155810
403 -0.071635
404 0.329820
405 0.088284
406 0.099411
407 -0.336829
408 0.081824
409 0.147435
410 0.148952
411 0.114764
412 -0.060705
413 -0.020696
414 0.056474
415 -0.057637
416 -0.085696
417 0.077165
418 0.179646
419 0.018722
420 0.021946
421 -0.065861
422 0.235897
423 0.086837
424 0.509040
425 0.222623
426 1.217278
427 0.168755
428 0.406523
429 -0.424076
430 0.036774
431 0.324158
432 0.113780
433 0.382711
434 0.102355
435 0.580743
436 0.221584
437 0.223485
438 0.606989
439 0.380007
440 0.337242
441 0.279523
442 0.734417
443 -0.109600
444 0.159961
445 0.422322
446 0.532863
447 0.651519
448 0.217429
449 0.310032
450 0.139964
451 -0.001607
452 0.023426
453 -0.002850
454 0.115257
455 0.521194
456 0.483046
457 -0.201779
458 0.185681
459 0.112035
460 0.101089
461 -0.059360
462 -0.142999
463 -0.055798
464 0.062399
465 0.349098
466 -0.042287
467 0.340260
468 0.258568
469 0.516156
470 0.111245
471 0.118505
472 0.374550
473 0.090601
474 0.629013
475 0.189328
476 -0.084071
477 0.202181
478 0.810105
479 0.465650
480 0.172995
481 0.373105
482 0.142624
483 0.331042
484 0.685844
485 1.106608
486 0.000511
487 0.151244
488 -0.048965
489 0.132707
490 0.287659
491 -0.405598
492 0.419372
493 0.063546
494 0.365298
495 0.304511
496 -0.200517
497 0.023010
498 0.004404
499 0.564343
500 0.705710
501 0.327026
502 0.010185
503 0.301116
504 0.134775
505 0.847228
506 0.267720
507 -0.100085
508 0.022778
509 -0.125092
510 0.605823
511 0.455843
512 0.136555
513 -0.033594
514 0.023516
515 -0.503947
516 0.029922
517 -0.016848
518 0.747389
519 0.307065
520 0.045248
521 0.129766
522 0.247204
523 -0.079637
524 -0.063275
525 0.271940
526 -0.157037
527 0.051161
528 0.062543
529 -0.410538
530 0.186148
531 0.058350
532 -0.055168
533 0.835118
534 1.229144
535 -0.186805
536 -0.052147
537 0.356503
538 0.178077
539 0.595933
540 2.113381
541 -0.077173
542 0.183844
543 -0.078253
544 -0.001410
545 -0.288676
546 -0.132315
547 -0.150907
548 -0.067771
549 0.166261
550 0.089351
551 -0.079856
552 0.502983
553 0.183404
554 -0.100089
555 -0.007606
556 -0.024716
557 -0.065480
558 -0.153770
559 0.182154
560 0.135729
561 0.130712
562 -0.084079
563 -0.032195
564 0.060234
565 -0.024490
566 -0.087995
567 0.097127
568 -0.138510
569 -0.102377
570 0.024106
571 -0.138682
572 -0.170017
573 -0.077751
574 -0.013371
575 -0.164298
576 -0.871331
577 0.077715
578 -0.125071
579 -0.085468
580 0.015653
581 -0.183219
582 0.104599
583 0.208664
584 -0.055749
585 -0.011111
586 0.018052
587 0.152325
588 -0.034424
589 -0.086421
590 -0.022956
591 0.052746
592 -0.009796
593 -0.043622
594 0.041688
595 -0.235671
596 0.184019
597 0.036107
598 -0.119155
599 -0.741275
600 0.110160
601 -0.106358
602 -0.099304
603 0.072156
604 -0.284279
605 0.069390
606 0.039584
607 -0.046066
608 -0.039851
609 -0.138761
610 -0.048129
611 -0.239633
612 0.324882
613 0.044980
614 0.012012
615 -0.002804
616 0.142068
617 -0.022335
618 -0.140493
619 0.002674
620 -0.136111
621 0.104432
622 -0.060955
623 -0.057472
624 0.030079
625 -0.090818
626 -0.062705
627 0.186084
628 -0.018341
629 0.249491
630 -0.010819
631 -0.011559
632 0.026132
633 -0.016440
634 -0.082005
635 0.040024
636 -0.040814
637 0.044552
638 -0.063773
639 -0.039306
640 0.249874
641 0.039022
642 -0.261000
643 0.102426
644 -0.169228
645 -0.163811
646 -0.045332
647 0.215104
648 -0.038164
649 0.409307
650 -0.076471
651 -0.004659
652 0.603508
653 -0.134087
654 0.089143
655 0.217952
656 -0.035659
657 -0.190727
658 0.171241
659 0.246374
660 -0.155842
661 0.143854
662 -0.167973
663 0.019623
664 0.188521
665 0.093424
666 -0.025594
667 0.003227
668 0.406681
669 -0.219136
670 0.130346
671 0.302195
672 0.086959
673 -0.078750
674 0.128853
675 0.224959
676 0.168909
677 0.009394
678 0.099372
679 0.801677
680 0.052706
681 0.061532
682 0.215001
683 -0.515636
684 -0.022582
685 0.391250
686 0.225253
687 -0.169471
688 -0.330814
689 -0.160378
690 0.126525
691 0.522426
692 0.149630
693 0.100991
694 -0.102939
695 0.045802
696 0.463217
697 0.197386
698 -0.096236
699 -0.025811
700 -0.035666
701 0.047574
702 0.221047
703 -0.088157
704 -0.268121
705 -0.368248
706 -0.056554
707 1.512183
708 0.512894
709 -0.211184
710 0.092655
711 0.191259
712 1.144667
713 0.425422
714 -0.027590
715 -0.053760
716 0.091344
717 -0.099894
718 0.161925
719 -0.036743
720 0.092287
721 0.128040
722 -0.037980
723 0.318105
724 0.356873
725 -0.404348
726 0.170875
727 0.070791
728 0.102977
729 0.244840
730 -0.078519
731 0.005843
732 0.318911
733 0.280915
734 0.773953
735 0.132751
736 0.313710
737 0.212709
738 -0.388419
739 -0.131337
740 0.031544
741 0.005459
742 0.258688
743 0.145442
744 0.157221
745 0.491240
746 -0.129240
747 0.013520
748 -0.321021
749 0.183478
750 -0.213530
751 -0.041525
752 0.282970
753 0.513266
754 -0.243510
755 -0.329860
756 0.134951
757 0.724907
758 0.311239
759 0.576955
760 0.011032
761 0.091513
762 -0.068822
763 0.407675
764 -0.080663
765 0.773417
766 -0.079818
767 0.198195
768 0.159408
769 -0.567358
770 0.054463
771 -0.177862
772 0.151189
773 0.409168
774 0.325150
775 0.171708
776 0.875405
777 -0.045723
778 -0.093231
779 0.172349
780 0.019547
781 1.019322
782 0.773405
783 -0.078283
784 0.094506
785 0.195863
786 0.014756
787 0.304201
788 0.523326
789 0.291368
790 0.598533
791 0.029794
792 0.301592
793 0.116230
794 0.725992
795 -0.296200
796 0.355602
797 0.183835
798 0.099471
799 0.270234
800 0.037304
801 0.278617
802 0.551690
803 -0.081742
804 0.436905
805 0.118938
806 0.192768
807 -0.170477
808 0.202653
809 0.236150
810 -0.032190
811 0.086947
812 0.276246
813 0.062726
814 0.035521
815 0.315698
816 0.167767
817 0.436403
818 0.069357
819 0.186195
820 0.173712
821 -0.317224
822 0.083159
823 -0.102668
824 -0.027929
825 0.361680
826 0.270357
827 0.301021
828 0.087166
829 0.597465
830 0.137537
831 0.636864
832 0.375435
833 0.058760
834 0.112204
835 0.119891
836 -0.159485
837 -0.006812
838 0.142277
839 0.289685
840 0.226817
841 0.023206
842 -0.071085
843 0.496294
844 0.398004
845 -0.205684
846 0.350359
847 -0.065720
848 0.208393
849 0.276614
850 0.043029
851 0.042906
852 1.740006
853 0.194447
854 0.125602
855 0.346926
856 -0.095442
857 0.357234
858 0.536800
859 0.215024
860 0.101763
861 0.327699
862 0.030069
863 0.238264
864 0.108707
865 -0.108994
866 0.335835
867 0.186705
868 0.346761
869 -0.126047
870 -0.368293
871 0.207840
872 -0.240980
873 -0.048458
874 0.495996
875 -0.139917
876 0.111750
877 -0.082596
878 -0.123165
879 -0.095408
880 -0.226137
881 -0.021161
882 0.316088
883 -0.066488
884 0.301198
885 0.327928
886 0.192862
887 0.276633
888 -0.083094
889 -0.077524
890 0.438581
891 1.175837
892 0.116062
893 -0.099729
894 0.084531
895 0.218196
896 0.006447
897 0.413925
898 0.042928
899 -0.113391
900 0.332052
901 -0.224386
902 -0.107905
903 0.007161
904 -0.009192
905 -0.039811
906 -0.009425
907 -0.038918
908 0.104794
909 -0.279397
910 0.220165
911 0.082392
912 0.203892
913 -0.197116
914 -0.109999
915 -0.091169
916 0.023145
917 -0.135813
918 0.045011
919 0.360828
920 -0.415482
921 0.019646
922 0.300286
923 -0.153195
924 0.297513
925 0.431404
926 0.210535
927 0.025930
928 0.104443
929 0.161000
930 -0.295599
931 -0.128173
932 0.060937
933 0.064680
934 0.305982
935 0.288691
936 0.047084
937 -0.280617
938 -0.235304
939 -0.006749
940 0.221010
941 0.021497
942 -0.201585
943 -0.241560
944 0.411182
945 0.326526
946 0.207088
947 0.224215
948 1.072679
949 0.499604
950 -0.050414
951 0.096219
952 0.369710
953 0.297851
954 0.271215
955 0.465885
956 0.392611
957 -0.146346
958 0.039770
959 0.153720
960 -0.099146
961 0.043840
962 0.176374
963 0.558378
964 0.403191
965 0.243926
966 0.236360
967 -0.563277
968 0.349374
969 -0.032413
970 0.227082
971 -0.096502
972 0.079386
973 0.213148
974 0.041349
975 0.026280
976 0.331943
977 0.451986
978 1.150199
979 -0.082483
980 0.039594
981 0.463315
982 0.509685
983 -0.237297
984 0.459175
985 -0.009688
986 -0.018370
987 -0.161800
988 0.336729
989 -0.024594
990 -0.308820
991 0.254477
992 0.071274
993 0.662333
994 0.181113
995 -0.235289
996 -0.272126
997 0.076500
998 0.033305
999 -0.030031
1000 0.019025
1001 0.206266
1002 -0.212342
1003 0.037590
1004 0.279375
1005 0.417500
1006 0.589497
1007 -0.097446
1008 0.400296
1009 -0.080024
1010 0.014676
1011 -0.145860
1012 0.068518
1013 -0.180703
1014 0.158083
1015 0.329677
1016 0.310171
1017 0.134798
1018 0.417152
1019 0.540888
1020 -0.087397
1021 0.266542
1022 -0.207346
1023 0.961268
1024 0.343563
1025 -0.064283
1026 -0.173304
1027 0.306752
1028 -0.121526
1029 -0.131799
1030 0.247059
1031 -0.026479
1032 0.285615
1033 0.090817
1034 -0.137869
1035 -0.187663
1036 -0.112426
1037 0.321989
1038 0.374952
1039 0.391215
1040 -0.216117
1041 -0.065238
1042 -0.100524
1043 0.250030
1044 0.231702
1045 0.494401
1046 0.414643
1047 0.065885
1048 0.158540
1049 0.256604
1050 0.061028
1051 0.041932
1052 -0.201258
1053 0.388069
1054 0.499943
1055 0.321076
1056 0.246510
1057 0.295605
1058 0.080441
1059 0.458580
1060 -0.055498
1061 0.249751
1062 0.020239
1063 0.117279
1064 0.376120
1065 0.797409
1066 0.220414
1067 0.197505
1068 -0.075611
1069 -0.303431
1070 0.198587
1071 0.201850
1072 -0.038518
1073 0.559550
1074 0.478366
1075 0.166088
1076 0.205605
1077 0.000901
1078 -0.016820
1079 0.154683
1080 0.067802
1081 0.169326
1082 0.211129
1083 -0.074815
1084 0.376099
1085 -0.217323
1086 0.286694
1087 -0.240184
1088 -0.218071
1089 -0.146732
1090 0.142922
1091 0.289258
1092 0.191551
1093 0.393283
1094 0.252802
1095 0.336217
1096 -0.093398
1097 -0.082789
1098 0.723194
1099 0.285103
1100 -0.029000
1101 0.449564
1102 0.201248
1103 0.461606
1104 0.106396
1105 0.173266
1106 0.181169
1107 0.088400
1108 0.120227
1109 -0.310230
1110 -0.083832
1111 0.038544
1112 0.589164
1113 0.399461
1114 0.009054
1115 0.909938
1116 0.698826
1117 0.134003
1118 0.261363
1119 0.308718
1120 -0.024721
1121 -0.060492
1122 0.164891
1123 0.260447
1124 -0.229751
1125 0.075132
1126 0.400055
1127 0.016624
1128 0.300695
1129 -0.542343
1130 0.171230
1131 0.125602
1132 0.319259
1133 0.269626
1134 0.105083
1135 0.226966
1136 0.240449
1137 -0.223374
1138 0.213530
1139 -0.194205
1140 0.483634
1141 0.027813
1142 0.030986
1143 0.005425
1144 -0.216253
1145 0.156368
1146 0.007632
1147 0.350765
1148 -0.052992
1149 0.097011
1150 0.103656
1151 0.201976
1152 0.125644
1153 0.029394
1154 -0.162355
1155 0.693512
1156 0.037692
1157 0.591874
1158 0.310636
1159 0.304606
1160 0.095872
1161 -0.313928
1162 -0.300507
1163 0.267223
1164 -0.076651
1165 -0.220471
1166 -0.195129
1167 -0.122266
1168 0.257726
1169 -0.365562
1170 0.252209
1171 0.008171
1172 0.337645
1173 -0.232762
1174 -0.318546
1175 -0.008094
1176 0.882248
1177 -0.060530
1178 0.122455
1179 -0.055466
1180 0.127341
1181 0.261708
1182 -0.060946
1183 -0.374866
1184 -0.130480
1185 0.438058
1186 -0.026515
1187 -0.086813
1188 0.430945
1189 0.098131
1190 -0.046682
1191 0.225990
1192 0.468011
1193 0.171279
1194 0.186668
1195 0.085957
1196 0.178877
1197 0.224080
1198 -0.196374
1199 0.429791
1200 0.307064
1201 -0.012976
1202 0.064097
1203 0.108874
1204 0.237829
1205 -0.208718
1206 0.781687
1207 0.513079
1208 -0.075432
1209 0.042810
1210 0.229447
1211 -0.086747
1212 0.120666
1213 -0.006420
1214 0.410876
1215 -0.081836
0 0.022568
1 -0.802825
2 -0.663914
3 -0.165184
4 0.834219
5 0.151027
6 -0.096059
7 -0.325950
8 0.217734
9 -0.210522
10 -0.294832
11 0.004370
12 0.404402
13 0.016860
14 -0.029871
15 -0.009847
16 -0.056792
17 -0.096432
18 0.586748
19 0.540897
20 -0.069582
21 0.354623
22 0.155061
23 0.244231
24 0.067677
25 -0.182695
26 0.316189
27 0.198821
28 0.036025
29 0.183057
30 0.047344
31 0.294335
32 0.272766
33 0.137005
34 -0.041006
35 -0.074157
36 -0.048840
37 0.128984
38 0.275458
39 0.175495
40 0.521787
41 0.271294
42 0.283357
43 -0.295420
44 -0.166187
45 0.113351
46 -0.566663
47 0.471190
48 0.074695
49 0.053163
50 0.161525
51 0.876909
52 0.012940
53 0.712904
54 0.033421
55 -0.183615
56 -0.079471
57 0.175013
58 0.014615
59 0.632484
60 -0.290817
61 -0.377917
62 0.071365
63 0.043827
64 -0.383090
65 -0.236953
66 0.325808
67 0.021711
68 0.148134
69 -0.230305
70 -0.010906
71 0.479593
72 0.674694
73 0.464498
74 0.292483
75 -0.084106
76 0.350259
77 0.560820
78 0.703295
79 -0.144626
80 0.071308
81 -0.381905
82 0.040122
83 0.107044
84 0.232614
85 -0.236866
86 0.170595
87 -0.130942
88 0.249758
89 0.137593
90 -0.127037
91 -0.173054
92 1.096681
93 0.577958
94 0.197626
95 -0.130360
96 -0.349836
97 0.646354
98 0.297188
99 0.255156
100 0.176761
101 0.060474
102 -0.371556
103 -0.002078
104 -0.150662
105 0.104106
106 -0.270339
107 0.031767
108 0.072315
109 0.213215
110 0.311118
111 -0.051845
112 0.084994
113 -0.062874
114 0.044679
115 -0.007631
116 -0.047675
117 -0.290557
118 0.134917
119 -0.122884
120 -0.080900
121 -0.097396
122 0.052239
123 -0.254115
124 -0.159448
125 0.080088
126 0.144121
127 -0.004985
128 0.054244
129 -0.226564
130 0.081452
131 0.152107
132 0.829137
133 0.201139
134 0.215598
135 0.590027
136 0.039261
137 -0.156441
138 -0.511125
139 0.294830
140 0.447969
141 0.716982
142 1.082481
143 0.051732
144 -0.221205
145 -0.044416
146 0.399344
147 0.117923
148 0.073521
149 0.213145
150 0.280871
151 0.084488
152 -0.155812
153 -0.148052
154 -0.090299
155 0.230043
156 0.130052
157 -0.177735
158 -0.007020
159 0.168307
160 -0.140174
161 -0.080363
162 -0.105975
163 0.090194
164 -0.061412
165 0.009662
166 0.308381
167 -0.201543
168 -0.077526
169 0.081792
170 0.672206
171 0.356252
172 0.621199
173 0.342410
174 0.242268
175 0.663201
176 0.009772
177 0.152021
178 0.376110
179 0.147873
180 -0.236159
181 -0.055178
182 -0.002996
183 0.264530
184 0.254847
185 0.069965
186 0.250661
187 0.002774
188 0.084083
189 -0.040561
190 0.072606
191 0.385760
192 -0.077782
193 -0.165271
194 0.130924
195 -0.090215
196 0.636207
197 -0.222097
198 -0.415914
199 0.169399
200 -0.135563
201 0.227881
202 0.310665
203 -0.278156
204 -0.245938
205 0.043116
206 0.285008
207 0.169692
208 0.099508
209 0.278307
210 0.100975
211 0.140654
212 0.258643
213 0.351495
214 0.334161
215 -0.097269
216 0.268522
217 0.390913
218 0.050724
219 0.159741
220 0.223341
221 -0.076034
222 0.484589
223 -0.248108
224 -0.115553
225 -0.142688
226 0.189512
227 -0.029053
228 -0.265192
229 0.121735
230 -0.108073
231 -0.196614
232 -0.218977
233 -0.336807
234 -0.340031
235 0.167558
236 -0.256963
237 -0.056752
238 0.006125
239 0.035860
240 -0.190472
241 0.053442
242 -0.169313
243 -0.139681
244 1.427865
245 0.004477
246 -0.299877
247 -0.156169
248 -0.236468
249 -0.086160
250 0.190073
251 0.214186
252 0.185072
253 -0.077526
254 -0.028722
255 0.005928
256 0.073837
257 -0.204394
258 0.442021
259 0.603585
260 -0.354044
261 -0.060869
262 -0.146428
263 0.013145
264 2.142829
265 1.603259
266 0.129624
267 0.286807
268 0.097621
269 -0.034419
270 -0.044331
271 -0.244495
272 0.261069
273 1.346584
274 -0.017453
275 0.130038
276 0.060916
277 -0.325450
278 -0.083644
279 -0.140877
280 0.325266
281 0.035561
282 0.007915
283 -0.044976
284 1.744732
285 0.310311
286 -0.121393
287 -0.110143
288 0.032232
289 0.006842
290 -0.241767
291 -0.091688
292 0.087913
293 0.046653
294 0.108930
295 0.050801
296 -0.109061
297 -0.082762
298 0.985024
299 2.362402
300 -0.248982
301 0.069981
302 0.834160
303 0.253662
304 -0.033611
305 -0.245521
306 -0.578209
307 -0.107986
308 0.071095
309 0.005238
310 0.125779
311 -0.217922
312 0.020084
313 0.048876
314 0.044067
315 0.117059
316 -0.089028
317 -0.248457
318 -0.074494
319 -0.095361
320 -0.036335
321 -0.193848
322 -0.323324
323 0.310770
324 0.578542
325 -0.042627
326 0.108625
327 -0.310544
328 -0.178225
329 0.116367
330 -0.017471
331 -0.175496
332 0.053147
333 0.116115
334 -0.058955
335 -0.020524
336 0.429315
337 0.425317
338 -0.054270
339 -0.093496
340 -0.088768
341 0.124083
342 -0.035012
343 0.044809
344 0.058452
345 -0.072478
346 0.019446
347 -0.002782
348 0.244760
349 -0.039254
350 -0.199337
351 0.385737
352 -0.060567
353 -0.027626
354 -0.052818
355 -0.038342
356 -0.024194
357 -0.089593
358 -0.137459
359 0.065653
360 0.029470
361 -0.043706
362 -0.033245
363 0.056886
364 -0.027263
365 -0.002490
366 -0.038702
367 -0.076235
368 -0.161751
369 0.095451
370 0.102206
371 0.129202
372 0.073090
373 -0.001645
374 0.010854
375 -0.134954
376 -0.156283
377 0.187920
378 -0.076585
379 0.093999
380 -0.032023
381 0.023092
382 0.211878
383 0.026580
384 -0.021074
385 -0.181501
386 0.171444
387 0.002428
388 -0.031491
389 -0.017939
390 -0.099205
391 0.006331
392 -0.084724
393 -0.112010
394 0.038056
395 -0.071549
396 0.067332
397 -0.069332
398 -0.173000
399 0.097313
400 -0.055690
401 -0.001590
402 0.113090
403 0.041598
404 0.215783
405 -0.123328
406 -0.150094
407 -0.030733
408 0.055303
409 -0.369419
410 -0.125102
411 -0.067788
412 -0.419911
413 -0.060067
414 -0.027944
415 -0.109634
416 0.070519
417 -0.005696
418 -0.038460
419 -0.104373
420 -0.346786
421 -0.034852
422 -0.176053
423 -0.044581
424 -0.288794
425 -0.081261
426 -0.229794
427 -0.373323
428 -0.067112
429 -0.167018
430 -0.046183
431 -0.354896
432 -0.287041
433 -0.204838
434 -0.179449
435 -0.026571
436 0.024193
437 -0.024572
438 -0.009452
439 0.009621
440 0.043684
441 0.092700
442 -0.054587
443 -0.467292
444 -0.220156
445 0.288069
446 -0.335965
447 -0.068353
448 -0.105431
449 -0.250846
450 -0.017206
451 0.118079
452 0.027061
453 0.028289
454 -0.071302
455 0.001472
456 -0.170005
457 0.060090
458 -0.078625
459 -0.145290
460 -0.035955
461 -0.017847
462 -0.014484
463 0.123213
464 -0.008088
465 -0.043247
466 -0.095779
467 -0.057357
468 0.023795
469 -0.138137
470 -0.006735
471 -0.059563
472 0.178997
473 -0.100376
474 0.020904
475 0.039897
476 -0.010771
477 -0.100107
478 -0.074643
479 0.206458
480 -0.244636
481 -0.096671
482 -0.002309
483 0.077599
484 0.032851
485 -0.043445
486 0.097369
487 -0.174523
488 0.029276
489 -0.096894
490 -0.073387
491 -0.116293
492 -0.626911
493 -0.083098
494 -0.069598
495 -0.416925
496 -0.437722
497 -0.018415
498 -0.078951
499 -0.050646
500 -0.133621
501 -0.134763
502 -0.003086
503 -0.157267
504 0.033079
505 -0.057073
506 0.105161
507 -0.055493
508 -0.136405
509 -0.208721
510 -0.007165
511 0.148277
512 0.091398
513 0.015324
514 -0.041651
515 -0.121198
516 -0.223336
517 -0.079443
518 -0.032907
519 0.083304
520 -0.032975
521 -0.091235
522 0.079906
523 -0.026755
524 0.005800
525 -0.021208
526 0.031054
527 -0.473040
528 -0.170509
529 -0.133539
530 -0.122337
531 -0.103482
532 -0.173149
533 -0.241285
534 -0.268408
535 -0.135768
536 -0.039122
537 -0.008628
538 -0.032619
539 0.864241
540 1.367173
541 0.421145
542 -0.050835
543 -0.074723
544 0.090120
545 -0.097648
546 -0.015603
547 0.013231
548 -0.057446
549 -0.075688
550 -0.255010
551 -0.143176
552 -0.044607
553 -0.115516
554 0.314308
555 -0.020660
556 0.097704
557 -0.089187
558 -0.098103
559 -0.154490
560 -0.013161
561 -0.082074
562 0.111504
563 0.205483
564 -0.133256
565 0.024072
566 0.119369
567 -0.235419
568 0.424240
569 0.182220
570 -0.152447
571 -0.106509
572 0.036095
573 0.159761
574 0.227482
575 0.180505
576 -0.472735
577 0.061508
578 -0.046993
579 0.071136
580 0.201473
581 -0.063148
582 0.169321
583 -0.039915
584 0.012435
585 0.217100
586 0.351195
587 -0.171203
588 0.105459
589 -0.276083
590 0.325040
591 -0.032040
592 0.345958
593 0.610093
594 -0.044433
595 -0.105673
596 -0.004183
597 0.023849
598 -0.112183
599 0.264498
600 0.222159
601 -0.440167
602 -0.132047
603 -0.054133
604 -0.477345
605 0.353422
606 0.220168
607 0.253662
608 -0.255571
609 -0.155120
610 0.348868
611 -0.048488
612 0.419569
613 -0.072720
614 0.255821
615 0.940280
616 0.534760
617 -0.029428
618 -0.110529
619 0.041643
620 0.116776
621 0.207158
622 0.213078
623 0.270321
624 0.218690
625 -0.238513
626 -0.427249
627 0.091458
628 0.413768
629 0.209656
630 0.671859
631 -0.113084
632 0.334979
633 -0.255749
634 0.155064
635 0.146049
636 0.082134
637 0.388436
638 -0.462218
639 0.492205
640 0.682408
641 -0.043403
642 0.204072
643 0.580186
644 0.194100
645 0.621106
646 0.341767
647 0.385498
648 0.294507
649 -0.114419
650 0.145499
651 0.177487
652 0.452401
653 0.582614
654 -0.000947
655 0.598860
656 -0.054638
657 0.177567
658 0.181621
659 0.353579
660 0.256452
661 0.317229
662 -0.259918
663 0.169120
664 0.455803
665 0.777138
666 0.322433
667 -0.152613
668 0.552359
669 0.625000
670 -0.131754
671 0.438978
672 0.075456
673 0.411887
674 0.143195
675 0.047160
676 -0.018867
677 0.201753
678 -0.200924
679 0.290256
680 0.248536
681 -0.439469
682 -0.098743
683 0.106095
684 -0.365386
685 0.260274
686 -0.122502
687 0.247571
688 -0.129509
689 0.390045
690 0.183976
691 -0.197437
692 0.503276
693 0.287585
694 0.505802
695 0.150471
696 0.121432
697 0.521743
698 -0.083902
699 0.110486
700 0.419303
701 -0.325302
702 0.254437
703 0.159656
704 0.593348
705 0.200572
706 0.442322
707 0.094797
708 0.231752
709 0.360442
710 0.048834
711 0.254447
712 0.375897
713 -0.504575
714 0.446761
715 -0.187341
716 -0.215242
717 0.026209
718 0.278776
719 0.564230
720 0.094043
721 0.083212
722 0.288510
723 -0.081344
724 0.096453
725 0.575672
726 0.103398
727 0.318538
728 0.199652
729 -0.008860
730 0.057757
731 0.398670
732 0.448658
733 -0.146551
734 0.203511
735 -0.050836
736 0.406666
737 0.665400
738 0.508143
739 0.396586
740 0.205073
741 -0.204435
742 0.308330
743 0.002119
744 0.461938
745 0.173839
746 0.126106
747 0.296448
748 0.278932
749 0.223933
750 -0.187147
751 0.011273
752 0.872428
753 0.262032
754 -0.062093
755 0.299172
756 -0.171080
757 -0.065529
758 0.608605
759 -0.010961
760 0.098633
761 1.196374
762 0.030880
763 0.285464
764 -0.154242
765 -0.023189
766 -0.081875
767 -0.142400
768 0.271750
769 -0.085263
770 -0.246742
771 0.047158
772 0.525526
773 -0.168713
774 0.050381
775 0.111578
776 0.303104
777 0.228654
778 0.433155
779 0.034296
780 0.208381
781 0.845534
782 -0.061350
783 0.163040
784 0.120101
785 -0.594806
786 0.143743
787 -0.092356
788 0.404479
789 0.195511
790 0.045378
791 -0.213018
792 -0.167248
793 0.063709
794 0.209604
795 -0.060236
796 0.198644
797 0.447473
798 0.401264
799 0.124876
800 -0.180455
801 0.059955
802 -0.141868
803 0.027956
804 0.068418
805 0.294064
806 0.339199
807 0.459679
808 0.269401
809 -0.153835
810 -0.146762
811 -0.238865
812 0.245949
813 0.348815
814 -0.149905
815 0.011873
816 0.336430
817 0.348723
818 0.259990
819 0.206801
820 0.101897
821 -0.144695
822 0.229936
823 0.511864
824 -0.239720
825 0.282178
826 0.150708
827 -0.021632
828 0.045126
829 0.025965
830 0.012752
831 0.179363
832 0.092477
833 0.099486
834 0.194303
835 0.201680
836 0.513036
837 0.175246
838 0.541132
839 0.235141
840 0.269778
841 -0.109897
842 0.115938
843 0.251896
844 -0.137605
845 -0.171920
846 -0.209245
847 -0.122821
848 -0.234181
849 0.464936
850 -0.208117
851 0.154975
852 0.024513
853 0.498797
854 0.125424
855 0.388978
856 0.226242
857 0.101262
858 0.314958
859 0.330876
860 0.074563
861 0.386845
862 0.069262
863 -0.096713
864 -0.048274
865 -0.189885
866 0.137932
867 -0.181943
868 -0.255777
869 0.553403
870 0.942523
871 -0.403921
872 -0.438428
873 -0.185292
874 -0.512794
875 0.166659
876 -0.111101
877 0.256376
878 -0.032766
879 -0.172414
880 0.511369
881 -0.036556
882 0.252794
883 0.043451
884 0.066514
885 0.015635
886 0.012299
887 -0.134835
888 0.615460
889 0.552399
890 0.086807
891 -0.198136
892 0.181244
893 0.160998
894 0.168211
895 0.712713
896 -0.061066
897 -0.097681
898 0.248974
899 0.217143
900 0.330005
901 0.103745
902 0.315289
903 0.367027
904 -0.107528
905 -0.154622
906 -0.069892
907 0.552835
908 0.014791
909 0.606092
910 0.602082
911 0.085469
912 0.110196
913 0.163748
914 0.155609
915 0.120539
916 0.751400
917 -0.189684
918 0.611508
919 0.030558
920 -0.019746
921 -0.202474
922 -0.322371
923 0.366077
924 0.351510
925 0.098203
926 -0.196309
927 0.032215
928 0.240319
929 0.231933
930 -0.202131
931 0.144896
932 0.417709
933 0.244743
934 0.108383
935 -0.106212
936 0.137747
937 0.016315
938 0.113541
939 -0.181780
940 0.621543
941 -0.208385
942 -0.025223
943 -0.005757
944 0.220387
945 0.464507
946 0.235661
947 -0.182162
948 -0.036334
949 -0.364290
950 0.217705
951 0.149987
952 0.042391
953 0.141413
954 -0.218093
955 0.156198
956 0.020918
957 0.639914
958 -0.005668
959 -0.092110
960 0.861486
961 -0.016466
962 0.607939
963 -0.253127
964 -0.037159
965 0.252854
966 0.187520
967 0.583423
968 -0.256014
969 0.206624
970 0.188826
971 0.207450
972 0.115436
973 -0.008832
974 -0.059440
975 -0.036474
976 0.093240
977 -0.088973
978 -0.221602
979 0.069817
980 0.145522
981 0.002213
982 0.543656
983 0.107012
984 -0.194158
985 -0.134576
986 0.102858
987 -0.019291
988 0.347773
989 0.132843
990 -0.378623
991 -0.065340
992 0.159790
993 -0.026331
994 -0.238984
995 -0.143945
996 -0.136775
997 -0.051358
998 0.012697
999 -0.199866
1000 0.037495
1001 0.146149
1002 -0.398425
1003 -0.245661
1004 0.061949
1005 0.608419
1006 -0.025290
1007 -0.195020
1008 0.516666
1009 0.681434
1010 0.033007
1011 -0.067158
1012 0.304990
1013 0.348296
1014 0.350982
1015 0.118604
1016 -0.052781
1017 -0.065357
1018 0.367921
1019 0.135921
1020 0.339781
1021 0.016909
1022 0.168989
1023 -0.558325
1024 0.366557
1025 -0.063766
1026 -0.435030
1027 0.276731
1028 -0.131007
1029 -0.186222
1030 -0.084958
1031 0.165106
1032 0.254056
1033 -0.033898
1034 -0.064666
1035 -0.021011
1036 0.412061
1037 -0.362079
1038 -0.180541
1039 0.617012
1040 0.102169
1041 0.037307
1042 0.118898
1043 -0.036841
1044 0.611724
1045 -0.006145
1046 -0.412296
1047 0.179706
1048 0.042577
1049 -0.007627
1050 -0.255973
1051 0.507314
1052 0.181825
1053 0.153695
1054 -0.233464
1055 0.140987
1056 0.118646
1057 0.178874
1058 -0.187942
1059 0.502283
1060 -0.372769
1061 0.418447
1062 -0.255368
1063 0.265094
1064 0.133081
1065 0.397126
1066 0.077970
1067 -0.337234
1068 0.190368
1069 0.130462
1070 -0.203434
1071 0.124269
1072 0.211479
1073 0.074696
1074 0.055182
1075 0.112397
1076 0.184996
1077 0.009117
1078 0.131078
1079 0.233320
1080 0.079629
1081 -0.079572
1082 0.672994
1083 0.108522
1084 -0.150312
1085 -0.008021
1086 -0.144035
1087 -0.337425
1088 0.019889
1089 0.434679
1090 -0.164304
1091 0.464156
1092 0.360691
1093 0.505633
1094 0.236648
1095 0.097529
1096 1.008810
1097 0.105139
1098 -0.341397
1099 -0.196059
1100 0.335373
1101 0.141403
1102 0.246826
1103 0.105373
1104 -0.137010
1105 -0.235111
1106 -0.080446
1107 -0.055737
1108 0.340352
1109 -0.173814
1110 -0.236019
1111 0.653627
1112 -0.042817
1113 0.139843
1114 0.098293
1115 0.185205
1116 -0.187067
1117 -0.030161
1118 -0.176104
1119 0.204179
1120 0.101606
1121 0.170127
1122 -0.184309
1123 -0.041904
1124 -0.150024
1125 0.074757
1126 0.048390
1127 0.053631
1128 -0.127000
1129 0.053696
1130 0.374972
1131 0.423551
1132 -0.347230
1133 -0.244864
1134 -0.214456
1135 1.039910
1136 0.801310
1137 0.332329
1138 -0.260360
1139 0.065286
1140 -0.095565
1141 -0.005108
1142 -0.087840
1143 -0.231162
1144 -0.109257
1145 0.497582
1146 -0.683253
1147 -0.519061
1148 -0.174883
1149 -0.492487
1150 0.141850
1151 0.224517
1152 0.115072
1153 0.277637
1154 0.001225
1155 0.130566
1156 0.812810
1157 0.061829
1158 -0.105254
1159 0.424287
1160 -0.062121
1161 -0.550305
1162 -0.305088
1163 -0.070945
1164 0.825188
1165 -0.497223
1166 0.116448
1167 0.064569
1168 -0.181402
1169 0.405681
1170 0.401382
1171 -0.066885
1172 -0.053913
1173 0.096330
1174 0.901095
1175 -0.029515
1176 0.148859
1177 0.345613
1178 -0.052798
1179 0.181376
1180 -0.019427
1181 0.029608
1182 -0.153107
1183 -0.043928
1184 0.286642
1185 -0.096774
1186 0.053674
1187 0.345820
1188 -0.000242
1189 0.681404
1190 0.583081
1191 -0.315682
1192 -0.032706
1193 -0.063500
1194 0.213466
1195 0.369844
1196 0.679720
1197 0.079020
1198 0.053114
1199 0.078779
1200 0.120914
1201 -0.148073
1202 0.088946
1203 -0.053532
1204 0.688070
1205 -0.138467
1206 -0.078938
1207 0.319898
1208 0.101577
1209 -0.060331
1210 0.144547
1211 0.590577
1212 -0.414313
1213 0.016322
1214 -0.179174
1215 0.452127
1216 0.513475
1217 0.038703
1218 0.424135
1219 0.196274
1220 0.143917
1221 0.104653
1222 0.301510
1223 -0.109804
0 0.022568
1 -0.802825
2 -0.663914
3 -0.165184
4 0.834219
5 0.151027
6 -0.096059
7 -0.325950
8 0.217734
9 -0.210522
10 -0.294832
11 0.004370
12 0.404402
13 0.016860
14 -0.029871
15 -0.009847
16 -0.056792
17 -0.096432
18 0.586748
19 0.540897
20 -0.069582
21 0.354623
22 0.155061
23 0.244231
24 0.067677
25 -0.182695
26 0.316189
27 0.198821
28 0.036025
29 0.183057
30 0.047344
31 0.294335
32 0.272766
33 0.137005
34 -0.041006
35 -0.074157
36 -0.048840
37 0.128984
38 0.275458
39 0.175495
40 0.521787
41 0.271294
42 0.283357
43 -0.295420
44 -0.166187
45 0.113351
46 -0.566663
47 0.471190
48 0.074695
49 0.053163
50 0.161525
51 0.876909
52 0.012940
53 0.712904
54 0.033421
55 -0.183615
56 -0.079471
57 0.175013
58 0.014615
59 0.632484
60 -0.290817
61 -0.377917
62 0.071365
63 0.043827
64 -0.383090
65 -0.236953
66 0.325808
67 0.021711
68 0.148134
69 -0.230305
70 -0.010906
71 0.479593
72 0.674694
73 0.464498
74 0.292483
75 -0.084106
76 0.350259
77 0.560820
78 0.703295
79 -0.144626
80 0.071308
81 -0.381905
82 0.040122
83 0.107044
84 0.232614
85 -0.236866
86 0.170595
87 -0.130942
88 0.249758
89 0.137593
90 -0.127037
91 -0.173054
92 1.096681
93 0.577958
94 0.197626
95 -0.130360
96 -0.349836
97 0.646354
98 0.297188
99 0.255156
100 0.176761
101 0.060474
102 -0.371556
103 -0.002078
104 -0.150662
105 0.104106
106 -0.270339
107 0.031767
108 0.072315
109 0.213215
110 0.311118
111 -0.051845
112 0.084994
113 -0.062874
114 0.044679
115 -0.007631
116 -0.047675
117 -0.290557
118 0.134917
119 -0.122884
120 -0.080900
121 -0.097396
122 0.052239
123 -0.254115
124 -0.159448
125 0.080088
126 0.144121
127 -0.004985
128 0.054244
129 -0.226564
130 0.081452
131 0.152107
132 0.829137
133 0.201139
134 0.215598
135 0.590027
136 0.039261
137 -0.156441
138 -0.511125
139 0.294830
140 0.447969
141 0.716982
142 1.082481
143 0.051732
144 -0.221205
145 -0.044416
146 0.399344
147 0.117923
148 0.073521
149 0.213145
150 0.280871
151 0.084488
152 -0.155812
153 -0.148052
154 -0.090299
155 0.230043
156 0.130052
157 -0.177735
158 -0.007020
159 0.168307
160 -0.140174
161 -0.080363
162 -0.105975
163 0.090194
164 -0.061412
165 0.009662
166 0.308381
167 -0.201543
168 -0.077526
169 0.081792
170 0.672206
171 0.356252
172 0.621199
173 0.342410
174 0.242268
175 0.663201
176 0.009772
177 0.152021
178 0.376110
179 0.147873
180 -0.236159
181 -0.055178
182 -0.002996
183 0.264530
184 0.254847
185 0.069965
186 0.250661
187 0.002774
188 0.084083
189 -0.040561
190 0.072606
191 0.385760
192 -0.077782
193 -0.165271
194 0.130924
195 -0.090215
196 0.636207
197 -0.222097
198 -0.415914
199 0.169399
200 -0.135563
201 0.227881
202 0.310665
203 -0.278156
204 -0.245938
205 0.043116
206 0.285008
207 0.169692
208 0.099508
209 0.278307
210 0.100975
211 0.140654
212 0.258643
213 0.351495
214 0.334161
215 -0.097269
216 0.268522
217 0.390913
218 0.050724
219 0.159741
220 0.223341
221 -0.076034
222 0.484589
223 -0.248108
224 -0.115553
225 -0.142688
226 0.189512
227 -0.029053
228 -0.265192
229 0.121735
230 -0.108073
231 -0.196614
232 -0.218977
233 -0.336807
234 -0.340031
235 0.167558
236 -0.256963
237 -0.056752
238 0.006125
239 0.035860
240 -0.190472
241 0.053442
242 -0.169313
243 -0.139681
244 1.427865
245 0.004477
246 -0.299877
247 -0.156169
248 -0.236468
249 -0.086160
250 0.190073
251 0.214186
252 0.185072
253 -0.077526
254 -0.028722
255 0.005928
256 0.073837
257 -0.204394
258 0.442021
259 0.603585
260 -0.354044
261 -0.060869
262 -0.146428
263 0.013145
264 2.142829
265 1.603259
266 0.129624
267 0.286807
268 0.097621
269 -0.034419
270 -0.044331
271 -0.244495
272 0.261069
273 1.346584
274 -0.017453
275 0.130038
276 0.060916
277 -0.325450
278 -0.083644
279 -0.140877
280 0.325266
281 0.035561
282 0.007915
283 -0.044976
284 1.744732
285 0.310311
286 -0.121393
287 -0.110143
288 0.032232
289 0.006842
290 -0.241767
291 -0.091688
292 0.087913
293 0.046653
294 0.108930
295 0.050801
296 -0.109061
297 -0.082762
298 0.985024
299 2.362402
300 -0.248982
301 0.069981
302 0.834160
303 0.253662
304 -0.033611
305 -0.245521
306 -0.578209
307 -0.107986
308 0.071095
309 0.005238
310 0.125779
311 -0.217922
312 0.020084
313 0.048876
314 0.044067
315 0.117059
316 -0.089028
317 -0.248457
318 -0.074494
319 -0.095361
320 -0.036335
321 -0.193848
322 -0.323324
323 0.310770
324 0.578542
325 -0.042627
326 0.108625
327 -0.310544
328 -0.178225
329 0.116367
330 -0.017471
331 -0.175496
332 0.053147
333 0.116115
334 -0.058955
335 -0.020524
336 0.429315
337 0.425317
338 -0.054270
339 -0.093496
340 -0.088768
341 0.124083
342 -0.035012
343 0.044809
344 0.058452
345 -0.072478
346 0.019446
347 -0.002782
348 0.244760
349 -0.039254
350 -0.199337
351 0.385737
352 -0.060567
353 -0.027626
354 -0.052818
355 -0.038342
356 -0.024194
357 -0.089593
358 -0.137459
359 0.065653
360 0.029470
361 -0.043706
362 -0.033245
363 0.056886
364 -0.027263
365 -0.002490
366 -0.038702
367 -0.076235
368 -0.161751
369 0.095451
370 0.102206
371 0.129202
372 0.073090
373 -0.001645
374 0.010854
375 -0.134954
376 -0.156283
377 0.187920
378 -0.076585
379 0.093999
380 -0.032023
381 0.023092
382 0.211878
383 0.026580
384 -0.021074
385 -0.181501
386 0.171444
387 0.002428
388 -0.031491
389 -0.017939
390 -0.099205
391 0.006331
392 -0.084724
393 -0.112010
394 0.038056
395 -0.071549
396 0.067332
397 -0.069332
398 -0.173000
399 0.097313
400 -0.055690
401 -0.001590
402 0.113090
403 0.041598
404 0.215783
405 -0.123328
406 -0.150094
407 -0.030733
408 0.055303
409 -0.369419
410 -0.125102
411 -0.067788
412 -0.419911
413 -0.060067
414 -0.027944
415 -0.109634
416 0.070519
417 -0.005696
418 -0.038460
419 -0.104373
420 -0.346786
421 -0.034852
422 -0.176053
423 -0.044581
424 -0.288794
425 -0.081261
426 -0.229794
427 -0.373323
428 -0.067112
429 -0.167018
430 -0.046183
431 -0.354896
432 -0.287041
433 -0.204838
434 -0.179449
435 -0.026571
436 0.024193
437 -0.024572
438 -0.009452
439 0.009621
440 0.043684
441 0.092700
442 -0.054587
443 -0.467292
444 -0.220156
445 0.288069
446 -0.335965
447 -0.068353
448 -0.105431
449 -0.250846
450 -0.017206
451 0.118079
452 0.027061
453 0.028289
454 -0.071302
455 0.001472
456 -0.170005
457 0.060090
458 -0.078625
459 -0.145290
460 -0.035955
461 -0.017847
462 -0.014484
463 0.123213
464 -0.008088
465 -0.043247
466 -0.095779
467 -0.057357
468 0.023795
469 -0.138137
470 -0.006735
471 -0.059563
472 0.178997
473 -0.100376
474 0.020904
475 0.039897
476 -0.010771
477 -0.100107
478 -0.074643
479 0.206458
480 -0.244636
481 -0.096671
482 -0.002309
483 0.077599
484 0.032851
485 -0.043445
486 0.097369
487 -0.174523
488 0.029276
489 -0.096894
490 -0.073387
491 -0.116293
492 -0.626911
493 -0.083098
494 -0.069598
495 -0.416925
496 -0.437722
497 -0.018415
498 -0.078951
499 -0.050646
500 -0.133621
501 -0.134763
502 -0.003086
503 -0.157267
504 0.033079
505 -0.057073
506 0.105161
507 -0.055493
508 -0.136405
509 -0.208721
510 -0.007165
511 0.148277
512 0.091398
513 0.015324
514 -0.041651
515 -0.121198
516 -0.223336
517 -0.079443
518 -0.032907
519 0.083304
520 -0.032975
521 -0.091235
522 0.079906
523 -0.026755
524 0.005800
525 -0.021208
526 0.031054
527 -0.473040
528 -0.170509
529 -0.133539
530 -0.122337
531 -0.103482
532 -0.173149
533 -0.241285
534 -0.268408
535 -0.135768
536 -0.039122
537 -0.008628
538 -0.032619
539 0.864241
540 1.367173
541 0.421145
542 -0.050835
543 -0.074723
544 0.090120
545 -0.097648
546 -0.015603
547 0.013231
548 -0.057446
549 -0.075688
550 -0.255010
551 -0.143176
552 -0.044607
553 -0.115516
554 0.314308
555 -0.020660
556 0.097704
557 -0.089187
558 -0.098103
559 -0.154490
560 -0.013161
561 -0.082074
562 0.111504
563 0.205483
564 -0.133256
565 0.024072
566 0.119369
567 -0.235419
568 0.424240
569 0.182220
570 -0.152447
571 -0.106509
572 0.036095
573 0.159761
574 0.227482
575 0.180505
576 -0.472735
577 0.061508
578 -0.046993
579 0.071136
580 0.201473
581 -0.063148
582 0.169321
583 -0.039915
584 0.012435
585 0.217100
586 0.351195
587 -0.171203
588 0.105459
589 -0.276083
590 0.325040
591 -0.032040
592 0.345958
593 0.610093
594 -0.044433
595 -0.105673
596 -0.004183
597 0.023849
598 -0.112183
599 0.264498
600 0.222159
601 -0.440167
602 -0.132047
603 -0.054133
604 -0.477345
605 0.353422
606 0.220168
607 0.253662
608 -0.255571
609 -0.155120
610 0.348868
611 -0.048488
612 0.419569
613 -0.072720
614 0.255821
615 0.940280
616 0.534760
617 -0.029428
618 -0.110529
619 0.041643
620 0.116776
621 0.207158
622 0.213078
623 0.270321
624 0.218690
625 -0.238513
626 -0.427249
627 0.091458
628 0.413768
629 0.209656
630 0.671859
631 -0.113084
632 0.334979
633 -0.255749
634 0.155064
635 0.146049
636 0.082134
637 0.388436
638 -0.462218
639 0.492205
640 0.682408
641 -0.043403
642 0.204072
643 0.580186
644 0.194100
645 0.621106
646 0.341767
647 0.385498
648 0.294507
649 -0.114419
650 0.145499
651 0.177487
652 0.452401
653 0.582614
654 -0.000947
655 0.598860
656 -0.054638
657 0.177567
658 0.181621
659 0.353579
660 0.256452
661 0.317229
662 -0.259918
663 0.169120
664 0.455803
665 0.777138
666 0.322433
667 -0.152613
668 0.552359
669 0.625000
670 -0.131754
671 0.438978
672 0.075456
673 0.411887
674 0.143195
675 0.047160
676 -0.018867
677 0.201753
678 -0.200924
679 0.290256
680 0.248536
681 -0.439469
682 -0.098743
683 0.106095
684 -0.365386
685 0.260274
686 -0.122502
687 0.247571
688 -0.129509
689 0.390045
690 0.183976
691 -0.197437
692 0.503276
693 0.287585
694 0.505802
695 0.150471
696 0.121432
697 0.521743
698 -0.083902
699 0.110486
700 0.419303
701 -0.325302
702 0.254437
703 0.159656
704 0.593348
705 0.200572
706 0.442322
707 0.094797
708 0.231752
709 0.360442
710 0.048834
711 0.254447
712 0.375897
713 -0.504575
714 0.446761
715 -0.187341
716 -0.215242
717 0.026209
718 0.278776
719 0.564230
720 0.094043
721 0.083212
722 0.288510
723 -0.081344
724 0.096453
725 0.575672
726 0.103398
727 0.318538
728 0.199652
729 -0.008860
730 0.057757
731 0.398670
732 0.448658
733 -0.146551
734 0.203511
735 -0.050836
736 0.406666
737 0.665400
738 0.508143
739 0.396586
740 0.205073
741 -0.204435
742 0.308330
743 0.002119
744 0.461938
745 0.173839
746 0.126106
747 0.296448
748 0.278932
749 0.223933
750 -0.187147
751 0.011273
752 0.872428
753 0.262032
754 -0.062093
755 0.299172
756 -0.171080
757 -0.065529
758 0.608605
759 -0.010961
760 0.098633
761 1.196374
762 0.030880
763 0.285464
764 -0.154242
765 -0.023189
766 -0.081875
767 -0.142400
768 0.271750
769 -0.085263
770 -0.246742
771 0.047158
772 0.525526
773 -0.168713
774 0.050381
775 0.111578
776 0.303104
777 0.228654
778 0.433155
779 0.034296
780 0.208381
781 0.845534
782 -0.061350
783 0.163040
784 0.120101
785 -0.594806
786 0.143743
787 -0.092356
788 0.404479
789 0.195511
790 0.045378
791 -0.213018
792 -0.167248
793 0.063709
794 0.209604
795 -0.060236
796 0.198644
797 0.447473
798 0.401264
799 0.124876
800 -0.180455
801 0.059955
802 -0.141868
803 0.027956
804 0.068418
805 0.294064
806 0.339199
807 0.459679
808 0.269401
809 -0.153835
810 -0.146762
811 -0.238865
812 0.245949
813 0.348815
814 -0.149905
815 0.011873
816 0.336430
817 0.348723
818 0.259990
819 0.206801
820 0.101897
821 -0.144695
822 0.229936
823 0.511864
824 -0.239720
825 0.282178
826 0.150708
827 -0.021632
828 0.045126
829 0.025965
830 0.012752
831 0.179363
832 0.092477
833 0.099486
834 0.194303
835 0.201680
836 0.513036
837 0.175246
838 0.541132
839 0.235141
840 0.269778
841 -0.109897
842 0.115938
843 0.251896
844 -0.137605
845 -0.171920
846 -0.209245
847 -0.122821
848 -0.234181
849 0.464936
850 -0.208117
851 0.154975
852 0.024513
853 0.498797
854 0.125424
855 0.388978
856 0.226242
857 0.101262
858 0.314958
859 0.330876
860 0.074563
861 0.386845
862 0.069262
863 -0.096713
864 -0.048274
865 -0.189885
866 0.137932
867 -0.181943
868 -0.255777
869 0.553403
870 0.942523
871 -0.403921
872 -0.438428
873 -0.185292
874 -0.512794
875 0.166659
876 -0.111101
877 0.256376
878 -0.032766
879 -0.172414
880 0.511369
881 -0.036556
882 0.252794
883 0.043451
884 0.066514
885 0.015635
886 0.012299
887 -0.134835
888 0.615460
889 0.552399
890 0.086807
891 -0.198136
892 0.181244
893 0.160998
894 0.168211
895 0.712713
896 -0.061066
897 -0.097681
898 0.248974
899 0.217143
900 0.330005
901 0.103745
902 0.315289
903 0.367027
904 -0.107528
905 -0.154622
906 -0.069892
907 0.552835
908 0.014791
909 0.606092
910 0.602082
911 0.085469
912 0.110196
913 0.163748
914 0.155609
915 0.120539
916 0.751400
917 -0.189684
918 0.611508
919 0.030558
920 -0.019746
921 -0.202474
922 -0.322371
923 0.366077
924 0.351510
925 0.098203
926 -0.196309
927 0.032215
928 0.240319
929 0.231933
930 -0.202131
931 0.144896
932 0.417709
933 0.244743
934 0.108383
935 -0.106212
936 0.137747
937 0.016315
938 0.113541
939 -0.181780
940 0.621543
941 -0.208385
942 -0.025223
943 -0.005757
944 0.220387
945 0.464507
946 0.235661
947 -0.182162
948 -0.036334
949 -0.364290
950 0.217705
951 0.149987
952 0.042391
953 0.141413
954 -0.218093
955 0.156198
956 0.020918
957 0.639914
958 -0.005668
959 -0.092110
960 0.861486
961 -0.016466
962 0.607939
963 -0.253127
964 -0.037159
965 0.252854
966 0.187520
967 0.583423
968 -0.256014
969 0.206624
970 0.188826
971 0.207450
972 0.115436
973 -0.008832
974 -0.059440
975 -0.036474
976 0.093240
977 -0.088973
978 -0.221602
979 0.069817
980 0.145522
981 0.002213
982 0.543656
983 0.107012
984 -0.194158
985 -0.134576
986 0.102858
987 -0.019291
988 0.347773
989 0.132843
990 -0.378623
991 -0.065340
992 0.159790
993 -0.026331
994 -0.238984
995 -0.143945
996 -0.136775
997 -0.051358
998 0.012697
999 -0.199866
1000 0.037495
1001 0.146149
1002 -0.398425
1003 -0.245661
1004 0.061949
1005 0.608419
1006 -0.025290
1007 -0.195020
1008 0.516666
1009 0.681434
1010 0.033007
1011 -0.067158
1012 0.304990
1013 0.348296
1014 0.350982
1015 0.118604
1016 -0.052781
1017 -0.065357
1018 0.367921
1019 0.135921
1020 0.339781
1021 0.016909
1022 0.168989
1023 -0.558325
1024 0.366557
1025 -0.063766
1026 -0.435030
1027 0.276731
1028 -0.131007
1029 -0.186222
1030 -0.084958
1031 0.165106
1032 0.254056
1033 -0.033898
1034 -0.064666
1035 -0.021011
1036 0.412061
1037 -0.362079
1038 -0.180541
1039 0.617012
1040 0.102169
1041 0.037307
1042 0.118898
1043 -0.036841
1044 0.611724
1045 -0.006145
1046 -0.412296
1047 0.179706
1048 0.042577
1049 -0.007627
1050 -0.255973
1051 0.507314
1052 0.181825
1053 0.153695
1054 -0.233464
1055 0.140987
1056 0.118646
1057 0.178874
1058 -0.187942
1059 0.502283
1060 -0.372769
1061 0.418447
1062 -0.255368
1063 0.265094
1064 0.133081
1065 0.397126
1066 0.077970
1067 -0.337234
1068 0.190368
1069 0.130462
1070 -0.203434
1071 0.124269
1072 0.211479
1073 0.074696
1074 0.055182
1075 0.112397
1076 0.184996
1077 0.009117
1078 0.131078
1079 0.233320
1080 0.079629
1081 -0.079572
1082 0.672994
1083 0.108522
1084 -0.150312
1085 -0.008021
1086 -0.144035
1087 -0.337425
1088 0.019889
1089 0.434679
1090 -0.164304
1091 0.464156
1092 0.360691
1093 0.505633
1094 0.236648
1095 0.097529
1096 1.008810
1097 0.105139
1098 -0.341397
1099 -0.196059
1100 0.335373
1101 0.141403
1102 0.246826
1103 0.105373
1104 -0.137010
1105 -0.235111
1106 -0.080446
1107 -0.055737
1108 0.340352
1109 -0.173814
1110 -0.236019
1111 0.653627
1112 -0.042817
1113 0.139843
1114 0.098293
1115 0.185205
1116 -0.187067
1117 -0.030161
1118 -0.176104
1119 0.204179
1120 0.101606
1121 0.170127
1122 -0.184309
1123 -0.041904
1124 -0.150024
1125 0.074757
1126 0.048390
1127 0.053631
1128 -0.127000
1129 0.053696
1130 0.374972
1131 0.423551
1132 -0.347230
1133 -0.244864
1134 -0.214456
1135 1.039910
1136 0.801310
1137 0.332329
1138 -0.260360
1139 0.065286
1140 -0.095565
1141 -0.005108
1142 -0.087840
1143 -0.231162
1144 -0.109257
1145 0.497582
1146 -0.683253
1147 -0.519061
1148 -0.174883
1149 -0.492487
1150 0.141850
1151 0.224517
1152 0.115072
1153 0.277637
1154 0.001225
1155 0.130566
1156 0.812810
1157 0.061829
1158 -0.105254
1159 0.424287
1160 -0.062121
1161 -0.550305
1162 -0.305088
1163 -0.070945
1164 0.825188
1165 -0.497223
1166 0.116448
1167 0.064569
1168 -0.181402
1169 0.405681
1170 0.401382
1171 -0.066885
1172 -0.053913
1173 0.096330
1174 0.901095
1175 -0.029515
1176 0.148859
1177 0.345613
1178 -0.052798
1179 0.181376
1180 -0.019427
1181 0.029608
1182 -0.153107
1183 -0.043928
1184 0.286642
1185 -0.096774
1186 0.053674
1187 0.345820
1188 -0.000242
1189 0.681404
1190 0.583081
1191 -0.315682
1192 -0.032706
1193 -0.063500
1194 0.213466
1195 0.369844
1196 0.679720
1197 0.079020
1198 0.053114
1199 0.078779
1200 0.120914
1201 -0.148073
1202 0.088946
1203 -0.053532
1204 0.688070
1205 -0.138467
1206 -0.078938
1207 0.319898
1208 0.101577
1209 -0.060331
1210 0.144547
1211 0.590577
1212 -0.414313
1213 0.016322
1214 -0.179174
1215 0.452127
1216 0.513475
1217 0.038703
1218 0.424135
1219 0.196274
1220 0.143917
1221 0.104653
1222 0.301510
1223 -0.109804
0 0.022568
1 -0.802825
2 -0.663914
3 -0.165184
4 0.834219
5 0.151027
6 -0.096059
7 -0.325950
8 0.217734
9 -0.210522
10 -0.294832
11 0.004370
12 0.404402
13 0.016860
14 -0.029871
15 -0.009847
16 -0.056792
17 -0.096432
18 0.586748
19 0.540897
20 -0.069582
21 0.354623
22 0.155061
23 0.244231
24 0.067677
25 -0.182695
26 0.316189
27 0.198821
28 0.036025
29 0.183057
30 0.047344
31 0.294335
32 0.272766
33 0.137005
34 -0.041006
35 -0.074157
36 -0.048840
37 0.128984
38 0.275458
39 0.175495
40 0.521787
41 0.271294
42 0.283357
43 -0.295420
44 -0.166187
45 0.113351
46 -0.566663
47 0.471190
48 0.074695
49 0.053163
50 0.161525
51 0.876909
52 0.012940
53 0.712904
54 0.033421
55 -0.183615
56 -0.079471
57 0.175013
58 0.014615
59 0.632484
60 -0.290817
61 -0.377917
62 0.071365
63 0.043827
64 -0.383090
65 -0.236953
66 0.325808
67 0.021711
68 0.148134
69 -0.230305
70 -0.010906
71 0.479593
72 0.674694
73 0.464498
74 0.292483
75 -0.084106
76 0.350259
77 0.560820
78 0.703295
79 -0.144626
80 0.071308
81 -0.381905
82 0.040122
83 0.107044
84 0.232614
85 -0.236866
86 0.170595
87 -0.130942
88 0.249758
89 0.137593
90 -0.127037
91 -0.173054
92 1.096681
93 0.577958
94 0.197626
95 -0.130360
96 -0.349836
97 0.646354
98 0.297188
99 0.255156
100 0.176761
101 0.060474
102 -0.371556
103 -0.002078
104 -0.150662
105 0.104106
106 -0.270339
107 0.031767
108 0.072315
109 0.213215
110 0.311118
111 -0.051845
112 0.084994
113 -0.062874
114 0.044679
115 -0.007631
116 -0.047675
117 -0.290557
118 0.134917
119 -0.122884
120 -0.080900
121 -0.097396
122 0.052239
123 -0.254115
124 -0.159448
125 0.080088
126 0.144121
127 -0.004985
128 0.054244
129 -0.226564
130 0.081452
131 0.152107
132 0.829137
133 0.201139
134 0.215598
135 0.590027
136 0.039261
137 -0.156441
138 -0.511125
139 0.294830
140 0.447969
141 0.716982
142 1.082481
143 0.051732
144 -0.221205
145 -0.044416
146 0.399344
147 0.117923
148 0.073521
149 0.213145
150 0.280871
151 0.084488
152 -0.155812
153 -0.148052
154 -0.090299
155 0.230043
156 0.130052
157 -0.177735
158 -0.007020
159 0.168307
160 -0.140174
161 -0.080363
162 -0.105975
163 0.090194
164 -0.061412
165 0.009662
166 0.308381
167 -0.201543
168 -0.077526
169 0.081792
170 0.672206
171 0.356252
172 0.621199
173 0.342410
174 0.242268
175 0.663201
176 0.009772
177 0.152021
178 0.376110
179 0.147873
180 -0.236159
181 -0.055178
182 -0.002996
183 0.264530
184 0.254847
185 0.069965
186 0.250661
187 0.002774
188 0.084083
189 -0.040561
190 0.072606
191 0.385760
192 -0.077782
193 -0.165271
194 0.130924
195 -0.090215
196 0.636207
197 -0.222097
198 -0.415914
199 0.169399
200 -0.135563
201 0.227881
202 0.310665
203 -0.278156
204 -0.245938
205 0.043116
206 0.285008
207 0.169692
208 0.099508
209 0.278307
210 0.100975
211 0.140654
212 0.258643
213 0.351495
214 0.334161
215 -0.097269
216 0.268522
217 0.390913
218 0.050724
219 0.159741
220 0.223341
221 -0.076034
222 0.484589
223 -0.248108
224 -0.115553
225 -0.142688
226 0.189512
227 -0.029053
228 -0.265192
229 0.121735
230 -0.108073
231 -0.196614
232 -0.218977
233 -0.336807
234 -0.340031
235 0.167558
236 -0.256963
237 -0.056752
238 0.006125
239 0.035860
240 -0.190472
241 0.053442
242 -0.169313
243 -0.139681
244 1.427865
245 0.004477
246 -0.299877
247 -0.156169
248 -0.236468
249 -0.086160
250 0.190073
251 0.214186
252 0.185072
253 -0.077526
254 -0.028722
255 0.005928
256 0.073837
257 -0.204394
258 0.442021
259 0.603585
260 -0.354044
261 -0.060869
262 -0.146428
263 0.013145
264 2.142829
265 1.603259
266 0.129624
267 0.286807
268 0.097621
269 -0.034419
270 -0.044331
271 -0.244495
272 0.261069
273 1.346584
274 -0.017453
275 0.130038
276 0.060916
277 -0.325450
278 -0.083644
279 -0.140877
280 0.325266
281 0.035561
282 0.007915
283 -0.044976
284 1.744732
285 0.310311
286 -0.121393
287 -0.110143
288 0.032232
289 0.006842
290 -0.241767
291 -0.091688
292 0.087913
293 0.046653
294 0.108930
295 0.050801
296 -0.109061
297 -0.082762
298 0.985024
299 2.362402
300 -0.248982
301 0.069981
302 0.834160
303 0.253662
304 -0.033611
305 -0.245521
306 -0.578209
307 -0.107986
308 0.071095
309 0.005238
310 0.125779
311 -0.217922
312 0.020084
313 0.048876
314 0.044067
315 0.117059
316 -0.089028
317 -0.248457
318 -0.074494
319 -0.095361
320 -0.036335
321 -0.193848
322 -0.323324
323 0.310770
324 0.578542
325 -0.042627
326 0.108625
327 -0.310544
328 -0.178225
329 0.116367
330 -0.017471
331 -0.175496
332 0.053147
333 0.116115
334 -0.058955
335 -0.020524
336 0.429315
337 0.425317
338 -0.054270
339 -0.093496
340 -0.088768
341 0.124083
342 -0.035012
343 0.044809
344 0.058452
345 -0.072478
346 0.019446
347 -0.002782
348 0.244760
349 -0.039254
350 -0.199337
351 0.385737
352 -0.060567
353 -0.027626
354 -0.052818
355 -0.038342
356 -0.024194
357 -0.089593
358 -0.137459
359 0.065653
360 0.029470
361 -0.043706
362 -0.033245
363 0.056886
364 -0.027263
365 -0.002490
366 -0.038702
367 -0.076235
368 -0.161751
369 0.095451
370 0.102206
371 0.129202
372 0.073090
373 -0.001645
374 0.010854
375 -0.134954
376 -0.156283
377 0.187920
378 -0.076585
379 0.093999
380 -0.032023
381 0.023092
382 0.211878
383 0.026580
384 -0.021074
385 -0.181501
386 0.171444
387 0.002428
388 -0.031491
389 -0.017939
390 -0.099205
391 0.006331
392 -0.084724
393 -0.112010
394 0.038056
395 -0.071549
396 0.067332
397 -0.069332
398 -0.173000
399 0.097313
400 -0.055690
401 -0.001590
402 0.113090
403 0.041598
404 0.215783
405 -0.123328
406 -0.150094
407 -0.030733
408 0.055303
409 -0.369419
410 -0.125102
411 -0.067788
412 -0.419911
413 -0.060067
414 -0.027944
415 -0.109634
416 0.070519
417 -0.005696
418 -0.038460
419 -0.104373
420 -0.346786
421 -0.034852
422 -0.176053
423 -0.044581
424 -0.288794
425 -0.081261
426 -0.229794
427 -0.373323
428 -0.067112
429 -0.167018
430 -0.046183
431 -0.354896
432 -0.287041
433 -0.204838
434 -0.179449
435 -0.026571
436 0.024193
437 -0.024572
438 -0.009452
439 0.009621
440 0.043684
441 0.092700
442 -0.054587
443 -0.467292
444 -0.220156
445 0.288069
446 -0.335965
447 -0.068353
448 -0.105431
449 -0.250846
450 -0.017206
451 0.118079
452 0.027061
453 0.028289
454 -0.071302
455 0.001472
456 -0.170005
457 0.060090
458 -0.078625
459 -0.145290
460 -0.035955
461 -0.017847
462 -0.014484
463 0.123213
464 -0.008088
465 -0.043247
466 -0.095779
467 -0.057357
468 0.023795
469 -0.138137
470 -0.006735
471 -0.059563
472 0.178997
473 -0.100376
474 0.020904
475 0.039897
476 -0.010771
477 -0.100107
478 -0.074643
479 0.206458
480 -0.244636
481 -0.096671
482 -0.002309
483 0.077599
484 0.032851
485 -0.043445
486 0.097369
487 -0.174523
488 0.029276
489 -0.096894
490 -0.073387
491 -0.116293
492 -0.626911
493 -0.083098
494 -0.069598
495 -0.416925
496 -0.437722
497 -0.018415
498 -0.078951
499 -0.050646
500 -0.133621
501 -0.134763
502 -0.003086
503 -0.157267
504 0.033079
505 -0.057073
506 0.105161
507 -0.055493
508 -0.136405
509 -0.208721
510 -0.007165
511 0.148277
512 0.091398
513 0.015324
514 -0.041651
515 -0.121198
516 -0.223336
517 -0.079443
518 -0.032907
519 0.083304
520 -0.032975
521 -0.091235
522 0.079906
523 -0.026755
524 0.005800
525 -0.021208
526 0.031054
527 -0.473040
528 -0.170509
529 -0.133539
530 -0.122337
531 -0.103482
532 -0.173149
533 -0.241285
534 -0.268408
535 -0.135768
536 -0.039122
537 -0.008628
538 -0.032619
539 0.864241
540 1.367173
541 0.421145
542 -0.050835
543 -0.074723
544 0.090120
545 -0.097648
546 -0.015603
547 0.013231
548 -0.057446
549 -0.075688
550 -0.255010
551 -0.143176
552 -0.044607
553 -0.115516
554 0.314308
555 -0.020660
556 0.097704
557 -0.089187
558 -0.098103
559 -0.154490
560 -0.013161
561 -0.082074
562 0.111504
563 0.205483
564 -0.133256
565 0.024072
566 0.119369
567 -0.235419
568 0.424240
569 0.182220
570 -0.152447
571 -0.106509
572 0.036095
573 0.159761
574 0.227482
575 0.180505
576 -0.472735
577 0.061508
578 -0.046993
579 0.071136
580 0.201473
581 -0.063148
582 0.169321
583 -0.039915
584 0.012435
585 0.217100
586 0.351195
587 -0.171203
588 0.105459
589 -0.276083
590 0.325040
591 -0.032040
592 0.345958
593 0.610093
594 -0.044433
595 -0.105673
596 -0.004183
597 0.023849
598 -0.112183
599 0.264498
600 0.222159
601 -0.440167
602 -0.132047
603 -0.054133
604 -0.477345
605 0.353422
606 0.220168
607 0.253662
608 -0.255571
609 -0.155120
610 0.348868
611 -0.048488
612 0.419569
613 -0.072720
614 0.255821
615 0.940280
616 0.534760
617 -0.029428
618 -0.110529
619 0.041643
620 0.116776
621 0.207158
622 0.213078
623 0.270321
624 0.218690
625 -0.238513
626 -0.427249
627 0.091458
628 0.413768
629 0.209656
630 0.671859
631 -0.113084
632 0.334979
633 -0.255749
634 0.155064
635 0.146049
636 0.082134
637 0.388436
638 -0.462218
639 0.492205
640 0.682408
641 -0.043403
642 0.204072
643 0.580186
644 0.194100
645 0.621106
646 0.341767
647 0.385498
648 0.294507
649 -0.114419
650 0.145499
651 0.177487
652 0.452401
653 0.582614
654 -0.000947
655 0.598860
656 -0.054638
657 0.177567
658 0.181621
659 0.353579
660 0.256452
661 0.317229
662 -0.259918
663 0.169120
664 0.455803
665 0.777138
666 0.322433
667 -0.152613
668 0.552359
669 0.625000
670 -0.131754
671 0.438978
672 0.075456
673 0.411887
674 0.143195
675 0.047160
676 -0.018867
677 0.201753
678 -0.200924
679 0.290256
680 0.248536
681 -0.439469
682 -0.098743
683 0.106095
684 -0.365386
685 0.260274
686 -0.122502
687 0.247571
688 -0.129509
689 0.390045
690 0.183976
691 -0.197437
692 0.503276
693 0.287585
694 0.505802
695 0.150471
696 0.121432
697 0.521743
698 -0.083902
699 0.110486
700 0.419303
701 -0.325302
702 0.254437
703 0.159656
704 0.593348
705 0.200572
706 0.442322
707 0.094797
708 0.231752
709 0.360442
710 0.048834
711 0.254447
712 0.375897
713 -0.504575
714 0.446761
715 -0.187341
716 -0.215242
717 0.026209
718 0.278776
719 0.564230
720 0.094043
721 0.083212
722 0.288510
723 -0.081344
724 0.096453
725 0.575672
726 0.103398
727 0.318538
728 0.199652
729 -0.008860
730 0.057757
731 0.398670
732 0.448658
733 -0.146551
734 0.203511
735 -0.050836
736 0.406666
737 0.665400
738 0.508143
739 0.396586
740 0.205073
741 -0.204435
742 0.308330
743 0.002119
744 0.461938
745 0.173839
746 0.126106
747 0.296448
748 0.278932
749 0.223933
750 -0.187147
751 0.011273
752 0.872428
753 0.262032
754 -0.062093
755 0.299172
756 -0.171080
757 -0.065529
758 0.608605
759 -0.010961
760 0.098633
761 1.196374
762 0.030880
763 0.285464
764 -0.154242
765 -0.023189
766 -0.081875
767 -0.142400
768 0.271750
769 -0.085263
770 -0.246742
771 0.047158
772 0.525526
773 -0.168713
774 0.050381
775 0.111578
776 0.303104
777 0.228654
778 0.433155
779 0.034296
780 0.208381
781 0.845534
782 -0.061350
783 0.163040
784 0.120101
785 -0.594806
786 0.143743
787 -0.092356
788 0.404479
789 0.195511
790 0.045378
791 -0.213018
792 -0.167248
793 0.063709
794 0.209604
795 -0.060236
796 0.198644
797 0.447473
798 0.401264
799 0.124876
800 -0.180455
801 0.059955
802 -0.141868
803 0.027956
804 0.068418
805 0.294064
806 0.339199
807 0.459679
808 0.269401
809 -0.153835
810 -0.146762
811 -0.238865
812 0.245949
813 0.348815
814 -0.149905
815 0.011873
816 0.336430
817 0.348723
818 0.259990
819 0.206801
820 0.101897
821 -0.144695
822 0.229936
823 0.511864
824 -0.239720
825 0.282178
826 0.150708
827 -0.021632
828 0.045126
829 0.025965
830 0.012752
831 0.179363
832 0.092477
833 0.099486
834 0.194303
835 0.201680
836 0.513036
837 0.175246
838 0.541132
839 0.235141
840 0.269778
841 -0.109897
842 0.115938
843 0.251896
844 -0.137605
845 -0.171920
846 -0.209245
847 -0.122821
848 -0.234181
849 0.464936
850 -0.208117
851 0.154975
852 0.024513
853 0.498797
854 0.125424
855 0.388978
856 0.226242
857 0.101262
858 0.314958
859 0.330876
860 0.074563
861 0.386845
862 0.069262
863 -0.096713
864 -0.048274
865 -0.189885
866 0.137932
867 -0.181943
868 -0.255777
869 0.553403
870 0.942523
871 -0.403921
872 -0.438428
873 -0.185292
874 -0.512794
875 0.166659
876 -0.111101
877 0.256376
878 -0.032766
879 -0.172414
880 0.511369
881 -0.036556
882 0.252794
883 0.043451
884 0.066514
885 0.015635
886 0.012299
887 -0.134835
888 0.615460
889 0.552399
890 0.086807
891 -0.198136
892 0.181244
893 0.160998
894 0.168211
895 0.712713
896 -0.061066
897 -0.097681
898 0.248974
899 0.217143
900 0.330005
901 0.103745
902 0.315289
903 0.367027
904 -0.107528
905 -0.154622
906 -0.069892
907 0.552835
908 0.014791
909 0.606092
910 0.602082
911 0.085469
912 0.110196
913 0.163748
914 0.155609
915 0.120539
916 0.751400
917 -0.189684
918 0.611508
919 0.030558
920 -0.019746
921 -0.202474
922 -0.322371
923 0.366077
924 0.351510
925 0.098203
926 -0.196309
927 0.032215
928 0.240319
929 0.231933
930 -0.202131
931 0.144896
932 0.417709
933 0.244743
934 0.108383
935 -0.106212
936 0.137747
937 0.016315
938 0.113541
939 -0.181780
940 0.621543
941 -0.208385
942 -0.025223
943 -0.005757
944 0.220387
945 0.464507
946 0.235661
947 -0.182162
948 -0.036334
949 -0.364290
950 0.217705
951 0.149987
952 0.042391
953 0.141413
954 -0.218093
955 0.156198
956 0.020918
957 0.639914
958 -0.005668
959 -0.092110
960 0.861486
961 -0.016466
962 0.607939
963 -0.253127
964 -0.037159
965 0.252854
966 0.187520
967 0.583423
968 -0.256014
969 0.206624
970 0.188826
971 0.207450
972 0.115436
973 -0.008832
974 -0.059440
975 -0.036474
976 0.093240
977 -0.088973
978 -0.221602
979 0.069817
980 0.145522
981 0.002213
982 0.543656
983 0.107012
984 -0.194158
985 -0.134576
986 0.102858
987 -0.019291
988 0.347773
989 0.132843
990 -0.378623
991 -0.065340
992 0.159790
993 -0.026331
994 -0.238984
995 -0.143945
996 -0.136775
997 -0.051358
998 0.012697
999 -0.199866
1000 0.037495
1001 0.146149
1002 -0.398425
1003 -0.245661
1004 0.061949
1005 0.608419
1006 -0.025290
1007 -0.195020
1008 0.516666
1009 0.681434
1010 0.033007
1011 -0.067158
1012 0.304990
1013 0.348296
1014 0.350982
1015 0.118604
1016 -0.052781
1017 -0.065357
1018 0.367921
1019 0.135921
1020 0.339781
1021 0.016909
1022 0.168989
1023 -0.558325
1024 0.366557
1025 -0.063766
1026 -0.435030
1027 0.276731
1028 -0.131007
1029 -0.186222
1030 -0.084958
1031 0.165106
1032 0.254056
1033 -0.033898
1034 -0.064666
1035 -0.021011
1036 0.412061
1037 -0.362079
1038 -0.180541
1039 0.617012
1040 0.102169
1041 0.037307
1042 0.118898
1043 -0.036841
1044 0.611724
1045 -0.006145
1046 -0.412296
1047 0.179706
1048 0.042577
1049 -0.007627
1050 -0.255973
1051 0.507314
1052 0.181825
1053 0.153695
1054 -0.233464
1055 0.140987
1056 0.118646
1057 0.178874
1058 -0.187942
1059 0.502283
1060 -0.372769
1061 0.418447
1062 -0.255368
1063 0.265094
1064 0.133081
1065 0.397126
1066 0.077970
1067 -0.337234
1068 0.190368
1069 0.130462
1070 -0.203434
1071 0.124269
1072 0.211479
1073 0.074696
1074 0.055182
1075 0.112397
1076 0.184996
1077 0.009117
1078 0.131078
1079 0.233320
1080 0.079629
1081 -0.079572
1082 0.672994
1083 0.108522
1084 -0.150312
1085 -0.008021
1086 -0.144035
1087 -0.337425
1088 0.019889
1089 0.434679
1090 -0.164304
1091 0.464156
1092 0.360691
1093 0.505633
1094 0.236648
1095 0.097529
1096 1.008810
1097 0.105139
1098 -0.341397
1099 -0.196059
1100 0.335373
1101 0.141403
1102 0.246826
1103 0.105373
1104 -0.137010
1105 -0.235111
1106 -0.080446
1107 -0.055737
1108 0.340352
1109 -0.173814
1110 -0.236019
1111 0.653627
1112 -0.042817
1113 0.139843
1114 0.098293
1115 0.185205
1116 -0.187067
1117 -0.030161
1118 -0.176104
1119 0.204179
1120 0.101606
1121 0.170127
1122 -0.184309
1123 -0.041904
1124 -0.150024
1125 0.074757
1126 0.048390
1127 0.053631
1128 -0.127000
1129 0.053696
1130 0.374972
1131 0.423551
1132 -0.347230
1133 -0.244864
1134 -0.214456
1135 1.039910
1136 0.801310
1137 0.332329
1138 -0.260360
1139 0.065286
1140 -0.095565
1141 -0.005108
1142 -0.087840
1143 -0.231162
1144 -0.109257
1145 0.497582
1146 -0.683253
1147 -0.519061
1148 -0.174883
1149 -0.492487
1150 0.141850
1151 0.224517
1152 0.115072
1153 0.277637
1154 0.001225
1155 0.130566
1156 0.812810
1157 0.061829
1158 -0.105254
1159 0.424287
1160 -0.062121
1161 -0.550305
1162 -0.305088
1163 -0.070945
1164 0.825188
1165 -0.497223
1166 0.116448
1167 0.064569
1168 -0.181402
1169 0.405681
1170 0.401382
1171 -0.066885
1172 -0.053913
1173 0.096330
1174 0.901095
1175 -0.029515
1176 0.148859
1177 0.345613
1178 -0.052798
1179 0.181376
1180 -0.019427
1181 0.029608
1182 -0.153107
1183 -0.043928
1184 0.286642
1185 -0.096774
1186 0.053674
1187 0.345820
1188 -0.000242
1189 0.681404
1190 0.583081
1191 -0.315682
1192 -0.032706
1193 -0.063500
1194 0.213466
1195 0.369844
1196 0.679720
1197 0.079020
1198 0.053114
1199 0.078779
1200 0.120914
1201 -0.148073
1202 0.088946
1203 -0.053532
1204 0.688070
1205 -0.138467
1206 -0.078938
1207 0.319898
1208 0.101577
1209 -0.060331
1210 0.144547
1211 0.590577
1212 -0.414313
1213 0.016322
1214 -0.179174
1215 0.452127
1216 0.513475
1217 0.038703
1218 0.424135
1219 0.196274
1220 0.143917
1221 0.104653
1222 0.301510
1223 -0.109804
