SAMPLES:	24475
BITSPERSAMPLE:	16
CHANNELS:	1
SAMPLERATE:	16000
NORMALIZED:	FALSE
1
2
3
3
4
4
3
3
3
3
3
3
4
4
4
4
5
6
6
7
8
9
9
10
11
11
11
11
11
11
11
11
11
11
11
11
12
12
13
13
13
13
14
14
14
14
14
13
13
13
13
12
12
12
11
11
11
11
12
12
13
13
13
13
13
13
12
12
12
11
11
10
10
10
9
9
10
10
11
11
12
13
14
13
11
9
7
7
8
8
9
8
7
6
6
5
7
8
9
9
11
11
9
9
8
7
8
7
6
6
6
5
6
6
6
5
8
8
7
6
9
8
8
9
9
9
9
9
8
6
6
5
5
4
3
3
6
5
5
6
11
9
8
8
7
9
8
6
5
7
6
5
5
4
4
3
8
6
5
5
52
9
31
16
23
11
-7
6
-10
0
-8
1
10
6
6
8
54
11
33
18
79
8
49
19
26
38
17
41
29
23
39
7
28
9
12
25
72
2
43
13
79
16
14
19
32
50
32
26
29
28
24
18
29
15
28
13
82
19
17
22
86
4
-1
7
45
43
25
-8
-2
51
22
20
-3
16
14
20
77
-4
-9
0
77
1
17
11
37
3
3
-7
4
5
-12
2
2
2
4
1
79
3
18
12
75
-4
19
8
19
17
12
12
22
24
11
17
12
1
20
7
75
-3
20
9
75
1
26
26
28
28
0
29
16
18
9
7
27
5
32
10
81
7
31
31
125
39
51
51
58
56
52
53
50
41
55
49
56
44
46
37
144
57
68
66
123
53
76
68
68
68
72
50
57
56
54
55
53
48
30
49
92
24
48
42
104
69
56
49
72
75
63
51
48
67
73
57
50
49
48
41
105
70
57
50
105
51
63
54
80
42
59
47
47
33
44
26
32
29
30
25
76
24
37
29
77
27
45
5
33
5
35
18
35
1
25
12
33
13
27
12
62
13
31
-7
47
-6
7
5
31
33
31
28
25
38
25
47
33
27
33
34
83
28
40
36
106
34
26
44
60
32
37
31
27
39
22
8
21
35
15
16
90
19
11
30
115
15
44
40
52
36
21
26
22
12
10
11
16
13
25
7
102
3
33
29
117
7
26
28
67
42
30
36
36
36
48
24
29
27
35
19
115
5
24
27
115
11
30
41
44
36
35
48
14
43
50
30
5
42
24
18
119
14
33
44
117
34
54
52
59
70
49
43
44
31
72
31
47
36
34
47
112
29
49
47
117
29
57
33
81
54
63
46
52
52
60
55
34
44
34
52
109
21
49
26
106
-10
19
38
49
30
22
21
30
32
18
2
20
34
20
6
98
-18
11
31
102
32
46
43
58
52
48
46
44
46
36
41
42
29
32
30
103
33
47
44
111
29
47
33
59
43
34
51
34
29
38
40
23
19
22
23
87
6
25
12
62
-26
7
34
16
13
8
10
22
17
-8
31
11
3
9
15
61
-28
6
32
88
6
58
13
53
33
36
38
23
28
38
35
36
23
28
27
83
2
54
9
92
7
-5
17
21
-2
16
31
9
-3
26
14
-16
11
17
3
92
6
-5
17
115
8
23
27
29
14
29
12
19
7
5
14
2
11
14
19
110
4
20
23
103
-8
35
23
28
30
27
28
24
16
32
35
12
22
21
10
98
-13
31
19
93
17
18
16
28
32
43
20
2
18
0
29
10
14
12
12
89
13
14
12
67
11
4
18
21
22
28
31
26
21
20
20
12
27
36
10
76
20
12
25
72
25
16
10
31
24
23
8
11
27
12
18
13
16
11
16
59
13
5
0
95
11
23
18
33
5
23
23
7
11
-2
12
0
-4
4
21
103
18
30
24
113
11
39
29
43
25
3
24
13
36
0
17
23
7
17
2
102
0
29
19
63
3
25
11
27
2
33
-8
30
15
17
6
20
3
12
7
55
-4
18
4
49
-18
10
1
19
6
0
9
6
8
5
5
0
5
-5
10
47
-20
9
0
52
-3
24
0
29
12
33
23
22
24
22
22
23
21
34
16
73
16
43
17
98
8
27
28
28
51
49
55
29
37
43
41
57
35
39
41
124
32
51
50
116
41
56
59
67
75
59
63
66
57
59
49
56
58
52
44
116
40
56
58
129
51
49
37
56
45
65
63
60
36
34
38
31
28
48
39
101
24
23
13
80
-26
29
27
8
47
19
31
11
24
16
30
29
13
20
19
88
-19
36
33
92
14
43
23
65
34
49
37
48
33
50
38
47
29
36
41
96
18
48
27
90
-8
46
3
35
29
16
38
7
22
19
12
18
14
17
18
76
-21
34
-8
74
-30
10
1
7
2
0
2
4
7
-13
10
-2
-1
-11
3
86
-19
21
11
80
15
13
2
17
5
11
0
22
19
15
3
12
0
15
-2
78
13
11
1
53
-14
20
4
36
-10
26
9
24
5
18
16
17
4
6
11
61
-7
28
11
63
8
12
8
22
20
27
13
15
14
14
14
3
17
15
8
63
8
12
8
70
-14
3
17
45
0
10
21
10
16
20
3
8
15
17
2
73
-11
5
19
75
21
36
16
19
16
9
33
8
26
29
26
24
17
21
9
75
20
35
15
122
-4
15
29
16
35
13
21
30
2
19
17
-6
15
9
-6
115
-11
9
23
92
27
39
20
15
19
14
24
7
6
10
4
15
22
13
18
83
18
31
12
61
-13
15
19
16
7
19
14
10
3
13
10
-5
14
8
0
55
-19
9
13
73
4
19
5
22
20
17
15
12
18
11
17
7
13
5
24
71
2
17
4
52
0
10
14
18
-12
13
2
5
-6
20
12
2
2
16
0
52
0
10
14
74
-8
26
17
17
34
11
22
16
17
18
16
8
20
19
7
72
-9
25
16
103
17
44
64
31
63
54
43
65
44
45
42
33
32
33
26
116
30
56
75
147
101
113
129
125
113
118
119
102
101
96
92
87
79
61
59
128
82
96
113
166
102
106
110
116
107
101
86
75
85
73
76
65
54
62
59
114
53
60
66
134
50
88
84
73
96
88
91
91
82
84
81
80
83
79
68
141
56
94
90
163
69
99
94
67
82
70
52
60
47
39
48
48
48
43
36
118
26
58
55
145
60
76
71
64
30
29
39
11
25
38
39
38
30
34
38
120
36
53
50
149
29
41
37
55
50
53
39
33
46
26
23
32
27
18
12
124
6
19
16
88
0
35
23
25
13
30
20
23
21
13
21
29
13
29
4
89
0
37
24
92
-2
35
37
14
29
34
35
12
13
37
7
12
22
0
13
79
-14
23
26
90
23
57
49
34
33
34
39
26
30
24
18
17
6
27
11
84
16
51
43
114
19
54
55
66
28
55
38
52
29
44
32
30
38
33
16
96
1
37
39
99
3
59
32
49
5
59
19
29
9
31
22
21
15
33
5
81
-14
42
17
54
6
12
18
31
12
11
23
24
8
11
27
14
15
9
15
52
4
10
17
69
0
39
16
45
28
38
33
32
33
25
43
16
33
30
24
75
6
45
21
95
24
30
45
51
55
68
48
61
62
53
48
66
48
56
50
123
50
55
69
115
55
41
73
62
41
64
52
31
53
47
42
45
39
25
35
82
23
12
45
79
31
28
42
51
28
37
32
26
26
37
29
12
19
29
17
56
9
7
23
52
6
14
27
26
3
23
14
6
17
21
9
9
18
12
9
40
-4
4
17
98
-11
24
23
20
31
16
39
5
26
28
10
27
0
14
15
94
-14
21
20
108
25
34
49
52
43
59
39
51
49
46
44
38
48
34
46
125
40
49
63
138
36
44
59
36
64
78
43
48
37
28
42
35
32
29
31
104
4
14
30
107
6
31
30
30
25
19
30
34
2
20
12
28
18
10
30
94
-6
19
19
69
-12
15
28
18
11
8
24
28
2
4
12
19
3
0
23
59
-22
6
20
94
8
26
34
40
20
40
44
19
29
32
40
17
29
27
26
100
14
32
39
108
41
61
86
62
76
93
69
89
79
81
76
75
73
70
59
134
66
85
108
187
58
122
102
109
89
81
100
72
73
66
64
68
51
37
66
132
5
72
55
96
46
47
47
65
68
48
31
38
52
46
36
24
41
28
34
73
24
26
27
84
14
22
50
29
13
34
42
25
18
17
29
14
8
22
9
69
0
9
38
85
15
44
54
42
33
48
45
29
45
43
28
36
31
33
33
79
9
38
48
107
6
69
66
43
49
47
45
46
36
31
55
33
18
38
29
85
-14
49
48
105
14
61
48
43
51
29
46
34
35
38
37
31
24
24
24
82
-6
41
29
64
0
51
7
47
4
49
0
42
5
35
13
27
10
27
9
53
-11
41
-1
59
-31
36
-33
31
-4
7
18
-4
20
-15
13
-2
9
-8
0
61
-29
38
-31
38
-8
-5
-21
1
-11
-14
-30
-24
-28
-16
-18
-17
-11
-5
-1
55
8
10
-6
58
1
11
15
15
22
27
4
1
9
10
14
13
4
12
12
78
20
29
32
85
17
47
30
35
52
23
42
37
40
40
19
38
36
34
24
83
16
46
28
79
15
47
14
54
17
38
22
46
20
19
22
29
22
20
24
72
9
42
9
87
-23
33
-14
29
4
20
15
21
20
2
24
-5
2
16
20
87
-23
33
-14
92
-42
13
-6
26
-2
9
7
10
5
16
-2
2
1
-4
8
112
-24
31
9
80
10
12
18
27
13
26
26
18
11
19
8
3
10
22
-7
75
6
8
14
69
18
19
19
41
36
29
33
36
37
24
33
22
29
32
26
80
28
28
28
89
23
40
49
33
54
55
39
42
38
49
48
36
35
38
31
95
29
46
54
93
40
62
57
66
63
52
55
54
54
62
49
47
48
52
45
84
32
54
49
106
47
59
60
56
62
64
69
64
47
54
38
50
55
45
36
97
38
50
52
121
47
41
53
70
59
48
56
43
53
68
55
36
46
46
37
115
41
36
48
103
42
39
31
36
50
58
37
28
13
23
38
23
25
20
9
79
19
18
11
66
-3
14
26
15
13
21
27
12
17
31
4
24
21
14
9
74
4
21
33
86
13
18
21
42
36
20
31
25
20
26
26
16
12
19
26
71
-1
4
8
67
-3
-5
25
26
12
13
10
22
4
0
17
4
7
6
0
62
-8
-10
21
75
-8
34
16
33
14
17
16
23
14
18
24
10
11
17
5
68
-14
28
10
48
-22
20
9
10
12
16
-4
1
19
-4
18
4
1
5
10
43
-27
15
5
64
-10
25
-5
21
15
13
15
20
1
21
12
14
7
3
17
70
-5
30
0
58
-21
4
15
6
9
4
9
1
13
0
-2
12
-4
5
9
61
-18
7
18
81
-6
42
12
28
24
3
16
4
13
10
13
21
8
4
19
73
-14
35
5
91
16
25
38
30
29
18
7
-3
7
3
-11
-2
1
5
8
95
19
29
41
131
16
35
34
50
52
39
24
19
36
31
22
24
11
17
18
112
-1
18
18
51
-5
23
15
11
20
8
18
10
6
26
1
13
7
10
9
42
-14
15
7
55
13
11
14
21
14
12
31
20
12
18
19
19
7
15
22
65
22
19
22
78
9
17
20
27
32
21
39
25
4
32
22
7
15
12
25
67
0
7
10
71
0
24
25
29
33
28
35
33
35
34
40
42
23
30
37
96
23
47
46
142
37
65
68
74
80
78
86
78
71
82
66
66
73
65
63
159
53
80
83
162
54
85
84
96
87
84
68
82
76
82
65
62
51
68
58
136
29
62
62
138
61
80
65
74
90
85
84
86
78
71
77
68
67
74
65
138
61
81
66
146
57
78
86
77
87
89
79
71
70
71
62
56
60
52
48
131
43
65
73
135
53
64
55
80
70
51
46
60
51
59
32
41
39
42
29
101
21
34
26
98
3
27
24
44
31
24
33
21
22
15
25
11
28
14
9
89
-5
19
16
102
-5
27
21
39
38
27
25
21
33
37
26
0
24
18
26
104
-4
29
22
77
35
39
45
48
43
60
66
59
57
61
49
50
59
60
48
105
62
65
69
128
63
86
85
78
88
73
73
71
56
76
54
49
42
37
44
97
34
58
58
113
66
61
61
58
51
51
51
57
62
52
48
37
36
38
37
94
48
45
45
100
27
20
53
56
45
32
29
52
44
21
34
33
28
32
32
83
12
5
40
85
36
18
41
59
17
24
49
37
5
23
42
11
7
22
22
65
16
0
23
65
8
29
24
39
28
11
34
32
23
27
24
26
23
21
22
64
6
28
23
68
14
33
31
23
11
17
13
24
8
16
29
12
14
14
13
58
5
24
23
79
0
23
16
45
9
20
10
27
15
21
12
11
7
21
8
70
-10
15
8
60
-23
18
10
19
16
-12
31
-3
11
15
-5
15
-1
17
0
58
-24
17
8
89
-17
12
13
12
24
10
2
22
5
25
11
-6
8
11
2
91
-16
13
14
56
4
6
26
18
39
30
7
20
19
28
27
13
11
20
20
56
4
6
26
82
-5
31
27
38
19
28
27
23
17
19
16
24
0
19
16
69
-17
19
16
44
17
10
9
25
10
8
16
16
5
4
15
10
8
9
14
36
9
3
2
42
-16
27
-9
29
0
23
3
28
9
16
17
19
11
15
13
58
-2
41
4
39
-31
17
-2
29
-10
15
-13
31
-3
0
5
4
1
8
1
38
-33
16
-4
71
-30
6
-3
12
7
1
8
-1
13
-7
7
-6
4
-3
5
76
-25
11
1
65
-10
11
10
5
19
20
15
28
10
20
20
6
22
7
20
78
1
22
21
61
0
26
11
29
29
27
22
16
16
21
25
14
27
12
16
59
-3
23
9
54
-13
18
18
21
2
26
21
18
12
23
11
23
18
8
19
61
-6
25
24
87
28
26
13
44
34
40
38
40
34
14
25
24
33
27
15
83
24
22
9
84
13
17
25
32
25
33
30
22
25
18
21
12
11
12
4
82
11
15
23
81
14
25
27
26
12
24
37
22
18
9
15
8
8
17
12
69
3
14
17
50
24
28
29
31
20
22
15
19
11
18
15
15
13
15
11
48
22
26
27
62
37
30
22
44
38
26
17
19
15
15
17
11
11
7
14
49
25
19
11
61
1
18
9
11
18
14
18
15
4
19
7
13
11
0
7
59
0
17
8
62
21
19
26
21
28
19
8
14
0
2
5
-2
13
8
2
65
24
22
28
85
30
36
41
36
40
31
43
32
31
38
24
27
37
23
26
90
35
41
45
80
37
33
38
51
40
49
43
34
24
43
36
30
30
40
20
66
23
20
26
114
11
18
30
46
32
24
45
26
20
30
27
20
6
21
12
101
-1
6
19
85
45
61
67
73
81
94
89
96
84
81
85
75
78
64
68
128
85
99
103
183
79
94
87
85
81
103
71
73
63
64
56
68
50
28
51
129
27
45
41
88
39
41
39
42
31
37
29
18
27
32
20
14
20
16
25
71
22
26
24
109
23
25
11
16
28
27
24
50
22
1
3
4
16
22
16
98
12
14
1
88
14
3
17
39
44
23
13
24
31
20
12
13
14
16
22
107
32
20
32
85
18
42
43
32
36
27
36
39
17
29
25
20
17
12
24
71
4
29
31
104
29
35
38
49
40
46
46
38
39
45
38
20
30
29
42
102
27
33
35
129
47
79
62
64
67
56
57
58
40
52
40
35
22
22
12
113
32
65
49
118
53
50
57
40
38
41
49
35
33
29
24
18
19
32
17
93
29
27
36
78
19
50
21
43
27
38
25
30
16
26
17
15
18
23
13
60
2
34
6
88
-7
41
32
17
33
32
30
38
34
22
42
25
13
33
21
107
10
59
48
120
42
51
45
43
47
45
53
38
30
29
30
30
21
19
13
95
19
29
23
80
19
33
17
17
12
29
21
12
10
3
19
20
17
19
10
69
8
24
8
60
-20
36
-14
30
-6
21
7
10
10
0
15
-10
15
-10
11
56
-24
32
-17
27
-32
-5
-11
2
-13
10
-12
0
-7
0
-9
5
-3
-5
2
43
-17
8
1
34
-11
6
20
11
-8
12
21
-5
3
10
6
-5
5
1
2
33
-11
5
19
60
-1
28
19
34
18
22
21
24
12
24
11
27
3
16
15
53
-8
21
13
59
18
18
22
37
24
24
38
35
18
24
21
26
21
20
14
63
22
22
25
85
0
29
17
41
0
38
25
15
11
28
4
17
15
15
0
75
-8
21
9
69
-11
6
22
12
10
21
-2
0
29
4
0
-2
8
5
7
65
-15
3
20
96
5
24
19
34
20
12
36
20
9
7
3
16
16
2
5
87
-2
16
11
65
0
23
15
44
22
29
28
25
48
23
32
17
37
24
31
79
14
37
28
69
15
28
22
34
26
30
22
37
21
19
14
30
17
26
14
61
7
21
14
60
7
27
20
26
35
25
41
31
24
35
29
33
32
22
36
75
21
41
33
116
20
40
52
46
48
52
42
45
42
45
24
31
24
30
30
106
11
32
44
119
41
50
43
51
49
46
43
38
50
29
23
33
33
30
24
103
26
35
29
63
25
35
30
35
24
28
18
28
11
16
14
13
15
11
9
50
12
23
19
66
11
12
0
40
26
17
17
24
16
11
4
16
18
13
5
56
2
3
-7
77
1
4
1
3
-2
11
-3
-2
0
-12
-2
0
6
2
8
87
11
14
10
104
-2
0
16
29
4
12
21
21
12
5
0
2
6
5
3
99
-7
-4
12
87
-8
12
34
18
16
34
23
7
16
20
4
25
19
-1
21
87
-8
12
34
87
40
42
45
48
41
40
34
35
29
33
33
25
25
29
20
65
19
23
27
98
17
51
54
57
57
77
56
64
75
68
67
61
61
68
57
131
49
81
83
132
57
76
89
75
68
76
67
46
64
48
49
49
40
41
36
91
18
38
53
91
35
54
37
54
36
47
27
41
26
30
28
29
27
27
23
64
10
30
14
90
-5
20
24
8
14
21
13
13
19
2
12
15
11
4
10
85
-10
15
20
86
26
24
20
9
20
28
29
21
29
19
1
15
0
6
21
77
17
16
13
71
-5
23
-2
23
14
25
6
16
19
15
17
14
11
9
11
71
-5
23
-2
42
-17
12
3
8
12
11
2
11
-1
4
14
-2
15
3
5
52
-8
20
11
69
-43
47
-21
40
1
19
16
4
16
-10
18
5
15
1
2
64
-48
42
-26
10
-50
-11
-19
-26
-16
-14
-15
-18
-21
0
-20
-9
-3
-20
-9
25
-36
1
-6
36
-18
2
10
0
17
4
2
5
-3
11
2
-3
6
-12
6
39
-15
5
12
75
5
18
22
37
25
28
27
27
20
18
17
17
9
13
11
71
1
15
18
65
2
33
24
24
29
22
16
23
13
32
15
18
8
20
11
58
-4
26
17
71
4
26
13
11
-1
16
21
20
22
11
7
9
13
3
14
64
-1
20
7
69
-17
0
25
24
3
0
16
18
-15
14
2
1
-1
7
2
67
-19
-1
23
72
0
19
20
14
27
6
27
23
9
14
10
5
23
12
10
60
-10
9
10
69
-4
17
32
10
24
28
13
23
14
2
26
-1
1
21
3
62
-11
10
26
96
24
24
56
42
37
44
54
58
33
36
42
48
33
27
43
104
31
32
63
127
42
54
58
70
47
54
49
45
39
45
36
24
33
39
24
97
13
27
32
85
34
42
37
38
27
29
21
27
18
22
23
17
18
21
21
66
17
25
21
62
10
23
22
15
10
10
21
6
16
15
12
22
5
14
8
52
1
13
13
87
6
20
13
21
0
17
25
20
2
7
12
1
8
5
3
82
2
16
9
66
20
24
26
36
28
27
19
20
25
18
10
27
18
21
22
84
37
41
42
89
16
61
36
39
30
41
30
37
32
32
34
18
29
19
23
71
0
45
20
55
15
32
12
22
12
12
7
14
10
5
14
11
20
10
12
45
5
23
3
75
-47
33
-17
27
0
11
11
0
11
5
0
20
-9
14
0
77
-45
35
-16
66
-47
10
-7
18
-10
7
5
-3
15
-10
16
-15
8
-18
5
79
-35
21
4
63
2
8
7
19
23
22
29
19
6
29
31
21
24
12
22
82
21
25
24
72
7
41
27
32
17
40
9
40
15
31
24
24
16
19
11
69
3
38
24
79
4
24
13
43
18
14
17
27
16
5
14
14
14
0
19
69
-5
14
4
88
-17
13
-3
18
13
3
9
8
8
3
3
19
2
4
5
88
-17
13
-2
69
-43
10
-13
22
10
-7
9
-11
-2
19
0
-4
-9
-6
9
71
-41
12
-11
53
-40
11
-29
12
-2
-13
6
-16
11
-3
-3
-6
-6
5
-8
63
-30
20
-20
36
-28
-18
-9
-11
-7
-6
-10
-15
0
-11
-13
1
-13
-13
-9
48
-17
-7
0
43
-10
1
6
16
-5
-2
9
1
6
1
0
-4
3
0
-6
46
-8
3
8
48
8
21
12
22
31
19
17
13
21
14
13
11
7
10
6
44
4
18
9
53
-4
11
17
14
18
13
1
26
11
4
16
-2
7
11
7
49
-8
7
13
47
4
15
12
20
24
7
20
19
20
20
9
20
21
18
6
52
9
20
17
51
14
28
6
16
9
20
14
16
6
10
0
12
9
16
7
44
7
21
0
48
5
13
-15
16
17
23
-5
10
-1
15
6
7
1
2
0
52
8
16
-12
52
17
24
2
-21
-3
-1
4
10
23
9
14
10
-8
3
-6
70
35
40
18
123
47
38
49
27
13
36
0
19
37
4
14
13
6
3
22
114
38
30
42
143
58
47
35
65
73
61
-13
16
26
44
35
0
15
29
31
123
39
29
18
507
144
72
139
315
395
289
276
389
328
276
393
374
433
320
288
849
470
381
433
1015
484
482
595
698
796
689
626
792
767
597
668
704
647
591
602
1158
620
612
718
1240
711
850
658
723
875
793
793
560
539
500
601
592
448
457
378
997
480
631
450
1410
405
838
826
935
1222
948
987
1038
1071
1020
1046
988
831
928
914
1774
750
1166
1138
1807
946
1144
1072
1349
1160
1091
1114
1129
1089
1002
1117
884
1022
924
867
1605
754
962
898
3583
1052
1730
2153
2211
2802
2940
2909
3082
3105
3420
3341
3051
3446
3326
3176
5914
3266
3834
4151
8229
3639
4357
4665
5167
5152
4952
5017
4839
4408
4114
4086
4083
3777
3442
3559
7330
2786
3546
3895
7588
2253
3963
4255
4396
4153
3920
3910
3646
3330
3241
3097
2814
2709
2686
2429
5952
698
2487
2852
6216
1724
2873
3563
3608
3302
3459
3315
3056
2971
2664
2764
2596
2463
2146
2305
5401
950
2138
2863
5561
2711
3238
3817
3702
4058
3992
3990
4118
3886
3715
3921
3627
3471
3461
3413
5923
3055
3565
4127
5372
3520
3696
3690
3938
3664
3384
3352
3225
3048
2905
2756
2702
2405
2512
2311
3543
1783
2046
2123
3554
1832
2221
2232
2275
2421
2514
2118
2272
2073
2010
1977
1943
1648
1953
1569
3052
1355
1768
1801
2721
1471
1832
1878
1741
1795
1975
1712
1587
1730
1522
1372
1654
1480
1218
1311
2230
1005
1390
1457
1931
807
1886
688
1679
814
1497
897
1059
1014
856
973
794
830
754
757
1230
141
1253
86
554
45
414
113
257
242
285
428
145
398
246
308
272
266
234
201
723
206
567
258
943
240
388
307
381
571
591
459
460
410
516
448
414
319
452
435
1033
325
469
384
1168
332
482
195
444
547
573
447
199
300
119
392
223
202
108
238
970
143
303
25
1022
-108
356
207
-11
225
114
-34
379
225
210
185
-29
181
110
85
1140
3
462
308
1261
309
1095
730
867
907
1107
986
1130
1190
1249
1280
999
1229
1017
1127
2098
1105
1850
1448
1992
1601
1872
1745
1664
1464
1507
1403
1413
1444
1450
1411
1279
1143
1160
977
1597
1226
1516
1406
2526
816
1484
1039
1393
1068
1491
640
1059
870
897
916
495
624
698
624
1798
123
826
414
5266
41
2302
2035
2212
1200
3366
1074
1358
2228
1512
1729
875
782
1350
1051
6169
899
3117
2809
7698
3452
4698
3582
3912
4106
4366
4289
3394
3636
3323
2482
2401
1877
2716
2823
7081
2866
4141
3052
7629
3603
5204
4287
4933
4822
5246
5163
4519
4862
4573
3695
3400
2766
3326
3366
7027
3031
4661
3771
6965
4122
4108
4825
4562
4313
4744
3956
4373
4295
3694
3515
2872
3354
3335
2800
6067
3269
3298
4055
10625
3024
6666
7230
6095
5290
7682
6154
6376
6405
6503
6552
4901
5279
4945
5320
11608
3959
7554
8073
12150
6633
9667
8639
7929
8448
8471
8197
7779
7632
7930
7031
6881
7106
6312
6454
10514
5080
8191
7236
10210
3935
9170
6538
6727
4916
8819
4601
5717
6715
5467
4753
5342
5053
4128
4768
7575
1432
6792
4279
6718
2411
4852
4236
4361
2541
4864
2777
3308
3113
2898
2678
2243
2122
2373
2120
4561
362
2905
2386
10086
1726
7482
6354
4184
6743
5824
5980
7047
5649
7885
6302
5330
6740
4664
5706
13395
4870
10468
9191
15936
10161
13057
12505
10429
10346
12161
9485
10577
11341
10482
11281
10001
9128
9653
8821
16236
10445
13327
12762
15333
9455
13335
11386
10318
10272
10423
9140
9651
8709
8467
8477
6973
7693
6948
6513
9656
4062
8211
6518
8260
4391
6419
6655
4615
4357
6239
3818
4424
4409
3554
3824
3401
2936
3287
2791
4792
1097
3289
3682
8995
-661
10353
-769
9505
-2749
10781
-2521
9334
-332
7996
185
6133
1407
4140
2511
8771
-873
10151
-961
4622
-3774
5949
-2774
5188
-3945
7032
-4316
5739
-1674
4240
-1316
3046
-853
1641
171
6312
-2168
7474
-1324
2398
-1999
865
103
605
101
812
255
307
744
797
184
-201
267
332
67
3991
-486
2303
1469
4759
826
2051
2194
2367
1284
2346
2008
1926
1714
748
1498
961
1067
965
761
4092
192
1449
1622
10564
2394
7126
6092
4658
3545
6377
5032
4731
5848
4421
3983
4345
3884
4110
4220
13064
4768
9382
8235
16353
7859
11794
11467
9954
9750
9732
8452
8520
8532
8207
6291
6060
6633
5694
6047
14987
6561
10561
10295
13482
8070
10594
9183
8402
8146
9290
7384
7812
8105
6408
6926
6127
6152
5955
5541
9120
3926
6657
5443
8155
4481
5899
5872
4939
5421
5486
5197
5643
4941
4841
4980
4310
4807
4477
4176
7249
3620
5081
5095
10243
994
8829
4624
5762
4064
6469
3539
4728
4105
3887
3246
4308
2840
3490
3412
8636
-532
7378
3245
9033
-2231
10256
124
7639
-755
11722
-3356
9766
445
6684
997
6565
1157
4464
2746
9052
-2213
10274
141
5304
-2097
2328
1750
860
907
3332
889
2123
2425
2818
1549
1520
2467
1501
2332
7165
-329
4008
3346
7012
2218
4049
4824
3962
3265
4301
3679
3628
3156
3063
2871
2421
2227
1850
2472
5444
728
2633
3479
5642
2135
4110
3397
3389
3077
2762
3687
2281
2679
2359
2183
2444
1012
2503
1592
3917
496
2553
1918
8671
-2941
5461
5098
680
2875
6352
1318
4016
4465
3526
3796
2615
4112
3140
3328
10242
-1448
6880
6446
14877
5535
8089
9476
7628
7979
8825
7033
8776
8349
7943
7723
5900
7125
6224
6807
15190
5833
8372
9745
16785
10176
9948
9423
8633
9262
11384
9652
8661
8036
7275
8142
7105
6723
7120
6639
13498
7054
6982
6605
9437
5885
7579
6073
6842
5471
5989
5832
4987
5310
4131
4563
3559
3426
3499
3052
6039
2657
4512
3160
11509
-2179
8639
3965
4221
3707
4943
6042
3814
6166
4784
3979
4968
3944
4311
4451
12922
-836
9915
5176
14807
5765
9102
9263
7901
7427
8725
8084
8143
7439
5945
5204
4267
4930
4997
3852
13976
4976
8351
8550
17193
6989
9993
11126
9061
9016
9975
9511
10862
10538
9985
9594
8368
9023
8980
8326
17953
7712
10680
11778
12707
8780
12577
8131
10881
7689
9663
7285
8261
7208
6947
6700
5927
6384
5359
5488
6650
3026
7112
2939
8554
-3711
10396
-1520
5029
2990
1812
4154
1525
2640
2866
1984
2620
2200
1802
2193
7645
-4575
9575
-2299
5753
-8508
4646
-2040
-544
446
434
-872
959
200
61
1174
-1377
989
-85
763
8466
-5931
7094
285
8538
-2053
2524
2406
1193
2044
2808
2637
2307
3155
3535
2746
1672
1664
2951
2883
10895
185
4652
4427
11181
3690
6241
6072
5746
5234
5951
5879
5701
5942
4789
4522
4784
4525
4216
3919
10946
3467
6029
5870
12467
9409
9407
8271
7388
6972
7104
7003
6359
5464
5581
6308
6717
6757
6067
5775
12533
9471
9467
8328
20462
4929
14617
12254
8558
11164
12038
13148
13016
12768
14002
11758
10951
12000
11783
11693
24535
8798
18292
15746
23352
12952
17346
16553
14371
14422
15636
14387
13751
14057
13263
12528
11546
11800
11015
10308
19070
8884
13481
12882
19510
10142
11967
13886
12827
11547
11603
12069
12394
11550
10667
10468
10256
10132
9730
9396
16494
7277
9244
11300
14718
9147
11562
9997
9714
9042
9012
8771
7886
7679
7223
6681
5913
5550
5698
5505
8689
3420
6121
4828
15215
-1489
10881
6788
5502
4069
8047
6714
6207
7566
5524
6560
5445
5071
5825
5704
16216
-538
11784
7646
18175
8106
11657
10741
9430
8404
8049
8871
9050
7708
6334
5709
5866
6370
6233
6865
17954
7896
11458
10552
20103
11051
11736
9800
9154
9795
11234
11560
11804
11416
9630
8547
7491
7739
9198
9857
18148
9194
9972
8124
13424
6533
8934
8219
7169
7283
7126
8341
7487
6038
6011
5374
5946
5219
4996
5682
10374
3635
6181
5603
11611
-1058
12075
1513
8595
1972
7249
3095
5387
3981
3534
4474
3464
4236
2723
3858
9375
-3182
10057
-403
5046
-7959
9169
-7624
7416
-5781
6064
-3953
4025
-1078
908
1691
-1051
1514
418
805
6032
-7021
10059
-6778
325
-8590
-3420
-2888
-5692
-3723
-2981
-3012
-2137
-2135
-977
-2581
-2618
-1052
-1687
-1414
5831
-3359
1548
1831
8320
252
2939
4079
2638
2045
4551
3976
3701
3294
2934
3535
2658
3037
3145
2926
9295
1178
3819
4915
7119
3410
6657
3633
5179
2877
4739
2687
3609
2898
2615
3040
2358
2924
2341
2673
4773
1181
4540
1622
10939
-4392
7348
3109
3814
1240
6020
3852
3740
6758
2838
5326
3454
4564
4314
3636
13879
-1599
10001
5629
12347
3846
9179
8412
6563
6470
5925
5566
5525
4909
4778
3682
3187
4442
3535
3224
11369
2916
8296
7573
12338
4077
8206
8621
5605
6587
7854
5722
7297
6317
5458
6410
5307
5469
4657
5444
10061
1914
6151
6669
9288
4195
7585
6612
4715
6186
5713
4619
5277
4041
4734
4300
2927
4285
2718
3312
5880
957
4509
3690
13395
-1296
8368
5324
3581
4470
4122
7485
5394
5067
6217
4090
4938
3603
4921
4942
14505
-242
9369
6275
14988
4605
8713
7715
7166
6166
6614
5984
7287
7377
5111
5722
5454
5064
5436
4997
13895
3566
7726
6777
13929
4282
9141
7245
7372
6964
7489
7072
6977
7882
7042
7195
5876
5907
6677
5469
13319
3703
8590
6722
12557
4899
8734
7518
7758
6594
7336
7961
7189
7257
6190
6660
6322
5355
5866
5915
11562
3954
7837
6665
15208
1913
10244
7370
5309
6978
6393
5456
6268
5631
5783
4571
4698
5174
4767
4576
13097
-91
8339
5560
15560
1342
7959
7530
6709
6167
5950
6222
7884
6971
5285
5707
5992
5036
5062
5456
15328
1121
7750
7331
14407
7606
9867
9030
7509
6769
5884
7453
8338
7677
7110
6147
6370
5666
4973
6093
13406
6655
8964
8172
15471
8060
9844
9756
9255
8452
9981
10526
10812
10486
8742
8936
8478
8792
9108
8488
16008
8571
10329
10216
14082
8640
10153
10343
9168
8197
7755
8041
7758
6992
6407
6068
5729
5448
5095
4898
9048
3857
5610
6026
14508
-836
10565
8103
4921
5457
8579
6045
5899
7758
6631
5770
4988
7228
5247
5092
14591
-757
10640
8174
14652
4210
10638
9799
6607
7987
7975
6644
6965
7043
5856
5548
5959
5425
4874
5067
12164
1846
8393
7666
13677
5380
8339
8648
6386
6543
6931
7204
7502
6682
6362
5391
5577
5611
4964
5469
11462
3276
6340
6748
12258
7657
8140
7892
7484
7667
8333
8477
8118
7365
6533
5767
5576
5954
6196
5529
10401
5892
6464
6299
14963
1546
9608
8129
6477
6480
7037
6246
6229
6550
5725
4996
5635
6010
5039
4535
13816
457
8573
7146
13910
765
10091
8027
6144
7217
6343
6856
6636
6538
6164
5306
6055
4791
5746
4914
11984
-1063
8353
6376
10446
2504
8596
6253
4303
5506
5275
4862
4857
5267
4865
4099
4053
4087
3736
3267
8089
264
6468
4232
7538
2497
4299
4739
4512
3194
4033
3960
4403
3850
2594
3931
3477
2768
2660
3360
6318
1338
3197
3693
5500
1838
4323
3099
3541
2212
2852
2998
2638
2583
1959
2704
2264
1695
1963
1920
3739
165
2733
1590
9205
-3744
5839
4108
1997
2225
4705
3709
3284
5403
3537
3891
3841
3960
4138
3236
11900
-1184
8271
6419
12025
4619
8672
8524
7096
6097
6156
5943
5371
5202
4456
4027
3618
3931
3893
3243
10104
2794
6939
6877
10811
4572
7057
7203
5232
6298
6419
4140
6630
5711
4523
5489
3980
4679
4380
3863
8397
2279
4879
5134
8061
3722
5381
5536
4294
4647
3975
3531
4591
3495
3562
3334
2624
3623
2826
2728
6100
1859
3611
3854
15907
3810
8492
8585
6936
5164
7878
9164
8674
8677
7968
7589
6845
7073
7650
7659
19721
7434
11935
11856
22133
11657
14750
14692
13542
13054
12713
13609
13429
13776
13182
11762
11721
11421
11981
11748
21850
11389
14495
14450
17344
9930
15510
11824
11311
11380
11171
9624
10480
9401
9063
8751
7625
8096
7209
6981
10415
3347
9257
5883
9841
4827
7261
7168
6401
5855
5838
5536
5996
5886
5224
5319
5077
5436
4896
4702
9215
4232
6696
6631
12763
8020
9221
9286
7716
6579
6350
6708
6854
6762
6162
5091
4598
4419
4256
4046
11150
6488
7765
7903
16710
4902
8979
9494
7138
7323
8901
8585
9663
8764
8025
7092
6320
7673
6999
7372
16119
4340
8445
8987
13322
6755
9691
9068
7447
7173
7117
6224
6407
6013
5373
5019
5327
5202
4306
4886
9299
2934
6061
5619
8896
3104
6521
5545
5814
3995
4500
5661
3852
4492
3353
4469
3514
2909
4236
2945
6871
1180
4693
3809
6401
2058
3986
3368
3797
2424
3615
3245
3345
3169
2381
2722
2494
2381
2444
2428
5026
751
2745
2189
14877
3740
5893
6257
5705
6114
8469
10741
9553
7703
7716
7973
8133
8126
8926
8714
20505
9087
10972
11083
23992
11848
14641
14929
14503
15036
16059
16067
16457
17220
16567
15554
14829
15050
15260
15307
28381
16017
18602
18692
20984
14289
18575
14925
14773
14321
14151
12427
12783
11979
11107
10517
10017
10015
8563
9095
11535
5312
10047
6823
9600
5607
5672
6302
6504
5792
5226
5356
5346
4930
4346
4554
4695
4312
3999
3465
6879
3022
3217
3969
7890
2630
4444
4726
3807
3761
4222
3445
3185
3594
3054
2294
2105
2417
2152
1614
5931
769
2676
3047
12893
-1895
5127
5830
4171
3514
5039
6424
5291
5292
5408
4511
4376
4874
5801
4092
14873
-14
6914
7528
15287
6471
9698
9689
9021
8094
7787
7625
7166
7013
5983
4548
4115
4325
4280
3455
11804
3162
6554
6702
9892
3297
6775
5483
5858
5821
4900
4341
4780
5373
3813
3542
4041
3692
4068
2926
6772
333
3960
2808
4548
1269
3067
2169
2223
2075
2510
2484
1759
2041
1724
1585
1647
1390
2032
1263
3278
62
1920
1080
9295
-1650
3345
2326
3145
3010
2405
2756
1995
3316
2680
2551
2771
1908
2284
2287
10428
-574
4367
3297
11823
-1408
4578
5559
5632
3224
4060
5654
4779
4806
3888
5170
4080
2867
4701
4342
12456
-806
5150
6103
13302
2796
6935
7286
5376
5402
6089
5727
5984
5200
5369
5060
3784
3829
4479
4800
11380
970
5200
5638
11310
4216
5097
5551
5053
5987
6159
5134
4724
3893
4679
4799
3810
4213
3817
3716
9584
2577
3540
4072
5873
2171
4358
3179
3519
2570
3709
2817
3064
2298
2275
2562
2093
2176
2001
2025
3790
193
2478
1394
10076
-3416
5072
4612
2089
2514
3920
3987
3192
4281
4085
2524
3110
4279
2790
3322
12203
-1395
6992
6436
14347
4012
8070
7961
6324
6235
6709
6641
5875
5505
4962
4580
4880
5238
4667
4373
13136
2862
6977
6923
14377
4428
6380
6840
6481
6568
6871
6973
6836
5902
4823
4980
5500
5422
5152
4552
12337
2491
4539
5092
11782
4555
5690
5972
5414
5410
6128
5578
4653
4121
3821
3377
3619
4449
4161
2911
10716
3542
4728
5058
14726
8404
9227
8846
8106
7941
9215
10741
11735
11969
11078
9985
9293
9641
10300
10071
19821
13244
13824
13214
25796
11024
16736
15783
13019
13554
14533
15551
16461
16375
15375
13461
12919
13218
12930
13521
26495
11688
17367
16382
20759
12272
16910
15152
12830
12903
12089
11875
11069
10821
10295
9522
9533
8677
8681
7990
13197
5089
10086
8669
13219
5328
8598
9370
7591
6884
7846
7521
7308
7073
6822
5436
6555
6478
4678
6041
10310
2565
5973
6876
9820
3625
7735
6547
5363
4998
6781
3294
6075
4172
3833
4725
3510
3339
4310
3312
6664
627
4887
3840
8765
-1830
7075
3595
2773
2858
3728
3105
2456
4085
2387
2537
3059
2342
2383
1898
7413
-3114
5855
2436
7594
-3668
5379
3150
2006
2082
2105
2419
2907
2670
1079
1693
3025
1751
1127
2146
7024
-4209
4865
2662
8409
-343
4612
3934
2442
1986
2778
3420
2406
3412
3298
2256
2303
2302
2836
1667
8286
-459
4502
3830
9755
987
5482
5414
4130
4091
5736
4519
4524
5576
4433
3770
3935
5095
3574
3911
10002
1223
5706
5627
10935
4717
7552
6494
5858
5579
5900
6134
5703
5047
4153
3919
3609
3750
3523
3568
8704
2597
5538
4581
12620
-962
7345
5540
3947
4069
3931
4256
5669
4752
3435
3515
4161
3970
2135
4002
11698
-1838
6513
4750
9806
-253
7122
4716
3316
3554
4387
2839
4860
2933
3250
4065
2266
3048
3017
2179
7898
-2065
5400
3081
9577
-207
5254
4001
2527
3476
2554
3670
4381
3419
3496
2742
3175
2918
2556
2828
9371
-403
5068
3824
10215
1470
5247
5290
4735
3870
4601
3970
5220
4335
2862
3893
3408
3408
2977
3310
9485
776
4588
4664
6553
1240
7031
3044
3948
3534
4086
3172
3301
3220
2932
2721
2216
3446
1295
2781
4160
-1033
4871
992
11691
-2689
3464
3959
4446
2835
3633
4914
5003
4837
3286
5614
5261
3202
3861
5041
15306
745
6727
7058
16697
4704
9053
9044
8792
7622
7633
8490
7559
8100
7420
7205
6746
6018
7186
6994
16160
4195
8569
8584
16225
5231
8609
10449
8534
8121
9033
8402
8386
8296
8289
7939
6700
6945
7287
6956
14623
3708
7163
9075
15145
7096
8626
10561
9561
9012
9280
8201
8349
8452
8126
7146
6620
7498
6618
6235
12640
4716
6365
8414
10861
5194
8898
7693
6188
6265
7968
5414
6400
6265
4683
5383
5530
4143
5139
4436
7082
1604
5488
4454
10892
-205
7222
5047
3540
4404
5627
4347
5186
4997
4595
3438
4242
4026
4353
3607
10549
-531
6912
4752
9990
2881
5619
5947
4668
3406
4416
3868
4237
3663
3172
3237
3327
3594
2716
3659
8452
1421
4231
4628
9064
881
5171
4205
4390
4528
3737
4037
3021
4292
3402
3353
3161
1991
3429
2996
7268
-824
3551
2665
7722
59
3104
3521
2986
2348
2642
2931
2569
1729
2449
2584
1563
1743
2529
2197
6931
-691
2390
2843
12621
4059
6700
5097
4763
4843
4645
5392
4527
4084
4027
4548
5587
5085
4920
4638
14591
5930
8478
6786
18102
5230
8583
6987
8160
7483
8193
8680
9775
9855
6797
6737
6812
7392
7714
7102
18683
5782
9107
7485
11746
5900
7319
7087
6310
5012
5031
6101
5944
4639
4350
5052
4896
4038
3826
4792
8209
2539
4127
4054
10099
2549
4254
4376
4442
4054
4706
5096
5008
4380
3312
3594
3619
3950
3843
3522
9574
2050
3780
3926
10309
2036
5261
5396
4358
4278
4295
4679
4762
4901
4109
3760
4215
4073
4107
3652
10044
1784
5022
5169
12633
2217
7576
6922
4927
6082
5683
4829
5405
4887
4643
3869
3730
3811
4329
3569
11792
1418
6817
6201
15661
1649
6859
8205
7621
5565
5835
7482
8114
6716
4973
5595
6741
5587
4756
6058
15120
1135
6371
7741
15327
7705
9540
8477
7414
7024
7376
7731
7587
6924
5847
5329
5427
5903
6163
5837
13422
5896
7821
6843
14508
6261
7526
7293
7155
7049
8504
8786
7990
7468
6409
6189
6020
6946
7211
5841
13682
5477
6781
6586
13413
5368
7566
7588
7462
7218
7152
7419
7311
7401
6560
6282
6309
6209
6382
5677
12447
4450
6694
6760
12459
2952
9391
7724
6372
6652
7820
5531
6084
6589
4656
5019
4441
4405
3959
3717
9597
234
6809
5271
13145
779
6042
8178
5886
5541
5380
6491
7114
5801
5960
4516
5968
6271
4091
5565
13240
870
6128
8260
15300
8278
10088
10000
8625
8825
9527
8977
8340
8343
8068
6614
6068
6552
6745
5784
13315
6392
8296
8298
15430
7824
8472
9151
8314
8744
9768
10171
9380
8433
8334
7260
7627
8668
8264
6997
14549
6987
7677
8396
15369
7521
9505
10510
9511
8754
9497
9677
9994
9466
8764
8592
8259
8468
8352
7810
14839
7018
9027
10055
16718
7039
12218
11091
9874
9893
10023
9062
9425
8539
7840
8318
7033
6501
6737
6307
13066
3569
8922
7959
15242
4068
8403
9646
8348
7413
6646
8519
8907
6712
6440
6611
7604
6166
4756
7054
13413
2330
6752
8077
14741
8993
10358
9383
8286
8362
8874
9386
9711
9087
7776
6685
6475
6813
7159
7068
13415
7734
9162
8246
16286
8770
10187
9675
9568
10551
11279
11558
11481
11046
10485
9955
9800
10078
10330
9808
17643
10060
11412
10839
16941
9061
10671
11547
11467
10247
10692
11053
10393
10509
9635
9326
9316
9142
9025
8374
14846
7071
8780
9751
16845
11072
13294
12479
12099
11916
11066
11132
10281
9554
9094
8285
7603
7073
7266
7120
14611
8950
11279
10564
20440
9030
11937
10056
11192
10649
11252
10714
11960
11928
8962
9252
8627
9483
9495
8750
18901
7568
10548
8737
13845
8498
9964
8905
8346
7301
7102
7244
7218
6573
5368
5375
5281
5417
5105
5524
10860
5663
7270
6346
11894
4929
6980
6257
6488
5920
5756
6310
6773
6658
4977
5182
5309
4934
4706
4608
10487
3593
5711
5050
6681
2677
5671
3794
4332
3709
4103
3415
3533
3268
2549
3341
2495
2817
2534
2244
4111
236
3352
1591
3446
1390
1873
1464
1249
1425
1394
1260
1547
1463
940
733
875
851
1009
787
2738
717
1234
857
10177
-843
4466
2388
2051
3353
4521
5398
4315
5524
5024
3941
3810
3485
5713
4795
13906
2699
7831
5586
13232
6252
8008
6999
6768
6673
6944
6863
7434
7922
7157
6096
6237
6651
6117
5893
14016
6997
8716
7671
11800
5558
7992
7782
7134
6528
6677
7036
6098
5996
5934
5873
5259
4236
5043
4754
8736
2647
5227
5156
9573
2627
6064
5676
4604
6101
4933
5067
5441
4532
5171
4132
4330
4220
4078
4228
8345
1460
4955
4623
8248
3660
5575
4662
4514
4770
4649
4468
4372
4202
3875
3361
3691
3807
3713
3058
7079
2549
4519
3659
11196
-456
7822
5489
4567
4862
7998
3647
6423
6678
4901
6762
4569
4886
5554
5228
12755
1024
9229
6826
11833
3340
8401
6576
5348
7326
5703
6228
5160
5685
6338
4554
5418
4540
4097
4815
9686
1300
6464
4736
8816
2998
5423
4767
4339
4381
4711
4047
4780
4055
3456
3854
2958
3450
3828
3229
7271
1530
4028
3442
6791
2133
2806
3440
3401
3330
3694
3472
2761
2820
2575
2354
2697
2933
2578
1794
5675
1072
1798
2483
4168
1622
2457
2030
2006
2104
2130
1765
1812
1679
1300
1739
1504
1382
1264
1485
3022
533
1422
1047
8940
1295
3781
3880
4591
3801
4103
6326
6855
6294
4925
5744
6456
5334
5581
6516
14055
6154
8398
8266
16548
7791
11441
10188
9729
9292
10523
11065
10719
11324
10663
10188
9218
9050
10165
9860
18008
9178
12759
11440
16003
9890
11190
10253
10434
10110
10017
9186
8315
8601
8467
8260
7150
6532
6686
6549
11310
5432
6955
6230
10733
5672
6695
6063
6367
6551
6765
7176
6749
6351
5389
6127
6343
5520
5665
5471
10159
5126
6176
5570
7748
4239
5761
5716
4409
5040
4922
4421
4078
4020
4069
2729
3301
3425
2565
2922
4913
1546
3202
3286
8424
-1310
6071
4189
2695
2745
5071
2178
3014
4346
2402
2710
3043
2914
1724
2827
7635
-2059
5359
3513
11499
-242
5359
5762
4073
5306
5321
4818
5258
5022
5623
4559
4390
5100
4171
4675
12696
895
6439
6788
14158
9001
10113
9072
7849
7800
8870
9044
8645
8226
7359
6008
5017
5390
6407
6455
13354
8238
9388
8383
14509
8277
8555
6999
7278
8805
8932
8007
7169
7465
7761
7081
6741
6151
6127
5765
12698
6556
6921
5447
8394
4111
5026
4961
4535
4570
4443
4440
3888
2741
3201
3396
3324
2864
2845
2641
5817
1663
2700
2751
5842
2728
3515
2787
2612
3224
4159
3615
2779
2630
1979
2526
2388
2519
2131
1720
4822
1758
2594
1912
8988
-849
5017
4162
1617
4213
4922
3503
3808
4341
4665
4203
3310
4362
3123
4096
11223
1272
7033
6078
11304
5791
6566
7139
6713
6749
7059
7252
7086
5825
4988
5299
5717
4959
4205
4580
9333
3919
4788
5450
9512
4327
5754
4762
4744
5231
5631
5382
4949
5156
4476
4113
4391
3900
4131
4248
8157
3040
4531
3600
6576
2346
3599
2886
3395
3371
3758
3128
2762
3214
2507
2975
2306
2585
2404
2404
5437
1264
2571
1910
3625
834
1795
2344
1134
1720
2110
1285
1504
1105
1308
1715
877
1363
1366
805
2894
140
1136
1718
6607
-525
3013
3235
1590
2939
2296
1996
2689
1920
2073
2299
1631
1614
1536
1477
6351
-768
2782
3016
9573
213
5010
3329
3303
4512
4756
3695
3314
4249
4307
4031
3153
3429
3539
3292
10173
783
5552
3843
8247
4961
5264
4245
3994
4619
5237
5025
4442
3882
3662
3774
3628
3237
3329
3827
7893
4625
4944
3941
8167
3211
3763
3902
4151
4061
3645
3631
4388
4131
3569
3128
3303
3510
3229
2621
7517
2594
3177
3345
5811
2072
3019
3264
2926
2716
2986
2890
2480
2572
2644
2421
1937
2133
2065
1951
4608
930
1934
2233
5704
1959
2459
2444
2367
2337
2700
2910
2749
2481
2463
2435
2042
1870
2091
2196
5475
1741
2252
2247
8161
1369
4812
3738
2718
2639
3508
4066
4164
4963
4259
3789
3591
3291
3563
3274
9959
3077
6435
5280
8877
4503
6629
5434
5130
4836
4134
4400
3475
4131
4039
3646
3757
3354
3857
3481
6863
2590
4812
3707
6827
2192
3983
3837
3685
3356
3650
3313
3358
3650
3162
3062
3181
3108
2919
2207
6119
1519
3344
3229
7206
2657
4103
3816
3899
3321
3292
3881
4031
3988
3409
3473
3593
3346
3346
2936
7240
2690
4134
3845
6847
3563
4134
4646
4388
4343
4087
4211
4589
4525
4018
3642
3945
3986
3687
3772
6726
3448
4025
4542
5700
3365
4410
4013
3325
3806
3165
3372
3135
2853
3087
2523
2399
2490
2273
2259
3476
1253
2403
2106
6456
-1637
4390
2541
1374
2287
3199
2662
1454
2312
2890
1698
2081
2288
1738
1851
6440
-1653
4375
2526
5739
1041
2480
3574
2591
1500
2438
2517
1809
1649
2233
2097
1708
1631
1971
1811
4926
268
1746
2876
5849
1962
2470
2286
2295
3227
3097
2393
1992
2148
2570
2165
2046
1743
1796
1949
4905
1065
1618
1477
5162
1066
2342
2583
2171
2319
2320
2283
2044
1786
1888
1516
1531
1460
1288
1362
5367
1261
2528
2759
5284
2380
2899
2543
1988
2169
3122
3109
2561
2173
2072
2093
1900
2051
2147
1773
4500
1635
2192
1871
3471
664
2364
1552
1406
1761
1658
1944
1503
1498
1449
1075
1402
1111
1496
1148
2820
46
1777
994
5612
-1299
3238
1995
1743
1736
3486
1944
2719
2535
2785
2801
2654
2249
3300
1849
7470
465
4915
3589
6743
2438
4372
4106
3814
3230
3466
3340
3066
3021
3145
2825
2518
2492
2735
2605
5632
1383
3370
3154
5211
2294
2935
2517
2976
2767
2614
2631
2521
2823
2164
1970
1860
1985
2273
1793
4033
1175
1872
1507
3718
853
1805
1631
1464
1326
1572
1627
1008
1271
1083
1279
1357
937
1233
1259
3308
464
1435
1280
3159
411
1156
1322
1394
1463
1407
1372
1067
1070
1351
1356
939
778
1016
1169
2862
128
887
1066
2436
1035
1512
1334
1085
1029
1041
901
644
647
490
644
573
660
639
447
2038
658
1153
993
5581
-711
1964
2479
1379
2098
2461
2725
2432
1690
2510
2787
2140
2569
1801
2386
7002
639
3247
3697
6832
3468
3522
4345
4615
4184
3720
3716
4012
4187
3749
3290
3249
3450
3298
3015
6368
3028
3103
3948
5499
3341
3871
3629
3443
3408
3643
3230
3020
2936
3006
2832
2461
2525
2408
2432
3961
1880
2484
2311
4751
1586
2647
2651
2263
2522
2781
2735
2507
2368
2413
2029
2277
2445
2224
1812
4606
1449
2517
2527
4557
2067
2589
2867
2813
2750
2650
2574
2639
2679
2624
2320
2072
2074
2215
2189
4079
1613
2158
2457
4093
2365
2564
2641
2683
2580
2515
2528
2540
2376
2307
2240
2184
1997
1858
1819
3624
1920
2142
2239
5866
917
3130
2855
2567
2493
2614
3169
2893
3104
2729
2589
2507
2545
2796
2145
6326
1355
3546
3250
5447
2652
3587
3311
3107
2661
2845
3269
2555
2142
1863
1957
1788
1581
1796
1559
3702
994
2013
1815
4024
762
1775
1798
1851
1777
1742
1913
1807
1707
1302
1389
1699
1504
1304
1274
3646
403
1433
1473
3186
1593
1707
1590
1739
1729
1649
1283
1277
1454
1440
1042
822
985
1180
1174
2897
1319
1446
1342
2781
776
1465
1610
1214
1298
1685
1607
1225
1245
1490
1203
1156
1397
1038
1135
2639
642
1337
1488
2852
1150
1520
1557
1475
1484
1494
1554
1448
1400
1344
1353
1287
1154
1222
1084
2534
848
1232
1283
4531
277
2179
2516
1740
1575
2242
2065
1758
1902
1716
1700
1531
1492
1357
1395
4669
409
2303
2635
5318
1536
2110
2458
2835
3082
2480
2023
2012
2266
2612
2259
1877
1457
1834
2156
4532
789
1401
1784
3832
1660
2263
2048
1710
1639
1835
1883
1654
1589
1180
1064
1118
1334
1298
1006
3246
1104
1734
1546
3556
1270
1543
1686
1850
1882
1835
1731
1881
2043
1780
1543
1546
1666
1696
1531
3637
1348
1616
1755
2994
1081
1546
1744
1822
1493
1071
1579
1668
1206
1010
1173
1229
975
1133
950
2255
378
879
1111
2413
453
1062
1347
871
964
1264
873
938
1082
863
736
845
871
782
682
2071
128
753
1053
2565
637
981
967
1030
946
908
1024
1086
947
890
713
723
881
855
518
2261
349
708
707
3540
535
1107
1555
1481
1293
1270
1210
1305
1193
1095
647
856
1099
907
942
3971
944
1496
1924
4572
1663
2044
2333
2119
2042
1977
2173
2282
1946
1845
1868
1894
1913
1799
1564
4330
1433
1826
2125
3931
1577
1794
1983
1963
2056
2137
1812
1683
1676
1845
1931
1625
1366
1259
1477
3366
1041
1284
1499
2840
1463
1735
1580
1455
1488
1432
1273
1155
1106
1015
982
863
778
832
743
2281
932
1231
1101
1752
598
1161
730
1034
836
990
865
965
464
810
652
619
684
653
553
1246
118
705
297
1087
-109
613
388
308
490
405
596
505
427
365
452
449
436
320
517
1193
-8
709
480
1822
-191
551
487
535
641
610
509
441
423
444
333
337
334
281
428
1619
-384
367
312
2618
-840
153
708
728
697
512
634
487
588
897
411
291
517
537
682
2808
-660
325
871
2584
820
783
1126
1395
1189
871
779
927
1036
901
638
479
667
873
814
2517
757
723
1069
2305
484
1091
1165
1178
1076
1085
1035
1089
1056
875
965
915
802
846
852
2089
280
897
981
1982
844
1065
1124
1039
1033
1093
1197
1033
875
980
903
840
936
797
776
1863
732
958
1022
1923
997
977
1031
1094
947
883
1104
1095
770
598
734
771
665
574
645
1519
614
613
685
1770
728
800
809
959
1107
1199
1119
1095
993
965
1087
1158
996
947
998
2072
1016
1073
1068
3063
1178
1298
1506
1534
1398
1474
1629
1603
1412
1313
1271
1316
1223
1018
942
3121
1232
1350
1555
4099
1208
1552
1508
1575
1751
1893
2051
2144
1762
1688
1541
1232
1514
1651
1744
4080
1189
1534
1491
3134
1299
1378
1321
1330
1389
1360
1333
1415
1305
1151
982
980
1134
1051
876
2630
820
923
889
1890
468
649
782
880
958
776
636
674
719
744
612
418
525
597
531
1516
114
312
462
841
191
682
542
274
512
434
390
402
397
392
273
339
373
233
361
685
42
541
408
727
244
429
442
343
354
363
300
287
341
269
243
255
216
242
235
541
67
261
282
676
250
340
294
278
292
297
244
257
254
166
223
176
229
250
229
614
191
284
241
1050
-216
425
303
-51
293
381
227
366
262
182
289
155
167
209
209
1024
-241
401
281
1085
-197
250
221
177
526
457
258
184
126
247
284
238
242
262
145
1009
-269
181
155
1204
180
269
368
485
480
504
531
565
555
505
429
516
542
480
420
1574
531
602
685
1566
809
849
847
922
948
966
1016
992
929
950
1070
1060
912
811
875
1851
1081
1107
1092
1419
994
1010
970
917
891
946
928
897
728
717
755
682
703
657
615
962
559
597
578
1018
305
639
573
453
493
527
521
470
421
365
374
366
367
340
329
771
70
415
361
1107
208
439
428
453
533
558
550
552
531
469
474
498
565
487
415
1255
349
573
555
1335
401
451
566
620
591
598
581
511
462
508
591
515
363
420
462
1225
296
351
472
932
291
459
415
390
446
457
498
361
327
347
404
361
286
342
264
789
156
330
292
668
160
215
208
331
302
258
248
209
279
210
229
189
229
198
131
582
78
137
134
658
-36
226
263
208
228
273
262
241
334
254
237
311
232
256
223
786
85
341
372
786
119
407
421
408
342
316
451
323
335
278
372
390
182
288
313
707
44
335
353
710
143
372
406
281
288
372
353
285
284
341
231
220
278
303
195
606
45
279
317
906
325
354
336
334
400
429
345
302
281
327
378
345
342
269
237
867
288
318
302
932
100
303
298
287
407
417
320
283
322
352
355
347
229
198
316
931
99
302
297
570
5
314
377
208
200
250
284
202
167
282
133
166
202
167
159
444
-115
199
268
444
102
339
198
235
195
174
231
228
154
166
180
151
145
132
157
319
-15
226
92
603
-184
153
207
170
115
62
247
243
85
113
163
108
103
160
141
633
-155
181
233
676
118
329
289
197
180
293
283
256
228
134
180
196
212
192
222
639
83
295
257
547
205
281
267
236
237
232
303
310
271
198
198
205
211
190
235
496
157
235
224
518
139
232
263
208
235
260
224
236
226
235
232
194
194
175
199
494
117
210
243
490
139
245
284
199
246
217
176
188
213
175
154
190
140
140
164
394
48
158
202
765
210
325
349
281
313
398
446
434
415
387
379
404
375
371
377
963
397
503
518
1096
533
576
556
583
574
575
593
568
521
555
580
517
497
503
446
1049
489
534
516
1101
309
446
598
551
473
500
529
577
516
422
460
497
436
369
421
1036
247
388
542
1123
425
578
659
509
504
533
467
556
582
456
421
476
460
398
435
985
294
453
540
1011
390
551
501
503
523
449
513
486
449
435
452
428
378
360
297
874
260
428
384
862
336
400
459
501
436
382
434
441
361
352
356
307
252
258
278
750
229
298
362
957
204
362
372
361
359
401
460
362
328
393
397
302
257
292
330
922
170
330
342
866
329
377
383
333
313
352
330
305
304
289
284
318
288
243
282
788
254
306
316
969
255
300
354
367
363
337
383
422
353
356
364
288
303
323
261
954
241
286
341
739
246
226
334
412
378
357
295
289
359
357
309
256
274
256
291
684
194
176
287
443
156
312
285
210
280
232
199
245
207
170
202
142
153
189
123
303
23
187
165
434
215
265
275
308
340
319
324
390
379
344
385
390
343
337
329
626
398
438
440
1067
383
447
461
485
547
566
520
486
477
477
490
483
415
385
404
1043
360
425
441
1014
456
511
474
472
521
536
560
543
482
482
526
528
499
428
368
1054
495
548
509
1059
433
516
538
500
534
635
605
571
494
522
553
487
484
460
492
1042
417
501
524
1032
472
618
599
584
647
635
621
607
548
505
470
466
423
438
394
871
319
472
461
719
393
441
435
400
448
446
369
373
311
289
302
285
313
252
191
507
191
250
253
458
88
280
228
195
244
171
253
224
179
176
138
179
171
150
157
362
-3
193
145
348
121
155
122
110
133
158
161
152
126
83
73
65
94
113
101
275
52
89
59
273
51
131
122
105
109
136
141
100
87
64
56
73
48
31
45
244
24
105
97
442
35
123
143
110
108
168
193
153
132
139
166
147
127
131
96
487
78
164
181
471
136
175
152
170
171
199
204
150
131
125
157
153
166
142
102
422
90
130
110
238
-62
213
-8
175
51
81
106
71
87
57
34
97
61
47
63
186
-111
166
-52
72
-189
-2
-67
54
-115
11
-49
17
-105
48
-56
6
-82
45
-42
107
-157
28
-38
104
-149
11
-76
23
-36
-6
-24
-5
-13
-15
-10
-13
11
-43
5
134
-121
38
-51
169
-85
-13
-15
-32
-19
-2
2
11
-45
-23
18
4
21
13
10
219
-38
30
27
312
10
52
86
78
96
119
108
139
158
119
105
129
127
105
121
416
109
146
175
424
126
192
184
222
188
166
192
170
147
131
175
129
106
117
138
377
81
150
144
332
87
109
144
163
174
141
115
156
139
136
128
95
119
132
103
304
59
83
120
311
117
150
166
171
166
166
175
165
136
128
128
119
118
93
96
288
94
129
146
286
104
152
156
157
147
166
133
141
148
131
134
102
96
133
108
248
67
117
123
240
87
124
122
113
115
118
128
103
99
111
98
102
81
88
82
205
54
92
92
275
80
90
128
112
120
132
130
141
125
132
123
110
128
121
98
304
108
116
153
346
152
198
160
148
192
202
209
189
159
184
195
173
183
155
142
368
172
217
179
317
137
168
172
152
166
176
173
140
159
136
128
158
121
111
120
269
92
125
131
275
108
122
96
112
113
117
130
86
116
102
92
89
67
80
70
226
62
78
55
141
15
72
48
33
41
33
64
52
45
60
13
50
35
24
36
122
-2
54
32
98
32
60
26
22
0
9
21
34
42
35
26
24
18
6
15
85
19
48
15
102
-9
-22
-4
46
46
7
-1
24
41
0
-8
23
25
21
1
100
-11
-24
-5
147
-73
2
26
3
-11
21
32
23
28
17
3
17
14
22
12
171
-50
24
47
164
30
66
67
65
72
33
48
57
52
41
21
41
45
31
55
163
29
65
66
248
19
68
49
91
105
89
94
94
71
90
93
68
81
78
65
263
34
82
62
207
4
72
87
68
87
75
65
84
69
38
50
57
48
46
46
183
-17
51
67
288
66
70
90
138
134
159
149
115
140
153
151
129
128
149
126
364
138
138
154
359
168
175
184
216
223
229
233
221
208
240
233
207
198
214
205
417
223
228
234
301
211
203
210
195
177
194
175
154
160
144
131
127
113
107
115
175
91
89
102
167
109
125
126
102
82
77
72
63
45
33
46
39
38
56
53
121
66
84
87
210
77
81
77
85
98
99
103
80
59
78
77
60
65
55
51
179
48
53
51
173
59
51
65
72
66
74
65
65
70
68
78
65
47
53
50
177
63
54
68
146
50
56
51
73
60
68
57
55
52
53
64
46
32
34
48
122
27
34
31
112
14
41
41
28
46
42
21
46
26
28
26
15
6
26
11
95
-1
26
26
78
-5
31
15
40
15
18
29
20
28
19
18
2
27
20
13
69
-14
22
7
77
-5
16
21
32
17
15
21
26
21
13
22
8
9
15
7
75
-7
14
19
136
39
39
36
53
68
65
73
63
61
68
78
80
65
62
58
184
84
82
77
202
71
93
100
98
107
92
104
110
114
106
99
93
94
99
84
220
88
109
116
215
106
107
103
108
99
104
104
108
106
90
87
81
84
80
68
181
73
75
73
190
56
68
79
98
74
78
103
87
72
82
92
71
52
80
71
185
52
63
75
175
81
93
114
113
84
113
124
100
109
99
99
93
96
85
72
187
92
104
124
194
118
97
112
113
93
113
104
87
76
80
83
66
60
56
58
127
55
37
55
116
43
54
45
37
66
53
46
43
26
27
34
33
42
31
14
92
20
32
24
94
15
22
23
21
16
26
30
32
2
10
19
3
11
11
15
83
5
12
13
81
3
10
23
11
14
40
14
7
15
11
0
8
11
11
1
76
-1
5
18
86
-4
24
5
33
26
34
19
28
19
19
23
9
38
13
15
88
-2
25
6
67
-16
10
7
15
2
19
5
19
7
-2
1
4
10
-2
8
63
-19
7
4
58
-8
-15
16
13
15
1
-5
30
4
-7
9
1
14
15
-7
59
-6
-14
18
103
14
-3
23
39
23
37
23
18
28
22
10
12
18
4
19
94
6
-11
15
87
16
9
19
17
19
31
16
5
20
15
17
26
12
-6
4
83
12
5
15
68
0
11
-7
32
30
20
0
8
22
31
14
-4
12
6
20
64
-3
7
-11
17
-21
0
-10
-1
-7
4
-8
3
-5
0
-6
1
-5
1
2
25
-12
8
-3
58
-13
-5
14
26
3
7
21
28
24
0
18
31
17
6
22
80
7
14
33
90
38
34
24
39
47
49
44
45
35
24
30
37
47
31
23
88
36
32
22
81
-1
43
19
39
31
25
41
24
33
24
43
22
25
23
21
84
1
45
21
81
0
18
33
15
31
30
22
30
23
27
17
18
35
6
24
81
0
18
34
64
14
31
32
28
16
29
32
19
26
28
14
19
22
14
18
49
0
18
18
54
0
17
12
14
14
24
13
14
23
6
15
6
15
8
13
47
-5
11
6
38
-7
2
-3
18
6
6
6
5
6
1
8
8
6
2
0
36
-8
1
-4
31
-22
21
-25
14
-8
0
2
-10
13
-8
4
-3
3
-1
-1
35
-18
25
-21
32
-24
-13
-16
-12
-9
-10
-8
7
-15
0
-13
-19
-6
-8
-5
44
-12
-2
-5
37
-7
1
-8
-2
2
3
1
11
0
-7
-10
3
-3
7
0
41
-3
5
-5
41
-15
-7
2
2
2
6
6
-3
-1
-5
-1
-5
12
-1
-10
45
-11
-3
5
72
10
7
-1
19
17
21
11
6
0
10
18
13
1
-10
1
69
8
5
-3
56
-6
2
-7
6
12
2
15
-2
-1
3
11
4
-10
0
-10
60
-2
5
-3
42
-5
-9
2
15
2
0
-1
0
15
2
-9
0
0
6
-3
47
-1
-5
6
45
12
24
12
6
-2
0
-3
3
1
11
3
16
13
4
9
42
8
21
10
64
15
25
15
6
30
22
24
29
15
25
30
25
29
16
11
79
29
39
28
75
38
32
11
22
28
37
37
38
21
22
17
27
20
31
15
69
32
26
6
57
18
25
13
22
24
21
25
36
14
30
28
25
28
20
25
74
34
40
28
55
41
44
39
45
56
48
40
47
42
48
37
30
34
30
31
53
39
42
37
63
34
31
39
41
29
27
35
35
28
27
26
26
25
22
25
49
21
19
27
59
28
32
20
39
30
36
29
28
28
37
28
35
23
28
23
61
30
34
21
66
22
20
34
40
27
38
36
21
31
31
21
19
26
18
14
61
18
16
30
82
21
26
33
26
38
45
15
38
24
18
29
16
16
22
15
68
8
13
21
50
11
21
11
20
23
14
11
17
19
13
15
10
14
15
8
40
2
13
3
33
-6
0
0
14
3
-1
-8
13
11
-1
-2
5
1
4
-3
32
-7
0
0
34
3
4
-16
-2
0
6
9
2
8
-2
0
-2
3
5
0
37
5
6
-14
18
-10
4
-19
1
-11
3
-8
-10
-3
-9
-2
-9
-1
-2
-1
28
-1
13
-10
16
-8
-2
-7
-3
-1
4
-2
-4
2
-4
1
-7
-3
-4
0
23
-2
3
-1
24
-7
6
-12
13
6
13
2
0
9
4
13
4
5
4
8
32
0
14
-4
32
-21
22
-26
22
-13
5
6
-4
20
-13
15
-10
15
-4
4
40
-13
29
-19
15
-24
-17
-18
1
-17
-11
-19
4
-7
-9
-7
-4
-11
-4
-8
28
-11
-5
-6
30
9
8
0
1
2
-3
0
-2
-2
1
2
4
2
3
2
38
17
15
7
27
-1
5
13
3
5
4
11
15
2
7
8
5
1
7
6
27
-1
5
12
50
11
10
13
23
21
20
28
19
14
27
29
17
16
21
20
59
20
19
21
62
26
32
20
23
17
26
24
28
19
24
16
23
8
14
19
58
21
28
16
58
20
33
16
30
20
21
26
19
29
14
18
4
16
4
11
50
13
26
9
47
6
22
11
21
12
15
23
16
14
17
9
13
8
15
2
46
4
21
10
35
10
18
11
17
9
17
10
18
15
12
15
14
10
8
11
36
11
19
12
40
12
14
5
15
8
15
2
19
11
15
2
7
10
9
5
36
8
10
1
20
2
-1
-6
3
7
5
3
-2
-1
0
3
4
0
1
-1
20
3
-1
-6
19
-6
-6
-13
-7
3
1
0
-7
-8
-5
-1
-1
-6
-3
1
23
-2
-2
-10
16
-14
-9
-10
-7
-9
-11
-4
-3
0
-6
-2
-7
-4
-6
-1
22
-8
-3
-5
32
-5
7
-3
7
-8
4
-7
8
0
-1
-4
-4
-4
-1
-1
38
0
11
1
35
-5
7
7
0
-7
13
0
4
3
2
6
2
6
6
0
36
-5
8
8
39
-5
25
-5
25
2
18
7
13
9
13
7
11
6
8
6
40
-5
25
-4
25
6
-7
-6
5
8
1
-6
-4
0
5
3
-7
-4
0
-4
28
9
-3
-3
37
-6
4
-9
11
-3
22
0
4
-5
12
-3
8
0
4
2
43
-1
9
-4
19
-9
2
-2
-5
0
6
-6
-3
-4
1
-2
3
-5
-4
-2
22
-6
5
0
30
1
10
2
2
-2
3
1
7
1
5
9
-1
3
-3
2
32
4
12
4
26
2
5
8
8
4
15
6
12
7
6
2
4
7
9
2
26
2
4
7
32
12
5
-1
10
8
10
12
11
9
7
3
4
6
5
8
30
10
3
-2
24
2
16
-5
10
0
8
4
12
5
15
3
15
2
11
1
37
14
28
5
34
10
6
2
7
21
13
-3
1
11
6
7
-4
2
5
6
32
8
4
0
26
0
12
3
14
0
13
13
11
8
11
7
12
7
9
8
34
6
20
10
43
9
28
7
39
14
32
17
30
25
28
25
23
22
19
25
55
20
39
17
43
25
21
16
25
25
26
25
26
20
18
23
27
17
19
17
45
28
24
18
35
22
17
15
19
14
12
13
10
7
12
12
9
8
7
8
25
13
9
7
36
3
12
6
21
3
7
7
13
5
10
5
14
-1
4
5
35
1
11
5
31
-1
5
9
10
4
8
11
10
4
11
5
10
8
3
7
34
1
7
12
36
16
19
12
24
7
13
7
13
10
6
5
8
6
2
9
33
13
16
10
42
9
27
17
26
13
36
12
33
21
31
26
28
19
27
21
59
25
42
31
50
37
41
20
31
22
29
22
26
24
21
20
21
23
21
20
38
25
29
9
32
10
9
5
16
8
17
9
7
5
11
8
12
7
6
6
31
9
8
4
30
7
18
8
13
15
15
10
17
9
14
8
9
13
12
8
34
11
22
11
35
30
35
29
30
25
25
18
20
15
16
16
14
12
7
7
31
26
32
26
48
38
40
31
32
26
25
25
25
25
22
18
19
23
21
23
46
36
38
30
49
39
45
37
42
31
37
29
33
20
22
17
19
17
20
17
37
29
35
28
47
40
41
34
37
23
20
12
17
14
19
16
23
21
19
16
38
30
33
26
45
24
27
26
23
22
28
20
28
23
20
20
19
17
21
16
39
18
21
21
39
16
23
20
26
13
21
11
21
11
12
10
12
7
10
9
28
6
13
11
34
18
16
16
17
18
16
16
26
22
17
15
21
16
16
14
40
23
21
21
40
32
30
24
24
19
23
14
17
18
20
18
17
16
14
13
31
24
22
17
48
23
9
10
26
18
12
15
18
18
13
16
13
5
9
17
42
18
4
6
35
6
2
10
18
7
7
12
19
8
5
6
15
1
7
11
35
6
2
10
45
11
25
6
24
14
22
7
18
18
15
8
12
5
12
6
39
6
19
1
29
0
13
8
13
4
17
13
13
13
19
12
8
11
15
9
40
10
23
17
39
28
31
22
28
33
40
38
43
35
38
34
40
36
42
35
57
44
47
37
66
29
30
33
41
33
42
31
29
31
33
22
32
26
25
23
54
17
19
22
59
21
37
15
42
23
33
27
27
32
28
31
17
24
25
25
59
21
38
15
33
15
25
11
26
10
24
14
17
10
15
10
14
12
14
12
32
14
24
10
28
25
26
27
24
17
12
8
6
3
5
6
4
4
6
5
23
21
22
23
56
30
26
19
18
22
25
28
23
24
16
14
16
15
18
20
48
23
19
12
43
10
18
22
20
2
25
21
12
24
20
17
14
19
14
13
47
14
22
26
51
32
45
26
41
22
36
18
32
17
30
16
29
15
23
20
49
31
44
25
53
21
34
27
20
23
24
21
23
18
21
12
20
19
13
18
42
10
24
17
51
11
26
8
32
15
25
13
30
10
16
12
19
10
11
10
46
7
22
3
26
4
14
11
12
10
13
9
14
6
10
7
13
7
11
6
31
9
18
15
31
19
15
16
18
10
12
11
9
10
8
9
9
10
4
4
24
12
8
9
26
22
23
21
25
21
25
23
21
22
22
17
15
14
12
10
28
24
25
23
48
29
27
27
26
23
13
14
13
6
14
16
10
11
10
15
37
18
16
17
41
28
27
16
11
11
10
15
11
15
16
13
14
8
11
3
33
21
20
9
42
11
13
12
18
11
12
17
21
9
6
11
9
7
4
9
38
9
11
9
32
9
13
19
13
17
16
13
18
20
8
17
14
16
16
12
37
14
17
23
49
21
41
19
33
23
31
22
32
19
26
24
20
18
14
14
43
15
35
13
34
8
25
15
22
16
23
13
25
18
16
16
18
13
16
14
35
9
26
16
38
17
20
20
10
19
25
16
16
17
11
8
13
9
9
13
29
9
12
13
35
16
16
6
14
15
20
15
8
13
12
8
8
7
6
8
29
10
10
1
27
16
23
17
23
19
13
16
7
9
1
4
-1
-3
1
3
28
17
24
17
40
28
32
35
37
44
42
37
44
47
42
46
45
44
47
41
67
53
56
58
74
51
53
58
52
44
44
50
42
36
41
40
32
29
32
26
46
24
27
34
53
34
35
37
31
32
31
27
32
28
30
28
27
21
21
24
42
24
25
27
47
26
31
29
33
26
24
33
25
19
26
19
20
13
19
13
33
13
19
17
37
29
25
17
22
23
29
21
26
19
17
13
17
17
15
11
30
22
19
10
36
22
19
25
28
16
18
20
12
16
20
10
6
9
8
1
30
17
13
20
40
26
15
14
23
18
15
15
20
19
13
11
17
15
12
5
33
19
8
8
37
15
29
24
30
34
36
40
41
43
42
44
43
42
41
40
68
45
57
51
82
50
55
40
56
36
47
37
44
28
41
30
33
20
27
22
53
22
29
15
49
24
30
15
19
8
14
14
11
10
7
10
8
12
8
9
45
20
26
12
43
15
24
19
22
5
25
2
15
11
10
10
16
4
11
12
35
8
17
13
40
19
22
8
19
14
23
25
22
18
10
16
14
20
16
16
41
20
23
9
36
7
15
9
22
18
16
17
14
19
12
16
11
16
13
9
38
9
17
11
32
15
29
5
18
6
19
4
18
6
17
6
13
9
13
12
31
14
28
5
38
18
15
13
6
8
13
11
12
11
7
2
3
4
0
5
36
17
13
12
41
31
31
25
18
14
4
3
5
7
13
17
17
11
12
5
37
27
28
22
41
20
30
12
28
19
22
21
21
25
12
20
15
19
15
15
36
15
26
8
35
21
18
12
12
21
26
23
26
16
17
15
21
24
20
15
45
30
27
20
49
22
24
26
27
18
23
20
21
23
22
16
17
21
13
16
44
17
20
22
47
24
23
16
26
21
25
15
14
17
20
21
9
9
11
13
37
15
14
8
35
11
24
10
28
10
29
14
21
12
18
16
16
15
17
17
42
18
30
17
43
21
22
19
18
12
19
18
21
18
15
10
9
14
7
10
38
16
18
15
40
23
29
20
31
18
32
17
26
20
22
14
18
11
11
9
36
19
26
17
41
22
28
18
24
20
13
17
10
19
10
12
7
10
10
8
35
16
22
13
45
24
35
26
24
16
19
11
11
10
7
5
4
-2
6
5
40
19
31
22
47
27
37
24
27
16
17
12
11
10
15
15
16
17
12
14
36
17
28
15
42
27
31
13
15
13
15
19
14
12
10
7
7
5
9
7
36
22
26
8
32
11
16
11
18
11
9
16
6
10
4
6
5
2
7
5
30
9
14
9
41
16
19
19
30
17
28
23
33
19
32
27
29
24
30
21
58
33
35
34
59
41
47
40
34
45
44
37
30
26
26
27
22
20
14
15
42
25
31
26
57
16
48
13
38
21
33
22
35
20
35
18
34
16
27
17
55
14
46
12
42
35
44
50
52
55
63
63
71
73
76
77
80
76
75
74
101
90
97
100
126
92
106
93
95
97
85
93
81
93
80
83
75
71
73
65
98
65
80
68
96
70
66
62
61
57
56
60
50
52
37
37
36
38
36
30
61
37
35
33
64
43
28
35
39
28
27
30
36
25
19
24
21
16
11
16
48
28
14
21
43
26
33
16
29
15
26
11
20
9
18
12
16
8
12
9
31
16
22
7
33
16
19
3
14
11
10
5
8
0
4
2
6
2
5
4
33
15
18
3
31
9
7
1
10
7
9
5
4
11
6
3
7
6
3
4
32
10
9
3
28
2
4
8
4
-3
16
4
1
0
2
-2
3
5
2
0
27
2
4
8
34
24
27
30
29
30
40
38
37
39
43
46
41
43
43
40
71
59
60
61
94
78
70
54
60
54
48
43
43
54
52
42
40
37
36
32
71
56
49
34
57
31
32
37
38
21
25
28
27
20
28
25
19
23
19
17
41
16
17
23
50
32
26
21
27
23
18
24
28
25
16
16
17
14
15
14
43
26
20
15
40
35
34
26
17
8
-5
-2
4
11
17
21
20
17
11
9
32
27
27
19
47
39
45
40
46
38
48
42
44
38
39
32
31
23
25
21
49
40
46
42
68
48
42
38
38
36
33
28
31
27
25
25
19
21
26
23
48
29
24
21
50
28
37
22
30
27
37
31
28
31
25
34
28
28
24
26
56
33
43
27
51
35
31
25
25
13
24
24
25
21
21
18
18
19
16
17
41
24
21
16
41
19
16
11
19
7
11
22
24
18
8
17
10
10
11
15
39
16
13
8
35
15
13
10
4
7
23
14
17
14
3
9
9
11
15
13
36
15
13
11
44
16
22
10
16
8
19
10
29
18
12
10
8
9
10
11
44
16
21
10
35
21
21
7
11
12
14
10
8
11
9
13
12
11
13
6
32
18
18
4
26
0
11
-1
14
4
8
2
6
5
2
3
0
4
0
5
24
-2
9
-3
18
-8
9
-5
8
-6
7
-8
0
-5
4
-4
3
-6
3
0
21
-5
11
-2
19
0
3
0
10
-1
1
3
0
1
6
7
1
3
6
3
24
4
8
5
22
3
12
0
12
4
5
10
12
6
6
6
8
5
4
7
24
5
13
1
28
9
-3
-6
16
10
0
-5
9
4
0
-3
5
1
-3
-3
28
9
-3
-6
18
0
-1
-8
-6
-1
0
-5
-2
0
-3
-1
0
-4
0
-2
23
5
3
-4
17
0
6
-4
-1
-8
-3
-1
3
-2
-2
-4
-8
-2
-3
0
21
4
9
-1
28
2
3
-3
2
2
5
6
3
1
1
2
4
0
3
-1
32
6
6
0
23
2
9
-8
7
-3
5
0
6
-2
0
0
1
6
2
3
24
4
10
-7
18
9
0
0
13
7
9
11
15
14
12
8
9
15
16
10
37
26
16
16
38
21
22
26
21
17
17
16
10
10
11
6
10
15
8
10
32
15
16
20
40
16
17
21
20
13
16
15
15
12
8
19
14
8
10
11
30
7
8
13
41
19
28
22
23
14
17
10
9
10
12
10
6
7
8
6
33
12
22
16
39
26
28
26
30
23
25
21
28
22
23
21
16
16
15
14
40
27
28
27
52
26
27
23
21
25
33
19
23
21
13
22
18
14
12
12
38
12
14
11
30
10
14
14
12
11
14
12
8
7
9
9
4
10
5
5
26
5
10
10
35
2
11
7
23
0
12
9
11
11
5
4
4
10
3
6
30
-2
6
3
30
17
8
0
11
3
1
4
9
-1
-3
2
2
-2
-2
2
32
18
9
1
31
4
4
2
9
10
5
3
11
6
0
5
7
6
5
-1
33
6
6
4
34
20
28
21
33
22
23
28
28
24
20
25
14
17
12
17
45
30
37
30
53
48
42
36
36
38
38
38
41
41
40
38
36
35
34
31
57
52
45
39
61
46
53
44
46
45
45
51
45
52
45
46
44
40
44
42
64
49
56
47
68
48
49
46
51
35
37
41
40
31
34
33
28
28
24
25
46
28
30
28
50
26
41
29
32
30
34
25
29
25
22
26
18
23
17
18
40
17
31
20
38
26
29
21
16
13
13
23
23
24
22
18
13
12
14
14
35
23
26
19
41
12
29
1
31
1
34
-2
25
0
24
7
17
3
10
5
32
3
21
-6
28
1
6
0
2
1
-3
0
6
3
0
-7
-4
-7
0
-3
32
5
9
2
36
14
7
7
8
-1
6
7
0
8
12
2
1
0
-3
1
36
14
7
8
43
18
12
13
8
13
18
11
9
7
6
14
10
7
-2
-2
39
14
9
10
36
10
18
11
13
13
14
4
20
14
9
11
7
7
10
4
33
7
14
8
33
20
22
16
10
11
11
10
17
7
6
3
6
7
9
10
35
21
23
17
39
13
24
18
14
17
14
17
16
13
20
7
15
11
8
9
32
6
18
12
37
11
26
9
14
7
22
8
19
7
9
8
12
3
8
4
31
4
20
3
28
10
4
-1
9
10
3
3
0
2
5
3
0
-3
1
2
28
10
4
-1
25
13
26
13
20
25
25
40
32
39
32
33
35
37
35
35
61
47
58
44
72
51
53
48
51
47
39
46
49
42
35
32
34
28
21
25
52
32
35
31
54
35
41
30
35
20
28
28
36
29
37
27
26
20
24
20
51
31
38
26
54
37
35
32
34
37
29
27
29
26
17
16
13
15
14
13
38
22
21
19
48
32
32
17
22
19
31
32
27
21
16
18
18
18
15
11
42
27
26
12
38
21
23
13
14
11
22
15
22
13
13
7
10
9
6
8
33
16
18
9
34
11
26
15
25
16
21
23
14
23
18
17
16
18
15
10
38
15
30
18
43
31
37
28
34
27
21
30
26
32
26
27
26
24
25
21
50
38
44
34
58
29
33
23
36
22
29
21
31
18
23
15
26
15
12
14
42
14
19
10
37
16
16
15
13
11
13
9
7
1
9
3
4
3
2
6
33
12
12
11
36
17
11
6
15
9
6
6
14
11
2
1
9
6
4
1
31
12
7
2
31
10
8
4
23
-2
-1
3
12
-8
3
2
4
-2
5
7
33
12
9
6
46
10
22
11
12
14
6
9
10
6
6
5
8
0
3
-2
43
7
19
9
32
18
11
5
11
7
4
3
8
10
8
8
5
2
3
4
28
14
8
2
29
13
11
0
2
-1
5
0
0
-6
5
1
6
6
7
0
29
13
11
0
21
0
-5
0
-3
9
-2
-3
9
-1
-1
-2
0
3
2
-1
21
0
-4
1
30
7
11
0
6
1
7
-7
0
-3
4
-2
0
0
1
3
31
8
12
1
23
0
0
11
0
1
9
0
0
7
-5
-1
5
-1
0
2
23
0
0
11
31
11
17
10
18
9
14
6
9
6
6
3
5
5
6
4
26
6
13
6
34
11
24
6
17
11
19
15
20
12
7
14
10
12
7
7
36
13
26
8
30
7
23
11
18
16
22
20
24
20
22
19
21
21
17
21
41
18
33
21
45
23
30
19
26
30
22
31
17
20
20
16
22
14
17
12
39
17
24
14
33
11
17
9
18
20
15
21
13
16
11
13
19
15
14
9
33
11
17
9
32
20
30
24
30
27
25
28
29
28
29
30
33
27
28
25
48
36
45
38
67
43
41
43
45
36
44
42
45
42
40
40
40
41
33
31
68
44
42
44
68
37
45
43
40
40
38
38
39
35
28
29
30
23
28
25
46
16
26
25
42
26
35
26
28
23
20
19
10
11
9
11
10
10
12
10
31
16
25
17
42
21
30
13
33
19
36
18
36
21
33
24
30
23
27
22
52
30
39
22
45
17
37
16
30
19
19
28
15
24
15
16
19
15
19
12
39
11
32
11
34
22
20
26
23
19
22
30
24
22
27
24
19
22
21
20
44
31
30
35
57
41
37
28
25
28
33
27
29
17
16
17
17
20
21
17
39
25
21
13
36
18
18
12
17
14
23
11
17
14
15
15
20
11
11
8
35
17
17
11
35
32
30
21
24
26
26
21
17
15
14
15
13
17
20
18
41
39
36
26
49
32
35
33
32
29
30
21
24
19
17
22
17
13
16
17
40
24
27
25
45
43
39
31
32
29
33
31
31
26
28
30
27
24
22
20
37
35
31
23
38
18
21
28
22
16
26
19
23
11
19
20
14
14
20
10
29
10
13
20
49
25
33
18
27
15
30
18
25
18
18
7
17
13
11
11
37
14
23
8
29
9
7
18
14
4
11
10
8
12
5
1
9
3
1
4
25
5
3
15
40
20
30
24
28
19
31
28
25
27
31
26
26
27
22
22
50
30
39
33
61
33
41
30
38
40
37
30
33
27
27
26
25
17
22
16
45
17
26
17
40
28
29
23
18
21
33
24
27
24
21
23
24
19
21
19
44
32
33
26
50
36
31
18
19
25
23
26
21
16
8
11
14
17
13
12
38
24
20
8
31
30
25
14
9
3
2
9
16
15
13
11
8
7
5
7
31
30
25
14
37
13
25
15
21
12
22
9
17
7
13
4
16
4
6
4
29
6
18
8
33
1
14
6
9
12
9
16
3
14
8
10
7
5
6
9
32
1
13
5
25
9
19
12
16
15
21
18
21
21
20
17
20
19
20
18
39
22
32
24
49
33
37
28
35
25
31
30
30
29
27
23
24
24
20
15
40
26
29
21
44
35
36
35
43
32
43
38
41
40
40
34
36
33
29
26
51
41
42
40
60
45
46
40
47
39
35
36
31
35
31
30
25
25
22
18
39
25
27
22
41
27
30
28
31
26
24
27
33
28
29
29
30
24
27
23
45
31
34
31
52
48
40
40
45
41
30
33
39
38
37
35
38
33
31
28
50
46
39
39
61
49
39
30
38
39
37
33
28
27
31
35
26
22
20
25
46
34
25
17
42
28
27
23
23
16
20
15
13
10
8
7
7
5
6
13
36
23
22
18
48
23
32
17
28
10
26
5
22
8
15
10
17
4
8
5
39
15
24
10
29
17
25
20
22
26
13
20
16
14
12
4
8
1
6
3
24
12
20
16
31
12
18
18
18
13
18
19
11
19
13
13
9
13
9
11
25
6
13
12
34
16
26
12
23
19
22
18
20
22
20
25
18
19
18
19
41
23
32
18
45
26
22
17
23
23
19
31
20
17
11
15
14
12
13
9
36
18
15
9
37
22
27
18
16
14
10
8
10
8
9
8
10
15
14
11
36
21
26
17
49
19
24
23
17
15
17
23
13
21
15
9
4
11
10
5
40
11
16
16
45
17
24
23
14
12
21
9
15
13
11
8
14
5
7
2
37
10
17
16
43
12
25
23
23
17
17
11
23
9
15
15
10
12
12
7
36
5
18
18
47
23
34
18
26
22
22
22
19
25
20
14
13
10
12
11
38
13
25
10
35
21
28
27
21
18
25
25
19
20
15
9
11
11
9
9
34
20
26
26
50
29
35
36
38
32
32
31
28
25
23
24
21
15
19
13
38
18
24
26
47
30
29
21
23
17
17
23
23
17
16
16
14
13
11
15
35
19
18
11
33
14
12
14
18
6
6
11
11
8
7
2
7
1
2
3
28
10
8
10
43
27
28
24
35
27
31
40
28
25
26
29
25
22
22
17
53
37
37
33
59
37
28
40
37
20
33
33
21
25
29
19
16
22
17
13
42
22
13
26
43
27
23
21
27
21
27
23
21
19
16
16
20
17
14
15
31
16
12
11
24
18
19
14
17
13
15
12
13
12
10
8
10
10
8
10
23
17
18
13
34
25
24
26
18
20
19
16
21
19
23
27
19
18
18
17
39
29
28
30
49
40
30
32
34
30
31
32
26
23
27
24
17
16
15
18
35
26
17
19
39
15
30
9
21
15
18
13
21
10
18
12
16
12
10
9
31
7
23
2
25
14
22
6
8
11
14
16
18
10
15
5
11
8
10
9
30
19
26
11
33
18
25
23
23
26
27
21
34
26
27
30
28
29
26
22
48
32
39
36
57
37
37
36
34
37
33
31
34
22
23
20
19
24
17
16
38
20
21
21
51
38
37
34
40
41
32
32
33
35
28
30
30
22
22
18
53
40
40
36
61
37
33
30
32
36
40
32
28
25
27
33
28
25
23
20
50
27
24
20
45
17
27
20
27
14
27
15
22
16
16
16
13
8
10
9
35
8
17
12
38
14
21
21
12
17
26
19
27
30
17
21
21
18
22
23
48
24
30
29
55
33
43
32
40
34
37
34
28
38
33
37
27
33
25
30
53
32
41
30
49
29
31
20
31
29
29
20
21
20
22
17
12
16
13
16
32
13
16
6
27
12
15
2
15
3
10
5
11
3
11
1
3
0
3
0
25
9
12
0
25
14
17
16
24
19
20
23
30
27
27
31
29
30
26
26
53
40
43
40
62
42
40
33
38
26
35
23
33
31
30
21
25
22
19
19
42
23
22
16
36
19
8
8
21
15
15
13
10
8
14
9
4
8
11
8
27
10
1
0
24
7
12
-1
13
10
15
2
9
5
16
12
6
5
5
7
29
11
16
3
31
12
27
9
15
6
13
3
12
3
5
7
3
3
1
2
31
12
27
9
32
9
16
6
22
13
16
4
11
9
8
10
4
7
6
8
30
7
14
4
25
11
20
12
18
15
15
17
22
14
22
18
23
21
20
18
40
25
33
24
45
27
36
28
33
23
32
28
32
26
33
26
27
22
24
24
46
28
37
29
51
31
29
23
31
28
27
23
21
21
22
15
16
12
16
12
36
18
16
11
28
6
13
9
8
9
13
9
8
9
5
3
9
6
8
4
22
1
8
4
24
16
22
7
17
18
25
17
19
15
20
17
17
17
17
17
35
26
32
16
43
30
30
20
25
29
22
24
21
19
16
10
10
8
12
7
34
22
21
13
37
25
17
20
27
22
19
21
24
18
24
25
18
18
22
21
44
32
23
26
48
22
37
24
26
29
27
21
29
24
27
21
26
17
23
17
43
17
32
19
41
27
33
21
20
25
26
31
29
29
25
29
24
23
23
23
48
34
39
27
45
29
32
26
31
18
30
27
24
19
26
18
19
18
18
15
36
21
24
18
48
19
45
19
52
20
57
28
59
34
54
40
54
38
46
41
75
45
69
43
62
47
50
38
39
46
43
45
42
39
34
34
36
34
33
30
51
36
40
28
50
31
31
26
24
32
21
26
23
21
27
20
16
13
16
16
37
20
20
16
42
28
26
19
15
20
16
16
15
18
14
7
9
5
8
6
36
22
20
14
37
24
14
6
14
26
18
5
4
5
18
13
4
3
4
8
30
17
7
0
26
4
12
4
8
3
12
8
15
11
14
9
10
10
13
5
39
16
23
15
36
21
14
19
20
22
17
18
24
21
17
22
18
21
19
14
39
24
17
22
46
30
35
21
31
23
24
25
23
29
18
23
16
21
15
16
42
26
31
18
43
20
16
9
21
21
15
14
17
10
14
3
11
9
10
7
34
11
7
1
24
1
8
11
1
5
13
2
5
7
3
-1
6
0
3
4
25
2
9
12
28
17
22
21
24
14
20
15
16
12
20
14
12
14
12
9
27
15
21
20
36
26
18
9
19
18
15
10
17
17
13
9
10
14
10
9
26
16
9
1
30
17
15
8
18
10
11
4
2
12
12
12
9
11
8
10
35
21
20
13
31
26
23
19
29
27
26
23
23
20
17
22
21
17
18
20
40
34
31
26
40
28
32
31
29
26
25
21
22
20
17
15
14
15
13
11
28
16
21
21
50
31
30
15
19
18
22
18
23
18
9
7
9
10
14
9
40
21
21
7
34
21
19
17
19
18
20
12
18
12
12
10
15
5
6
7
38
25
22
21
50
36
33
23
24
27
38
31
25
24
23
23
19
19
16
15
44
31
28
18
41
13
27
15
27
11
16
12
20
10
12
9
10
5
9
3
32
5
19
8
34
10
26
8
26
10
31
17
27
22
28
24
23
23
24
23
51
26
42
23
48
30
30
32
35
31
36
37
34
35
40
37
33
38
33
28
60
41
40
42
62
41
39
46
39
41
47
37
38
36
34
41
35
32
32
31
52
32
30
38
54
44
44
28
33
28
36
27
26
22
28
29
28
23
20
19
38
28
30
14
42
31
30
20
21
15
23
22
31
36
27
20
18
20
20
23
51
40
38
27
50
33
35
35
34
28
35
33
41
35
33
33
31
28
31
31
53
36
39
38
59
39
37
42
46
28
39
42
32
29
31
31
23
24
21
21
41
22
22
27
48
30
29
16
24
24
22
23
15
20
21
17
13
10
14
12
35
18
17
5
27
12
11
15
7
9
15
6
12
9
6
6
3
1
4
3
25
10
9
13
27
31
33
29
27
22
20
18
18
17
16
15
14
12
9
9
26
31
32
29
44
36
34
32
31
26
22
22
24
21
25
24
21
19
20
17
32
24
23
22
47
28
30
27
31
21
27
19
24
22
20
13
16
13
14
7
37
18
21
18
36
26
32
17
22
19
17
17
16
16
16
15
15
10
11
10
33
23
29
14
38
26
19
15
18
10
16
16
21
17
20
15
9
10
13
13
37
25
17
14
37
26
33
30
30
19
22
18
22
22
21
19
20
19
13
15
35
24
32
28
50
40
30
27
31
32
27
21
21
24
24
26
21
17
20
22
41
31
22
19
47
42
32
22
24
28
25
11
11
20
17
10
5
5
9
10
40
35
25
15
51
30
26
16
25
26
26
21
17
13
11
12
10
9
2
8
43
23
19
10
26
12
11
11
18
7
13
7
9
11
5
6
7
5
3
9
23
9
8
8
39
18
17
21
22
20
28
24
30
30
17
25
23
20
22
22
49
27
26
30
60
34
53
22
48
26
50
31
46
29
33
28
27
28
29
29
56
30
49
18
40
18
32
15
30
14
30
13
28
12
23
10
22
9
15
6
32
10
24
8
29
20
22
17
25
22
24
14
14
11
11
8
4
5
5
2
25
16
19
14
37
26
32
25
31
26
34
37
36
36
34
33
35
34
38
34
58
45
51
43
66
45
48
49
47
40
40
39
40
33
32
33
32
24
27
23
44
24
28
30
62
46
46
36
31
24
27
25
32
28
29
28
30
26
25
22
55
39
39
29
50
40
42
40
45
40
42
46
46
45
42
40
40
36
36
34
55
45
47
44
67
42
52
37
54
32
43
26
44
27
34
27
30
21
26
21
46
22
33
19
36
29
36
32
27
29
29
24
21
17
15
10
12
10
11
13
29
22
29
25
40
29
33
19
27
15
22
23
23
23
18
21
16
18
14
16
31
20
25
12
31
17
25
16
16
14
17
20
24
17
20
15
17
15
17
17
37
22
30
21
41
20
36
27
30
29
26
28
28
22
29
21
25
17
18
14
36
14
31
23
44
44
32
22
27
30
31
29
21
17
22
25
18
8
7
11
34
35
24
14
46
36
27
19
22
31
32
30
35
33
33
26
28
31
28
28
61
50
41
32
52
29
39
23
36
26
34
38
28
27
22
25
22
24
24
19
39
17
28
12
29
16
14
19
19
12
19
24
20
15
20
15
16
16
17
15
30
18
16
20
39
30
31
22
19
16
24
26
28
20
13
14
13
15
16
14
30
22
23
14
37
14
23
13
20
23
19
23
18
19
26
19
26
18
17
18
44
21
29
19
50
31
36
32
35
32
34
27
27
32
24
25
17
15
13
12
44
25
30
27
52
42
35
29
34
26
26
21
24
23
18
10
14
17
14
14
40
31
25
18
40
19
18
17
24
17
27
19
22
20
18
14
18
18
18
14
36
16
15
14
34
19
20
24
23
26
32
25
29
30
29
26
33
26
27
29
47
32
33
35
56
37
39
39
42
36
38
36
38
35
40
31
36
31
28
29
52
33
35
35
61
33
44
27
44
30
38
24
33
28
31
27
16
20
20
19
46
19
30
14
35
27
21
21
25
19
19
17
19
14
13
21
20
17
19
20
38
30
24
24
44
26
36
28
33
29
35
28
37
27
33
26
29
23
24
22
43
25
35
28
47
31
30
29
33
33
34
36
31
26
28
27
31
27
24
21
43
28
26
25
45
33
36
27
31
27
34
33
35
31
29
21
25
21
27
23
40
29
32
23
40
23
26
28
25
23
18
23
21
17
21
20
18
19
15
15
32
15
19
21
38
27
21
20
27
23
27
22
26
25
26
21
26
24
21
18
40
29
23
22
52
26
25
17
15
20
19
20
15
12
16
10
14
10
7
4
42
17
16
8
32
13
18
2
16
0
23
6
13
0
10
3
10
5
8
5
29
10
16
0
24
6
10
0
4
9
13
8
8
0
4
5
5
8
1
2
27
8
12
2
25
10
11
8
12
12
23
18
17
15
14
11
14
12
16
11
31
16
16
13
41
24
29
14
27
26
28
23
18
26
24
22
14
14
11
15
41
23
29
13
41
25
45
33
47
38
50
47
50
54
53
56
52
51
51
45
75
56
75
62
81
56
69
47
59
46
55
44
51
44
50
38
41
37
35
36
56
33
46
26
45
20
26
28
23
17
25
25
15
16
21
11
15
13
12
10
31
7
14
17
35
20
21
23
24
26
16
18
23
22
22
17
18
21
14
16
35
20
21
22
45
31
34
37
39
38
36
45
45
41
40
47
44
40
41
39
62
47
49
52
68
42
53
45
43
48
39
44
34
38
37
29
30
27
26
26
42
18
30
23
45
29
27
18
24
18
30
17
22
24
22
18
21
17
16
17
38
23
21
13
33
15
19
14
17
13
21
20
22
16
17
13
17
11
19
12
33
15
20
14
37
20
24
21
19
17
22
23
25
24
24
21
19
19
21
18
45
28
31
28
43
35
37
34
31
27
28
20
23
24
23
19
22
14
14
12
27
19
22
19
38
34
22
17
23
26
26
23
18
14
18
20
19
17
13
16
34
30
19
14
36
22
19
19
18
13
10
17
13
12
11
11
4
7
10
4
27
14
12
12
41
26
18
19
18
16
19
16
15
14
18
15
14
6
4
5
35
21
13
14
31
22
27
22
24
12
16
14
17
15
21
13
13
9
8
5
24
15
21
16
37
26
31
31
37
35
40
42
46
40
42
44
44
41
40
39
60
47
51
50
75
57
53
42
52
52
56
45
47
41
45
47
42
39
38
34
63
45
42
32
60
30
49
18
51
23
49
23
46
23
45
27
34
23
29
26
56
25
45
14
39
26
27
25
27
26
33
32
30
37
33
32
32
34
30
30
56
42
43
40
61
42
49
39
47
31
41
36
40
30
33
29
28
24
26
24
41
23
31
21
43
27
24
26
20
25
30
23
19
25
23
19
22
14
16
18
39
23
21
23
44
32
24
24
25
24
25
27
22
20
19
15
12
19
16
10
34
21
14
14
40
16
20
11
24
16
14
18
20
15
15
8
15
9
12
6
34
10
15
6
39
20
29
13
27
19
26
25
29
29
26
24
33
25
25
19
57
37
45
29
59
33
50
30
50
29
49
27
48
29
43
30
30
23
28
22
55
29
46
26
46
33
34
31
34
37
40
36
38
37
33
36
34
31
33
30
50
38
38
35
64
38
42
28
37
29
44
30
33
25
25
20
22
19
23
19
47
22
27
13
34
25
22
16
20
15
18
13
16
15
19
16
15
9
14
13
33
24
22
15
37
30
34
17
28
21
35
28
32
17
16
11
18
15
14
9
30
24
28
10
30
18
17
19
23
20
29
26
25
28
34
28
28
27
29
29
49
36
35
36
59
37
34
32
34
32
33
31
31
29
25
27
24
26
26
18
46
24
23
21
40
18
17
29
15
16
26
18
18
19
19
16
17
16
15
13
35
13
13
25
51
32
34
24
30
30
31
21
32
28
32
26
22
25
26
21
48
28
31
21
42
33
36
28
34
30
38
32
37
30
35
28
32
30
29
24
47
38
41
32
59
40
44
36
37
38
39
28
34
25
32
25
26
23
21
13
42
24
29
21
47
33
31
31
20
25
27
25
26
21
21
14
11
14
12
17
41
27
25
26
51
32
40
34
39
35
37
43
37
40
38
39
35
37
35
31
59
39
47
41
70
54
49
48
57
50
55
61
54
53
60
55
54
50
52
49
83
66
61
59
78
57
60
60
57
54
49
49
50
44
40
44
43
35
34
33
55
34
38
39
64
44
40
39
45
28
41
37
36
21
31
23
21
23
24
15
44
25
22
22
47
39
46
35
35
30
34
40
40
42
39
32
32
32
33
32
58
50
56
44
74
47
46
38
36
40
45
39
40
31
22
20
30
23
27
17
50
24
24
18
50
30
31
22
17
20
24
28
29
36
25
21
18
19
24
24
55
35
36
27
56
29
37
30
36
31
35
33
28
36
23
29
21
21
17
21
46
20
29
23
44
29
23
24
20
19
25
28
23
20
14
12
17
15
14
15
33
19
13
14
30
18
18
19
19
12
15
18
12
12
13
12
10
10
12
10
24
13
13
14
41
13
22
8
15
11
12
8
18
9
13
5
11
10
7
8
35
7
17
3
31
8
13
6
-1
9
11
8
10
8
-2
7
4
0
4
0
30
8
13
5
27
15
13
10
9
10
9
11
15
13
12
8
11
11
9
8
31
18
16
13
33
19
26
21
28
23
22
25
25
31
27
23
25
24
23
21
45
30
37
31
52
36
37
26
30
29
27
23
21
18
22
21
26
17
16
17
38
22
25
14
29
23
18
14
20
23
19
18
22
22
19
16
14
19
18
17
31
25
20
16
35
27
21
17
14
17
13
8
15
11
12
13
8
9
7
7
28
20
14
11
33
18
13
13
12
14
15
11
9
14
12
9
10
11
16
11
32
17
13
13
36
24
25
20
21
22
18
23
22
21
23
19
19
22
20
18
40
28
29
24
40
34
36
29
31
29
28
22
27
21
23
19
20
16
15
12
32
27
29
22
39
27
26
20
15
18
23
22
24
19
22
16
17
15
15
15
34
23
21
16
42
15
16
10
21
19
25
17
12
12
19
15
13
5
15
9
37
10
11
5
21
14
16
12
21
18
13
18
18
17
12
12
13
12
12
12
28
20
21
17
39
23
21
22
18
26
31
25
28
22
20
23
26
20
21
20
41
25
23
24
50
43
32
25
30
36
37
38
40
36
28
24
31
31
28
25
50
43
32
25
64
45
41
28
36
32
39
26
29
22
25
22
26
9
8
8
53
34
31
19
44
22
7
17
35
18
17
17
13
23
22
6
6
19
15
9
35
14
0
10
36
21
20
17
21
20
28
29
25
24
27
28
21
22
26
21
50
35
33
29
59
39
35
35
34
38
37
26
29
31
25
24
23
12
18
19
49
29
26
26
47
26
36
23
34
20
40
27
38
28
31
24
29
27
28
26
48
27
37
23
42
27
42
23
43
28
42
35
45
40
44
35
43
38
43
37
59
43
57
38
59
41
38
40
35
33
40
33
32
34
27
24
24
26
21
21
40
23
21
24
44
28
34
28
25
25
27
28
34
30
27
27
22
25
23
25
47
31
36
30
49
36
34
31
30
22
24
25
20
24
21
23
25
22
17
16
37
25
23
20
45
21
29
11
27
17
30
18
23
17
19
17
15
16
13
13
38
14
22
5
20
11
7
10
7
1
5
0
5
5
5
4
5
2
2
2
19
10
6
9
35
17
7
10
17
13
7
3
8
14
11
3
8
8
4
8
32
15
5
8
31
21
24
13
15
15
17
16
11
8
9
8
6
2
5
2
27
18
21
10
28
11
18
9
16
16
9
18
11
11
6
5
9
5
6
4
22
6
13
4
27
5
18
2
17
8
7
8
7
10
0
9
0
3
0
1
28
6
18
2
21
8
2
9
10
7
15
9
9
13
12
8
9
10
11
9
28
15
8
15
36
20
21
20
25
17
21
19
24
16
15
16
20
11
13
10
31
15
17
16
39
15
26
12
19
17
20
21
12
26
11
14
9
12
11
12
33
9
20
7
34
14
23
11
15
10
9
4
12
10
9
14
8
12
9
8
33
13
23
11
36
5
24
14
11
25
7
20
10
17
9
11
14
7
12
1
33
2
21
11
39
14
31
5
24
12
26
27
21
27
13
22
12
26
19
21
47
21
38
12
37
23
24
16
25
25
31
23
25
32
29
29
26
25
26
28
52
37
37
29
50
26
29
18
24
32
23
23
20
19
21
19
14
16
11
17
35
12
16
5
25
11
9
11
12
6
12
10
13
7
9
9
10
3
7
6
26
12
11
12
33
17
23
12
17
19
19
17
12
15
8
17
10
10
4
5
28
12
18
7
27
15
17
22
14
17
14
13
14
9
10
10
9
13
9
14
31
19
21
25
48
33
31
32
35
35
32
33
37
36
36
35
32
33
31
31
54
39
37
38
59
49
41
35
43
37
42
39
37
34
33
35
30
26
24
26
47
37
30
24
55
34
34
24
34
24
30
25
27
35
29
29
26
25
20
22
55
34
34
24
44
22
31
16
22
21
19
20
20
16
15
14
11
13
9
8
32
10
20
5
25
14
15
6
5
6
14
8
11
6
9
5
6
4
7
6
25
14
14
5
30
4
16
9
9
9
10
13
14
10
8
3
10
3
6
6
30
3
15
9
25
19
16
8
12
5
7
12
11
14
17
15
8
7
8
8
27
21
17
9
35
20
10
5
13
22
21
8
13
16
16
9
9
8
10
9
33
18
8
3
21
6
9
7
10
13
10
8
12
17
8
13
9
10
11
9
29
13
16
13
37
12
14
13
20
4
17
16
8
9
12
6
6
9
5
2
31
6
9
7
29
10
11
11
13
10
12
8
3
7
11
6
0
7
2
6
28
9
10
10
37
15
18
15
24
21
27
22
21
15
22
14
18
16
15
9
39
16
20
17
45
24
24
25
28
23
27
19
22
22
23
20
29
17
19
17
47
26
26
27
47
31
33
28
34
33
30
28
37
32
32
26
30
28
27
27
48
32
34
29
46
26
28
23
36
23
29
27
27
15
21
22
20
15
17
16
31
13
15
11
31
17
17
11
17
16
23
18
20
14
23
19
19
18
17
16
40
25
25
18
37
24
30
25
26
33
20
24
24
23
28
18
22
16
17
15
32
19
26
20
41
19
26
20
23
18
20
26
17
20
12
14
11
13
13
11
30
9
17
11
32
13
16
15
15
13
10
12
10
16
8
8
9
5
8
6
30
11
14
13
38
20
19
16
10
9
8
11
12
17
13
8
5
8
5
4
34
16
15
12
40
13
19
9
11
18
15
13
5
8
13
8
10
9
6
7
35
9
15
6
29
9
18
2
12
0
14
8
14
7
11
-2
6
0
5
0
27
6
16
0
17
15
11
5
10
7
4
5
5
5
3
2
0
-1
-2
0
19
17
12
7
29
29
31
16
19
14
19
12
13
12
18
14
12
6
11
13
38
37
39
24
40
31
33
25
30
33
32
28
22
24
25
22
22
17
18
17
34
26
28
20
42
33
37
33
37
32
38
32
38
36
40
36
33
30
33
30
54
44
47
43
59
42
47
44
38
34
38
31
35
34
30
25
26
23
20
20
36
20
26
23
45
30
28
25
34
28
31
26
37
30
29
25
28
28
25
25
48
33
31
28
49
39
43
43
48
50
52
54
56
51
54
55
56
51
50
49
71
61
63
62
85
56
67
53
61
45
55
41
56
40
47
36
41
27
34
29
54
26
39
26
47
32
26
15
20
27
29
24
26
17
16
17
20
20
17
13
37
22
17
6
33
9
20
6
15
3
19
13
17
12
8
4
4
9
4
5
31
6
17
4
35
10
22
19
15
22
30
22
32
30
25
33
24
27
27
27
58
32
42
39
64
42
51
45
54
44
45
46
50
39
50
42
48
41
42
37
62
41
49
44
72
52
51
47
55
48
50
43
47
48
42
33
38
34
32
30
58
39
39
35
61
39
34
32
35
22
27
36
33
18
22
20
13
16
20
18
42
21
18
17
35
18
24
21
23
21
23
17
22
18
13
14
17
12
14
9
30
14
20
18
46
33
28
12
12
21
35
31
28
16
18
17
22
17
20
19
46
32
27
11
33
23
16
24
22
16
23
26
27
24
21
19
16
19
20
18
38
28
21
29
48
33
39
28
30
26
30
34
32
27
21
22
19
22
22
21
38
23
30
19
45
32
32
31
34
37
41
38
40
43
41
36
40
35
38
39
63
48
48
46
65
47
43
43
44
39
35
33
39
34
25
32
29
24
20
20
43
26
24
25
44
36
36
33
45
38
39
34
41
36
33
32
34
29
27
22
44
36
36
33
51
46
42
42
50
46
45
45
50
47
48
48
50
46
43
42
62
56
52
51
72
58
55
50
54
50
54
40
42
43
39
38
40
36
35
33
56
42
41
36
57
43
41
30
35
31
34
28
26
27
21
22
17
20
19
18
37
24
23
13
43
27
24
29
23
16
16
18
12
9
15
12
10
10
3
5
36
20
18
22
59
27
28
21
31
29
25
25
19
24
20
14
13
14
13
8
50
19
20
14
46
29
23
17
31
25
27
28
27
28
19
14
17
22
18
11
43
26
21
15
43
22
31
16
33
24
26
22
24
28
21
28
23
19
17
16
46
25
33
18
34
12
18
16
19
17
18
14
13
16
15
7
13
9
11
11
25
3
10
8
36
21
18
4
18
20
21
20
15
7
15
14
17
10
14
13
42
26
23
9
30
14
9
9
16
1
11
11
7
0
10
4
2
2
4
0
27
11
6
6
37
17
7
5
18
14
12
17
14
9
11
14
2
9
12
13
38
18
7
5
35
22
3
2
16
20
17
2
0
8
15
13
3
-2
5
7
31
18
0
0
16
5
6
11
10
10
15
14
14
16
16
17
16
13
16
14
32
20
20
24
48
28
32
21
32
34
40
31
31
30
35
33
33
29
30
30
54
34
38
26
47
40
40
38
37
43
42
38
39
38
46
43
41
41
38
36
58
51
50
48
77
63
64
44
51
48
51
51
51
47
44
38
43
39
39
33
65
51
53
34
51
32
38
24
35
25
33
32
25
25
20
22
20
23
20
18
35
18
25
11
35
18
25
15
14
17
10
10
18
9
13
8
9
6
3
2
29
12
19
10
33
15
30
15
26
14
15
16
9
9
3
10
2
8
2
6
28
10
26
10
28
6
12
5
12
5
11
8
1
6
7
9
3
6
3
4
23
1
8
1
25
8
14
-1
4
-7
1
4
10
-1
7
0
3
0
5
3
25
8
14
-1
18
8
5
-2
0
-4
-1
3
3
-1
-6
-1
-3
0
0
2
20
10
7
-1
16
0
-2
-4
3
1
2
-3
0
1
2
3
2
1
-3
0
18
2
0
-3
20
-3
2
-4
13
-11
6
-5
15
-6
0
-3
6
-6
0
-2
22
-1
4
-3
16
-10
-4
13
-8
-10
12
-6
-4
12
-5
-5
6
-2
-4
1
18
-7
-2
15
45
22
10
7
12
22
26
12
1
12
14
8
8
6
2
9
37
14
2
0
27
2
-4
-2
2
7
5
0
6
1
-4
1
2
3
3
0
28
3
-3
-2
27
5
4
1
4
-5
9
3
2
-2
5
1
-3
-1
-2
-1
31
9
7
5
36
12
19
11
16
11
13
11
8
8
6
6
2
3
4
0
40
16
23
14
38
10
32
19
26
18
31
18
25
19
21
10
18
11
11
14
33
6
28
15
41
26
26
16
21
17
15
20
23
19
21
16
14
12
15
14
40
24
25
15
42
21
28
28
12
15
20
14
27
22
14
19
12
9
14
10
39
19
25
26
40
32
37
38
35
37
33
33
28
29
26
22
25
20
19
18
32
24
30
31
52
43
38
32
35
35
34
29
32
33
37
29
26
27
25
23
46
38
33
27
46
37
31
27
32
32
33
28
29
25
28
23
22
19
19
17
40
31
25
21
45
34
34
31
29
20
24
13
14
11
12
13
17
11
11
10
35
25
25
23
47
27
19
22
15
19
20
9
17
14
12
14
11
14
18
9
35
16
9
12
32
14
15
8
9
13
9
15
3
4
5
9
8
5
6
2
26
9
9
3
28
8
16
0
17
0
9
4
8
0
2
2
3
5
4
4
28
8
16
0
30
7
6
-1
4
5
4
0
1
-2
3
2
2
1
-2
0
32
10
8
0
19
3
12
9
7
4
15
6
13
9
3
6
5
1
3
3
20
4
13
9
35
16
23
17
18
14
13
14
15
10
14
7
12
4
3
3
33
13
20
14
37
23
20
15
17
12
23
13
16
11
14
7
9
4
7
4
30
16
13
9
34
21
18
18
25
28
27
32
31
29
26
27
26
28
25
24
48
34
31
30
56
42
31
24
31
30
23
25
25
23
21
19
14
10
12
17
41
28
17
11
30
22
14
10
10
12
24
23
18
11
12
13
16
19
14
12
33
25
16
13
35
20
24
17
19
13
18
12
16
13
14
17
21
12
15
10
35
20
24
18
38
21
20
11
22
19
23
16
18
15
18
6
13
11
13
7
29
12
11
3
24
10
4
4
16
12
11
12
8
9
12
10
9
10
10
7
32
17
11
10
30
19
22
16
8
12
16
13
18
10
12
11
8
9
7
4
27
15
18
12
38
16
19
13
16
16
17
13
14
10
15
9
12
5
14
10
35
14
17
10
45
21
27
13
9
14
4
13
19
12
18
6
3
1
0
3
40
17
22
9
35
18
12
4
12
9
12
0
9
0
5
4
3
4
9
6
32
15
9
1
33
9
4
5
6
4
6
11
3
2
1
0
3
0
1
-7
34
10
5
6
29
9
7
7
7
5
5
5
5
3
5
3
2
5
3
5
26
6
5
5
32
11
16
4
9
12
8
8
11
11
8
4
5
4
4
6
32
11
17
4
28
16
14
11
16
14
15
13
16
13
11
5
11
6
6
5
27
15
12
10
46
22
44
11
37
22
39
31
41
35
37
26
32
30
34
32
65
40
62
28
116
12
79
23
97
54
68
72
61
78
61
77
65
64
59
68
149
43
109
51
344
138
430
282
361
445
338
469
347
386
390
305
361
275
275
244
504
290
574
419
1748
976
2112
1942
2318
2532
2814
3058
3269
3572
3509
3535
3694
3642
3521
3451
4718
3798
4793
4488
5900
4214
5663
5063
5154
5247
5354
5182
5103
4976
4496
4365
4294
3941
3723
3607
4905
3269
4766
4210
5671
3020
6026
2929
5551
3535
5004
3647
4382
3650
4090
3450
3704
3245
3072
3129
4524
1930
4991
1946
3189
1221
3882
1401
3211
1976
2450
2203
2210
2107
2086
1823
2011
1357
1657
1245
2575
637
3328
875
1566
571
1575
896
1151
849
1035
1086
919
1040
969
866
820
713
742
649
1360
375
1389
720
1415
390
1350
775
921
1066
1039
888
1023
839
760
874
775
606
711
584
1302
282
1247
678
1226
632
966
908
900
817
925
979
874
845
829
801
686
743
713
658
1215
622
956
899
1254
858
1020
1063
1089
1072
1120
1131
1191
1144
1078
1146
1153
1059
1026
1032
1367
965
1122
1160
1588
1111
1356
1388
1395
1328
1396
1422
1349
1275
1270
1195
1085
1036
1010
941
1331
867
1125
1168
1605
1104
1380
1350
1311
1289
1285
1146
1073
1012
916
881
825
719
722
689
1157
678
976
966
1246
776
1056
915
942
971
929
904
899
814
867
836
772
773
691
709
989
531
824
695
867
563
737
678
681
669
628
656
614
605
563
539
567
478
491
449
640
347
532
484
681
312
518
499
518
381
464
482
400
411
369
396
396
334
298
341
519
158
371
359
537
247
481
364
319
437
280
319
344
208
293
223
220
249
190
199
393
111
352
241
360
168
293
234
234
290
218
244
216
195
224
184
196
157
147
162
266
79
208
154
297
123
204
186
175
192
160
163
164
140
138
139
134
144
113
103
255
83
166
150
260
83
204
168
115
167
161
113
122
130
81
119
112
71
120
70
207
33
157
122
191
76
145
116
116
100
84
115
57
79
91
65
69
57
84
53
136
24
94
69
157
24
140
30
103
77
89
66
91
33
77
43
62
43
43
36
126
-5
111
3
72
2
44
41
52
41
65
34
51
50
47
47
45
47
36
46
108
37
77
72
148
50
95
54
87
60
76
72
55
54
33
55
34
54
21
41
111
15
61
22
81
5
37
0
46
43
56
5
9
29
29
42
10
20
8
27
77
2
34
-3
69
-5
36
-7
30
19
31
18
4
-2
15
0
6
-3
1
-6
74
0
41
-2
86
-25
98
-41
80
4
57
31
1
34
-8
33
1
7
-2
-5
89
-22
101
-39
57
-30
35
6
20
13
4
13
-12
-3
-1
-12
-17
-5
-17
-17
79
-9
55
25
129
60
89
91
66
74
68
46
35
39
29
14
13
5
6
15
126
57
87
88
192
102
94
117
127
75
78
105
114
74
62
87
72
37
48
62
148
60
54
79
137
60
91
62
97
96
74
48
87
63
75
56
48
64
51
50
109
33
65
38
101
27
75
50
49
82
41
59
54
36
57
38
44
42
24
37
95
21
69
45
97
49
103
85
101
113
113
113
143
118
138
129
125
128
117
117
168
116
167
146
194
150
175
150
168
164
175
155
163
151
146
149
142
128
127
115
171
128
154
130
178
126
171
115
164
111
154
109
140
97
122
84
115
90
97
83
138
88
135
82
127
57
101
70
76
96
63
88
58
63
61
59
54
45
50
41
87
19
65
36
89
46
84
60
70
60
59
64
69
66
60
71
58
74
53
68
113
69
106
81
139
105
121
90
108
98
104
103
99
100
89
67
77
72
72
61
120
86
103
73
134
61
98
83
80
88
81
66
64
68
50
46
45
47
39
37
97
26
65
51
106
30
77
21
75
48
50
39
32
45
50
22
29
19
31
21
79
4
52
-1
54
-13
19
10
21
-2
7
3
19
-3
6
-3
10
-8
-8
2
56
-11
21
12
79
22
59
30
38
40
14
20
4
4
-9
-14
3
-3
10
1
79
22
59
30
79
29
41
23
35
36
33
46
23
16
20
25
26
25
19
14
68
19
31
14
54
1
34
23
19
14
42
2
35
19
8
11
19
4
15
9
47
-4
28
17
76
6
70
11
67
10
67
14
61
-3
53
2
37
12
27
8
75
5
70
11
70
6
58
15
25
26
14
37
12
29
21
0
17
-1
6
1
65
2
53
11
58
17
35
34
44
35
39
41
40
27
28
34
25
26
20
18
66
25
43
41
82
24
60
23
48
31
52
41
30
43
17
43
15
35
20
28
64
7
43
7
68
1
56
7
27
29
19
20
18
14
20
14
13
0
10
-5
67
0
54
6
41
30
25
8
4
-1
3
6
6
-4
5
3
5
3
5
5
39
29
23
6
35
-1
30
1
14
14
16
18
13
16
2
11
10
6
11
3
34
-3
29
0
35
0
30
14
20
18
11
19
7
6
1
3
7
-4
7
-2
37
1
32
16
56
21
31
17
12
17
19
17
23
10
15
7
10
8
0
5
49
14
25
10
48
11
26
20
28
29
25
38
23
34
28
26
22
30
26
23
60
23
37
30
56
40
39
40
42
33
37
46
41
35
38
40
33
34
37
30
58
42
41
42
75
40
42
32
26
28
41
31
34
31
21
11
26
19
25
25
53
19
23
13
51
1
29
6
19
16
9
8
0
10
7
2
14
5
7
8
46
-2
24
2
46
4
20
1
11
-4
7
6
9
7
5
-2
-9
3
0
-3
47
4
21
2
48
8
28
7
25
24
16
19
17
10
0
9
12
8
7
1
57
16
36
15
39
15
35
6
30
12
25
14
22
19
18
15
17
15
17
13
38
13
34
5
33
8
29
14
24
6
14
6
2
-2
3
-2
3
1
6
3
32
8
29
14
47
18
30
24
25
35
35
37
28
24
25
26
26
23
16
18
49
20
31
26
58
22
31
28
24
24
23
21
31
20
19
12
21
12
13
15
44
10
19
17
52
20
30
10
12
14
28
19
17
6
11
5
14
9
7
10
45
12
23
3
41
11
12
16
10
1
6
0
0
4
0
-4
3
9
-1
9
40
10
11
15
50
1
25
16
27
12
24
18
22
18
14
10
20
16
7
20
47
-1
22
13
37
12
33
26
40
21
53
30
51
34
53
39
51
42
51
40
69
42
62
54
82
62
67
54
60
55
52
56
48
52
51
50
46
42
41
37
67
48
53
42
73
43
57
38
59
54
61
51
52
55
48
53
53
50
47
43
79
49
63
43
60
48
55
47
50
46
50
45
49
46
47
48
43
42
41
39
57
46
53
45
70
50
55
46
52
46
49
46
45
42
41
38
38
36
40
28
60
40
46
37
64
40
29
27
35
37
34
26
20
22
22
22
21
23
14
13
46
24
14
12
43
22
14
15
20
16
18
17
24
13
5
7
11
8
7
9
36
15
8
9
34
11
27
23
22
22
17
17
12
8
5
3
4
2
5
3
30
8
24
20
43
15
30
13
28
10
26
7
24
6
21
13
18
12
13
11
36
8
23
7
29
21
25
34
26
28
32
26
29
27
23
25
23
19
20
16
32
24
28
36
67
41
46
28
45
46
43
40
31
43
36
39
33
33
29
31
63
37
42
25
52
38
35
25
26
15
16
17
28
20
24
19
15
11
12
13
42
29
26
17
46
21
28
15
27
23
20
23
12
19
10
13
10
11
9
3
38
14
21
8
36
17
18
6
6
7
10
11
14
5
3
6
3
7
7
10
33
15
15
4
43
16
17
13
20
13
21
14
9
8
18
10
13
8
4
6
41
14
15
10
41
11
35
8
35
14
25
18
15
13
11
9
12
7
7
4
39
9
33
6
29
1
22
10
14
23
6
23
13
14
21
10
15
7
14
11
33
4
25
13
41
16
10
15
23
21
14
8
21
13
11
9
8
7
8
6
33
9
3
9
31
25
37
38
39
41
49
55
66
65
66
67
65
67
67
68
90
81
90
88
104
79
81
76
79
66
67
65
56
54
54
51
45
45
42
39
58
35
39
36
57
40
41
33
53
39
41
40
53
39
41
37
45
37
39
36
60
43
44
35
53
42
37
31
40
37
42
34
37
29
32
27
28
28
27
20
41
30
25
20
40
23
34
18
26
16
23
14
20
17
17
13
15
12
17
15
34
17
28
12
41
15
32
11
13
6
12
12
16
18
18
9
12
7
8
11
39
12
30
9
32
14
9
1
15
11
8
6
15
12
2
0
8
5
5
1
28
10
6
-2
28
6
14
10
14
10
17
13
11
12
22
18
19
14
19
12
47
24
31
26
42
36
32
29
34
26
34
35
38
32
31
30
29
27
31
29
44
38
34
31
47
40
34
32
31
31
30
25
26
27
25
26
24
20
20
