SAMPLES:	7735
BITSPERSAMPLE:	16
CHANNELS:	1
SAMPLERATE:	6000
NORMALIZED:	FALSE
0
0
-1
0
0
0
0
-1
0
0
0
0
0
0
0
0
-1
1
1
0
-1
-1
1
1
-1
0
0
0
-1
-1
1
0
0
0
0
-1
1
1
-1
-1
-1
2
2
-2
-1
1
3
-1
-3
1
3
0
-2
1
1
-4
3
-15
1
19
-400
-476
-862
-1425
-1693
-1879
-1801
-1774
-2197
-2263
-1988
-1465
-1239
-1673
-2270
-2254
-1731
-1651
-1458
-1715
-1747
-986
-697
-253
342
-411
-650
-631
-1125
-867
-2
1135
1474
1307
133
-1110
-373
403
883
817
103
875
1557
1449
998
593
1021
1020
938
769
-129
-37
1368
1741
1428
1604
524
-130
-240
-447
-125
-18
-521
-1281
-1498
-1405
-1186
-479
-755
-1854
-2159
-1948
-1115
-348
-305
-838
-1635
-2077
-1771
-1181
-706
-71
331
324
242
313
115
59
420
513
643
747
269
4
340
1230
1880
1984
1475
255
-272
125
1170
2488
2043
853
214
22
315
855
797
561
727
1163
1758
1597
1054
496
314
127
383
615
-14
-40
-85
-290
-984
-1650
-1331
-1693
-1663
-819
-919
-1152
-1120
-1601
-1234
-615
-1168
-1027
-863
-1296
-961
-416
-302
-142
312
77
-899
-854
-456
610
1330
829
253
-150
315
667
817
724
404
384
6
-107
271
480
333
110
-313
-1012
-1330
-989
-655
-605
255
221
-100
-935
-2022
-2238
-1673
-789
61
-220
-1246
-1619
-1398
-842
-535
-727
-837
-816
-634
-376
-510
-1188
-1179
-978
-1675
-1510
-1378
-1749
-1091
-579
-624
-409
-707
-381
59
281
962
1736
1721
700
-113
-32
1013
1721
2203
2071
1509
1770
2372
2606
2008
1503
1371
1766
1895
2056
2017
1572
1765
1352
1033
834
509
181
63
28
-38
445
-99
-320
-511
-1229
-1337
-602
-612
-1099
-945
-862
-276
219
-60
-926
-1093
-1443
-1538
-750
-737
-285
69
-170
-207
-3
-383
-632
-585
-1385
-1290
-386
208
693
440
-610
-109
-150
-786
-5
-145
-132
-123
-88
1179
1675
1160
1283
220
-194
105
79
1138
1331
1013
1115
883
297
15
-328
-585
-713
-1221
-1321
-899
-489
-338
-583
-882
-1044
-1700
-1918
-1015
-450
-29
212
-610
-1271
-1448
-1138
-253
312
-496
-1464
-1236
-275
730
1392
972
13
186
207
-40
-242
-119
773
1066
1380
1378
312
21
409
477
808
387
-479
-607
-346
785
1317
517
-377
-958
-1181
-768
182
633
141
-1097
-2041
-1846
-892
-300
-245
-1086
-2364
-2582
-2338
-1861
-1517
-1206
-841
-977
-1581
-1679
-1709
-1099
-309
-271
-458
-637
-70
-295
-598
-11
-163
-594
-439
-539
-719
482
2097
2538
2111
828
-505
-171
751
815
1147
499
-108
-121
341
987
439
355
423
-875
-968
-281
255
1480
1874
1060
194
-361
-11
-80
40
378
203
-94
-352
127
700
610
158
-458
-680
-867
-1242
-624
-473
139
835
-320
-1678
-1935
-1337
157
620
-393
-980
-844
-68
484
613
481
173
262
266
120
25
175
589
1176
1454
876
18
-100
-99
311
736
450
204
144
-202
291
601
237
-536
-1414
-1459
-1065
-153
330
-320
-695
-603
-1067
-1227
-1344
-1644
-1394
-1097
-923
-777
-975
-751
-226
-168
-749
-556
-520
-428
-101
-250
-274
-392
164
160
-206
28
459
780
1142
822
124
18
414
1621
2299
1826
956
475
629
1059
1577
1585
1349
1483
1293
1519
2357
1844
1178
829
129
-70
-35
586
1620
1954
1158
-144
-264
2
-592
-694
-834
-799
-58
-155
-44
-349
-1228
-1058
-972
-1279
-1891
-2397
-1625
-407
171
-34
-818
-1806
-2597
-2201
-1572
-1171
-703
-1516
-1367
-550
-874
-922
-1112
-1412
-1113
-981
-872
-982
-1113
-552
175
552
-184
-974
-928
-616
139
952
783
53
-318
296
1125
1359
933
260
-482
-814
246
1249
1266
837
340
-105
-125
-222
-304
-773
-1189
-801
-874
-1370
-1944
-1531
-787
-879
-1520
-2378
-2877
-1852
-563
-392
-194
-412
-808
-405
126
435
954
1153
1292
869
33
175
1179
1981
2024
1836
802
208
228
419
1562
1615
318
-279
-767
-646
633
1449
1135
134
-1091
-1167
-482
-41
694
393
-459
-856
-1206
-1271
-780
-408
45
-231
-913
-1014
-728
-593
-442
-368
-1008
-1164
-1458
-1874
-1521
-1233
-397
63
-798
-1473
-2136
-2159
-945
271
-263
-1028
-1131
-998
-139
690
862
618
380
596
894
938
1063
1517
2102
1864
886
55
76
1267
2354
2496
1529
445
-224
185
1207
1564
1506
543
-314
84
849
810
829
1018
574
741
591
-73
-559
-302
669
1115
493
-603
-1163
-1015
-455
-113
43
-406
-1486
-2322
-2265
-1743
-846
-787
-1524
-2206
-2375
-1588
-1236
-1267
-1412
-1596
-1842
-1388
-641
-263
232
437
-316
-852
-1162
-1267
-427
898
1544
1743
999
48
121
990
1491
1316
842
133
-80
568
1492
1525
1004
719
-119
-254
36
-435
-486
57
410
409
102
-348
-780
-324
471
509
114
95
-1030
-1987
-744
-13
313
41
-1708
-1767
-307
238
11
-341
-338
-439
-717
-925
-1033
-611
-210
-443
-159
-19
-423
-190
289
394
-223
-1062
-858
-42
936
1128
17
-776
-648
-363
266
970
956
565
813
520
399
579
158
-333
-521
-275
-220
-286
-811
-1574
-1311
-369
-511
-1380
-2091
-2230
-1016
31
-108
-574
-1189
-1590
-1081
-114
1086
1036
-404
-1116
-775
73
944
820
159
65
117
358
889
880
1153
2157
2202
1582
897
244
518
1322
1598
1743
1388
1134
1009
972
1610
1859
871
251
287
387
1021
1417
1191
398
-464
-515
381
966
726
202
-385
-388
212
-41
-708
-783
-459
-53
-326
-951
-1274
-931
-455
-74
-412
-1729
-2326
-1898
-877
-115
-131
-403
-488
-589
-109
486
262
262
175
-111
24
-140
-155
336
376
82
-78
-134
15
478
1119
1331
1096
575
-173
-463
165
656
665
135
-160
96
156
215
-153
-418
-338
-211
-380
-834
-929
-748
-513
-562
-831
-939
-1506
-1542
-531
-65
-702
-1270
-1371
-1344
-1100
-750
-368
-562
-1411
-1273
-843
-663
-527
-474
-454
-518
-760
-1114
-1052
-537
-232
331
347
-69
-183
-353
17
523
309
19
181
578
562
734
1453
1251
891
817
252
319
894
1282
1694
647
-461
-372
-3
317
855
694
12
-47
-234
-576
-287
238
352
-1
-547
-824
-832
-804
-233
158
-422
-1310
-1816
-2080
-1878
-1362
-517
-298
-653
-1248
-1687
-1487
-887
99
386
177
-666
-1378
-1072
-703
-595
-220
-428
-786
-907
-1056
-188
1003
1343
1047
225
24
393
747
1312
1495
964
645
546
401
-176
-541
19
644
394
-644
-805
-423
128
180
-275
-867
-1471
-1368
-530
-65
-53
-333
-986
-1137
-1390
-1617
-1102
-615
-452
-412
-1120
-1205
-673
-358
433
668
797
796
387
687
1500
1926
1998
1720
739
451
910
1116
1505
1886
1833
1317
706
877
1609
1485
1483
1586
988
1002
1435
1588
1414
781
338
-155
-495
5
564
590
-157
-994
-1363
-1501
-1474
-1073
-1156
-1752
-1936
-2370
-2667
-2417
-2198
-2131
-2340
-2205
-2145
-1923
-2110
-2518
-2260
-1935
-1695
-1548
-1499
-984
-396
323
273
134
258
-515
-739
-233
531
911
713
387
-52
24
609
925
1131
859
208
129
352
820
946
204
139
99
329
675
15
-470
18
103
-216
-290
-274
-369
23
4
-347
-73
-399
-618
-2021
-4170
542
3471
854
-420
-2749
-5001
-2209
4640
2796
-6229
-5272
3464
4854
-2457
-5263
527
4328
909
-3100
-1658
4529
3217
-7268
-2886
6809
8444
3997
-6955
-9099
463
16369
11891
-10510
-13450
6672
18448
975
-14354
-4372
9643
7007
-6042
-5597
7766
11531
-2782
-15798
-3236
16654
11608
-14937
-21893
2029
17119
6521
-5956
-8110
-5428
1058
3387
-982
-6179
-6350
-155
5837
7091
6353
1615
-7171
-11299
-5271
3204
-326
-4524
3102
11390
-890
-16420
-5719
15530
16888
-5160
-13110
5168
16226
2352
-10897
-538
10860
5837
-3862
-3954
2576
1398
-3195
-3389
-28
5456
4040
-2158
-1703
1454
3435
5065
7994
4556
-6598
-7113
3697
5937
-4439
-10045
-1018
8069
6052
-4770
-11884
-5012
5143
3047
-6171
-2728
8443
7287
-6473
-11447
-294
8735
879
-13710
-12775
-7
5347
-1282
-4839
890
4182
899
-3029
-1781
1841
4103
4003
5813
5937
4078
5685
9365
8074
-589
-6341
-1106
1923
-6755
-10888
-121
9728
5667
-5655
-7540
-1061
-4215
-11060
-9961
-1637
6426
2196
-4638
-1695
7098
10609
5707
4137
11019
15442
13853
10166
-4536
-12274
-15513
-22316
-7880
1619
-131
3002
5143
16395
14183
-3374
-5264
-6437
-7322
-8220
-15330
-8734
-3011
-7122
-9905
-10135
1731
7696
-2359
-12716
-10335
7301
18691
18599
20677
29182
32767
2541
-21895
-25447
-32768
-9178
1564
680
8097
9668
29464
21374
-11351
-16968
-19517
-9329
-7368
-19775
-5511
4478
7714
170
-16167
-7013
-2315
-8344
-14298
-12074
9835
22251
26793
31290
31426
32767
-4600
-32768
-30145
-32768
-3436
20810
24785
20069
8201
29583
11760
-28898
-31618
-32768
-3558
12299
1627
12215
19995
22221
-8906
-32768
-23528
-3597
9206
-9539
-17533
8819
29576
32767
30898
32767
27196
-19274
-32768
-31462
-31909
17177
32767
31761
12662
-8143
22127
-6277
-32768
-31609
-28729
19493
32767
20752
5385
2689
1927
-22987
-32768
-29274
4744
32767
6939
-19022
-1082
27321
32767
28153
10114
-9033
-32502
-30841
-32768
-24401
26629
32767
32767
-1432
-32768
-1239
-19770
-32768
-32768
-16279
29660
32767
19894
-24175
-32768
-22129
-11430
-4331
2784
12392
6911
-19193
-19244
18447
32648
32767
19744
1456
-9458
-32493
-28212
-32768
-8970
32767
32767
27493
-22979
-32768
-20070
-31793
-32546
-32768
9681
32767
32249
-6906
-32768
-30854
-11146
18341
11377
-1430
5676
-2581
-17858
-7309
24906
32767
32767
7535
-1825
-976
-30040
-29085
-32768
-3031
32767
32767
18146
-30664
-32768
-31153
-19601
-29551
-23623
25098
32767
29437
-16655
-32768
-32316
2302
32767
21632
-721
-16427
-17966
-15806
2584
30856
32378
32476
7362
13005
5500
-32768
-30324
-32768
5187
32767
32767
8857
-32768
-32768
-28007
-2163
-25302
-8906
32147
32767
19941
-27488
-32768
-28049
17286
32767
27128
-13106
-32768
-28932
-14728
22555
32767
32008
27997
13890
30177
4853
-32768
-30760
-32768
11200
32767
32767
620
-32768
-32768
-19051
9311
-17287
-3749
28060
32767
11478
-30673
-32768
-21014
25366
32767
22942
-24180
-32768
-31975
-5666
31397
32767
28251
16958
7887
27998
23276
-28213
-32768
-32768
7193
32767
32767
6724
-32768
-32768
-23358
25735
8499
-5889
19825
32767
17848
-27720
-32768
-25114
21181
32767
26016
-20770
-32768
-32768
-3567
32767
32486
29769
13805
7130
27010
31395
-19842
-32768
-32768
-4527
32767
32767
19287
-29631
-32768
-29712
17914
28399
5709
8483
26398
30566
-16885
-32768
-32755
8037
32767
32767
-8487
-32768
-32768
-14045
31463
32767
29588
8163
2569
20997
32767
-3223
-32768
-32768
-19504
29694
32767
32175
-14965
-32768
-32768
-5005
32767
24148
11279
10844
32767
979
-31760
-32768
-11147
31507
32767
6847
-32768
-32768
-25353
23515
32767
32154
13767
-1844
10026
32767
24571
-26218
-32768
-32768
10238
32767
32767
15249
-31895
-32768
-25665
21967
32767
30148
-5379
8340
29864
-13696
-32100
-32768
5443
32767
30383
-15065
-32768
-32768
465
32767
32767
24387
-9060
-5565
12393
32767
7649
-32768
-32768
-26461
23400
32767
32767
-6270
-32768
-32768
-5505
32767
32767
10322
-28336
19459
32767
-15829
-32768
-26663
16928
32767
19000
-25702
-32768
-27200
20391
32767
32767
9293
-25980
-14809
16933
32767
22652
-21914
-32768
-28926
17733
32767
32767
-6617
-32768
-32768
-1608
32767
32767
6921
-32768
15317
32767
-17413
-32768
-28424
15560
32767
21180
-23953
-32768
-26900
20205
32767
32671
2744
-32768
-21663
22139
32767
31279
-11968
-32768
-32768
6167
32767
32767
-2524
-32768
-32768
-1085
32767
32767
5137
-32768
14322
29874
-18729
-32768
-28749
16120
32767
22959
-22761
-32768
-28659
16101
32767
32523
10548
-27769
-8503
27652
32767
29777
-17081
-32768
-32768
5069
32767
32767
-4053
-32768
-32768
-2111
32767
32767
13460
-32510
1911
7893
-23804
-32768
-26668
19744
32767
19613
-26440
-32768
-30801
8642
32767
32328
21159
-7812
-8176
23769
32767
32767
-1019
-32768
-32768
-13432
31017
32767
15139
-29415
-32768
-19577
27840
32767
27756
-17973
-32768
-2306
-2432
-27993
-32768
-38
32767
32767
-1646
-32768
-32768
-22441
26064
32767
31594
10813
-21550
4705
31428
32767
20512
-28909
-32768
-32768
10599
32767
32767
-6762
-32768
-32768
4274
32767
31782
-4903
-32768
-10327
32388
11013
-32768
-30407
13918
32767
24301
-22538
-32768
-32768
9880
32767
32428
25563
-17698
-16430
18493
31105
32767
7576
-32768
-32768
-28488
20000
32767
30008
-14055
-32768
-29913
12320
32767
19986
-25235
-31056
22050
32767
-6366
-32768
-24159
20807
32767
10501
-30305
-32768
-18712
28634
32767
32767
-3137
-32768
-20869
23915
32456
32767
14893
-32768
-31489
-32768
5981
32767
32767
4876
-32768
-32768
-17386
29524
32767
26617
-7855
18090
30071
-15882
-32768
-30590
13962
32767
25768
-18420
-32768
-20810
23991
32767
32351
241
-22499
-7066
4916
27680
31649
32767
2089
-32768
-32101
-31277
17332
32767
32514
-10528
-32768
-32768
-2611
32767
31939
30702
-7300
-6883
-19204
-32768
-32768
-3573
32767
32767
18842
-29438
-32768
-31514
9156
32767
31603
29640
-7351
-32768
-32013
8845
32767
32767
12327
-32768
-31648
-32768
8389
32767
32767
1230
-32768
-32768
-7493
32767
32767
24129
-24999
-15596
8793
-5458
-26930
1058
31230
32767
13678
-31673
-32768
-32436
13278
32767
32767
18041
-28535
-32768
-32278
13789
32767
32767
14573
-32768
-30585
-32768
544
32767
32767
26749
-24513
-32768
-32768
9672
32767
32767
23210
-10565
8496
10
-27381
-32768
393
32767
32767
-8341
-32768
-32768
-1433
32767
32767
-839
-32768
-32768
-20077
23544
32767
32450
24243
-11466
-32768
-30227
-32768
-22915
26094
32767
32767
-2140
-32768
-32768
-6179
32767
32184
30856
-14639
-32768
-25888
-13506
-14372
2986
31242
32767
84
-32768
-31468
-32768
9587
32767
31307
6544
-26873
-30951
-32768
-5217
32767
31197
32767
428
-32768
-29503
-32768
-23322
27746
32695
32767
737
-32768
-32768
-2925
32767
32767
22374
-26222
-32768
-15508
-7390
-24223
-5584
30539
16067
-24164
-32768
-30599
11902
32767
21967
-22408
-32768
-27142
6899
32240
31887
31759
32767
14133
-18953
-20827
-16657
-10686
-27857
-11787
30830
32767
25472
-21589
-32768
-21516
23796
32767
19034
-26028
-32768
-10626
-1572
-23520
-32768
-10334
32767
32350
-14601
-32768
-32316
6012
32767
25925
-16197
-32768
2381
32767
19332
-11078
62
31025
31678
32767
30027
-16541
-32768
-32768
-27363
24724
32767
32767
1
-32768
-32768
-8451
32767
30758
-11335
-32768
458
32767
5912
-32658
-32768
775
32767
16830
-28903
-32768
3609
32767
29169
-12049
-32768
-15543
26408
32767
15619
14784
32603
29393
2553
-29141
-4432
10832
-26263
-32768
-31430
12509
32767
31672
-11177
-32768
-32768
3094
32767
28631
-14460
-32768
-14912
26450
28010
-19615
-22660
18398
32767
24820
-20689
-32768
-6367
32415
31819
1891
-30196
-14925
20313
19602
816
-6832
12667
12847
-9949
-24683
1903
32767
3425
-32768
-32768
-22091
26214
32767
28258
-17975
-32768
-30771
13981
32767
31686
8083
-14198
27003
27626
-13567
-32768
-14948
28126
32767
13881
-29888
-32768
-14234
30621
32573
-9701
-32768
-28082
1513
23351
10765
5551
329
-13694
-32768
-17018
23653
32767
20662
-25636
-32768
-28233
19861
32767
32767
2569
-32768
-32768
-2098
32767
28520
23254
10450
18279
17421
-18373
-31064
-15529
25436
32767
3546
-29941
-32768
-32768
3106
32767
28853
8003
-27604
-32210
-31274
-21273
-1181
21471
26188
9298
-8882
2291
29036
32767
9001
-29669
-32768
-23950
25913
32767
32767
8405
-32768
-32768
-9854
32767
32570
17807
-21241
-20859
-2182
508
-5567
-11547
9170
10361
-10931
-29059
-32768
-24914
23089
32767
32767
8770
-32768
-32768
-29641
11600
32767
32767
17696
-22405
-32768
4197
32707
32767
11428
-31724
-32328
-32768
9361
32767
32767
22332
-26035
-32768
-32768
1836
32767
28325
15245
2658
14548
-10959
-31920
-32768
-13132
29208
32767
16470
-29033
-32768
-29690
16621
32767
32767
-4085
-32768
-32768
-11855
29762
32767
22952
-10852
-30517
-20284
14939
32767
31972
13818
-23583
-32024
-32768
-16608
30001
31685
32767
1395
-32768
-32768
-7788
32767
32767
28244
-1700
-12496
-18525
-23998
-29758
3553
30816
32767
17459
-29933
-32759
-32768
3340
32767
32767
5857
-32768
-32768
-25802
20830
32767
26708
-15081
-32768
-25236
18886
32767
32767
20199
-14839
-29174
-30824
-29565
-21310
20718
32430
32767
15230
-30951
-32768
-24602
22945
32767
30793
-4670
-25981
-16843
-15675
-26689
-14161
23179
32767
14943
-29077
-32768
-31037
8819
32767
30812
-4521
-32768
-32768
-14708
25037
32767
29352
-6632
-32768
-32558
3909
32767
32584
28527
-14947
-32768
-26736
-20338
2667
-6136
-7491
24452
32767
19758
-26322
-32768
-28153
16226
32767
31293
966
-21020
-11397
-7026
-13442
-5118
24897
32767
28003
-15875
-32768
-31376
1871
32767
32730
18012
-12774
-29239
-31897
-16246
15041
32767
25398
-12348
-32768
-27644
14634
32767
32767
-1010
-32768
-32768
-2948
25059
10653
-23081
-28972
16099
32767
26600
-18041
-32768
-21546
24340
32767
25236
-14987
-28113
9183
21515
-1422
-29638
-14630
16544
27043
-5084
-32692
-32768
-12612
7987
5710
2648
1479
-2941
-26054
-32768
-11090
25329
32767
13041
-26065
-32559
3497
32491
31806
6733
-21606
-17111
17194
32767
5168
-29649
-32768
-14801
27549
32767
20149
-24999
-32768
-20820
24796
32767
21118
-18433
-26175
3119
8344
-14337
-31355
-9753
21647
25837
-3869
-24437
-23783
-8377
4874
1865
10991
22614
21647
-13390
-32768
-15522
23653
32767
17239
-23214
-32768
-17390
15759
21607
983
-7713
-700
9054
3784
-11552
-30068
-30055
-17164
14002
32341
32767
11180
-28019
-32768
-9534
27614
30722
11088
-7644
-2903
11718
14143
2991
-2565
2126
8012
6472
-2792
-5392
-7161
-10957
-14863
-11070
4980
17243
6752
-20034
-32768
-23184
1940
10919
-3893
-21196
-18585
1972
20362
16030
-2210
-17163
-16740
-2450
21038
32569
11610
-18201
-32768
-8083
28126
32767
24055
-17583
-32768
-14079
24885
32767
14537
-14997
-17176
3187
14494
3446
-9180
-11069
-4161
1890
-2406
-5021
-6226
-5644
-2281
-2199
2637
7259
956
-20422
-32768
-13197
22903
32767
13220
-24695
-32768
-14885
11061
16885
7777
3662
9331
9463
-4418
-11366
-4071
3637
999
-11312
-12437
7719
29360
21756
-11384
-31993
-17366
14816
28071
11245
-8775
-4810
11984
17397
711
-10399
-1402
18268
23341
6110
-16060
-21057
-13861
-5515
-149
5808
16214
11599
-14671
-30731
-31762
-15888
22370
30663
8684
-16386
-21950
-12992
-4128
4002
10963
18438
14969
4469
-5077
-1947
6188
3723
-2498
-3788
11653
28421
28431
6614
-17149
-18418
1531
19790
17354
6231
948
5930
6456
-1759
-13822
-17855
-7886
3776
4532
-6179
-13320
-11792
-7316
-7997
-10854
-8205
-1052
1704
-4964
-13195
-10154
4512
13492
6494
-6180
-7686
3384
13150
10590
4388
1549
5285
7412
4793
3014
6812
12150
5279
-8544
-17079
-8108
10276
22153
16292
-2078
-14042
-7708
5784
8417
1291
-2896
2721
9121
3642
-12381
-17089
-3874
14897
16967
843
-14252
-17655
-13138
-9250
-6382
-2572
3982
4141
-6535
-21099
-23379
-4894
14195
14766
-1658
-13447
-8861
238
3971
1660
3834
9411
7525
-1199
-6019
3069
19004
25908
15880
-2371
-12396
-8774
4949
15537
15335
7151
-967
-1872
2926
5874
4317
-313
-4394
-5786
-5625
-3533
-2456
-1630
-1658
-3451
-6758
-8775
-10132
-13385
-15464
-12802
-2117
8487
11336
1869
-11927
-17707
-9872
3779
12771
10981
4099
-341
-3118
-6005
-5913
3778
16904
20611
9498
-6831
-13511
-5502
7012
16275
17640
11140
1191
-7278
-10948
-6243
6287
17692
17614
4000
-11019
-15121
-7053
4242
11265
10613
5353
-1048
-7959
-12294
-9484
-1749
4139
3885
-4397
-13895
-20531
-17969
-6333
5698
10293
1055
-11886
-17449
-8944
4094
11085
8931
2746
-3065
-6101
-7414
-4340
3637
14683
18838
13963
4546
-2525
-1151
4163
9445
9350
7104
5242
3465
1798
2
445
1946
2251
-1082
-4704
-4910
-1954
320
-1618
-2677
-3161
-3864
-5717
-6451
-6496
-4786
-2741
-2109
-2466
-3679
-5084
-4201
-1133
2280
3041
520
-1428
1408
6485
8234
6032
2485
1283
2670
4585
5258
3937
1547
-690
-762
3304
7929
10089
6463
1614
-1723
-1207
-823
-1006
507
2869
5314
2187
-4035
-7823
-4641
1120
3212
-1156
-5585
-5175
-2058
-1532
-4155
-5560
-3294
-283
-897
-5471
-9869
-9252
-5347
113
3564
3225
-504
-4107
-3122
2458
7294
8391
5526
1181
-1565
-303
4994
9757
11330
8454
3893
321
260
2424
4775
6721
8185
7088
3145
-3113
-7904
-8029
-2795
2189
2447
-1957
-7205
-9047
-7496
-5135
-4231
-4393
-4211
-3803
-4577
-5099
-3910
-1056
1366
690
-2529
-3757
-2367
917
2944
3036
2340
2330
4153
5357
4424
2508
3092
4830
5628
3725
1483
1214
2172
3283
2736
1679
1012
277
-1375
-2236
-530
2142
3129
753
-3356
-5048
-1997
2150
3103
-218
-3733
-3847
-1534
-22
-1662
-3023
-2088
129
404
-2518
-5179
-4827
-1698
-168
-1548
-4097
-5378
-3664
-512
1314
507
-1768
-3334
-2728
-923
1570
3682
4028
2765
1185
1401
3755
6488
7235
5471
3588
3171
3333
3349
3570
4402
4983
4334
1829
-584
-1288
-230
756
356
-789
-2561
-4733
-6086
-5769
-3963
-2485
-2281
-3115
-4900
-5674
-5614
-4863
-3730
-2361
-1237
-784
-664
-1746
-1833
-1950
-1269
35
1864
3068
2979
2395
1622
1419
1602
2242
2780
3214
3114
2560
1690
1816
2606
3088
1753
-408
-1341
-674
935
1702
1303
491
-111
-608
-922
-251
898
703
-827
-2630
-2787
-1499
65
-117
-1679
-2404
-2007
-1754
-2495
-3200
-2442
-117
1141
308
-1987
-3337
-2184
542
2982
3118
1338
-56
297
1599
2962
3544
3877
4097
3639
2913
2109
1929
2492
3223
3445
3240
2354
494
-1059
-882
264
865
2
-1887
-3442
-4060
-3182
-2033
-1825
-2780
-4278
-5250
-5178
-4317
-2946
-1566
-572
-317
-909
-1854
-1907
-509
1276
2509
2313
1812
1289
1216
1542
2387
3620
4244
3781
2267
1352
1525
2631
3003
2458
1416
1106
1587
1516
486
-1035
-1298
-517
-199
-1016
-2058
-2336
-1709
-933
-1189
-2230
-3199
-3268
-2423
-1052
-252
-245
-379
-791
-1195
-1380
-1123
-479
494
1224
1245
587
64
33
425
1149
1705
2081
1902
1273
879
1289
2223
3001
2743
1619
772
767
1517
1616
740
108
687
1683
1430
95
-1628
-1795
-885
-214
-494
-1399
-2340
-3058
-3295
-2917
-2131
-1785
-1992
-2522
-2850
-2646
-2011
-1584
-1435
-1324
-861
-172
245
279
257
672
1653
2375
2168
1595
1653
2316
2641
2584
2214
1978
1930
1765
1597
1793
1966
1931
1540
1057
883
1103
991
204
-600
-707
-11
546
449
-377
-1271
-1578
-1278
-807
-772
-1158
-1391
-1279
-848
-632
-993
-1589
-1639
-1278
-1055
-877
-937
-820
-603
-273
-136
-505
-996
-1225
-792
159
969
918
397
-3
81
757
1578
1812
1424
921
536
654
1161
1774
1990
1806
1262
821
643
790
885
883
1068
1106
826
144
-700
-1071
-833
-529
-482
-988
-1415
-1450
-1149
-1034
-1347
-1580
-1431
-984
-859
-905
-944
-708
-187
252
222
-131
-234
112
745
1060
786
394
273
709
1192
1140
672
531
898
1062
914
524
244
284
255
240
388
413
127
-320
-756
-867
-474
-152
-257
-564
-798
-820
-646
-362
-185
-219
-246
-287
-403
-558
-585
-235
283
601
392
-24
-386
-516
-336
133
542
577
359
-54
-173
-2
215
190
2
159
343
364
176
-348
-624
-375
12
-30
-470
-1027
-1134
-926
-761
-845
-1084
-1227
-1192
-1128
-1163
-1359
-1404
-1118
-896
-720
-664
-480
-285
-245
-375
-365
60
646
893
892
812
711
777
933
1063
1060
1006
870
859
851
813
769
749
705
308
-113
-324
-383
-411
-701
-1038
-1080
-1086
-1251
-1498
-1881
-2059
-1925
-1803
-1822
-1899
-1861
-1660
-1211
-896
-816
-696
-538
-219
49
323
621
928
1177
1339
1464
1585
1764
1945
1988
1938
1941
2019
2146
2265
2356
2316
2025
1672
1367
1234
1308
1430
1343
903
371
24
-67
-60
-112
-398
-843
-1118
-1388
-1515
-1550
-1699
-1759
-1745
-1929
-2167
-2322
-2367
-1943
-1446
-1279
-1436
-1441
-1431
-1308
-860
-430
-12
140
69
155
296
622
1139
1426
1512
1531
1462
1269
1194
1480
1776
1860
1701
1368
1024
831
934
1057
972
542
103
-102
-119
27
138
6
-308
-662
-929
-894
-864
-814
-696
-905
-1156
-1094
-978
-784
-499
-414
-413
-419
-380
-339
-165
125
403
444
288
161
73
194
427
600
667
722
710
688
650
657
804
917
918
786
643
592
771
1030
1126
808
271
-87
17
409
601
494
106
-230
-436
-436
-212
-93
-91
-334
-638
-653
-599
-543
-496
-497
-457
-401
-449
-505
-554
-510
-185
110
97
-112
-253
-214
79
425
434
284
181
284
432
543
620
544
409
235
106
146
316
434
376
121
-121
-276
-298
-191
-47
-4
-112
-324
-589
-507
-291
-161
-3
-11
-199
-319
-308
-103
131
213
122
30
65
187
381
462
408
324
375
561
574
529
454
385
504
547
473
398
309
269
286
219
88
-49
-203
-99
126
165
73
-176
-349
-341
-323
-325
-386
-476
-537
-529
-498
-495
-463
-457
-546
-495
-386
-354
-337
-199
-1
95
83
-6
-56
214
659
843
758
613
487
482
681
944
989
909
840
714
719
795
773
671
623
579
380
196
91
-18
-90
-178
-415
-620
-694
-801
-872
-889
-952
-1096
-1266
-1384
-1406
-1181
-1010
-982
-979
-971
-800
-681
-519
-263
-263
-216
5
322
563
690
763
773
811
912
1062
1204
1205
1219
1295
1283
1194
1047
977
953
924
877
749
554
316
171
266
364
285
23
-310
-487
-524
-575
-604
-688
-850
-959
-1059
-1167
-1212
-1258
-1295
-1216
-1171
-1213
-1263
-1212
-1089
-996
-867
-806
-850
-814
-614
-327
-64
56
13
26
145
273
451
624
701
715
656
639
668
754
881
855
686
527
376
323
398
458
348
128
-122
-239
-168
-127
-243
-398
-493
-444
-383
-497
-689
-762
-644
-403
-245
-352
-537
-550
-395
-235
-147
-71
-92
-129
-15
78
175
257
290
284
281
327
428
445
366
247
243
329
369
333
249
198
252
256
237
195
195
219
113
2
-101
-72
107
213
168
14
-36
-55
-115
-147
-138
-87
-46
-130
-185
-254
-323
-187
-12
-88
-290
-406
-372
-230
-21
45
-111
-205
-207
-169
-94
-124
-151
-88
-67
-9
101
91
36
61
41
5
-2
48
64
66
58
26
4
-24
-18
-140
-238
-52
46
11
-88
-255
-219
-25
157
225
62
-78
-70
31
189
258
279
296
298
292
342
402
445
532
572
550
519
478
395
377
392
361
277
91
11
24
13
112
85
-80
-208
-319
-257
-252
-235
-195
-281
-428
-586
-505
-364
-312
-252
-306
-417
-354
-273
-272
-178
-135
-197
-238
-251
-129
47
146
261
230
72
11
24
129
242
301
376
352
173
138
164
240
394
317
218
146
174
358
401
328
197
82
-38
10
116
152
160
48
-6
-35
-127
-136
-155
-178
-152
-195
-207
-174
-215
-212
-246
-242
-175
-117
-190
-246
-187
-44
127
137
59
-34
71
252
329
234
179
176
184
239
302
258
191
237
235
163
138
173
173
115
-43
-105
-13
46
77
-21
-151
-179
-89
-62
-135
-180
-202
-185
-126
-133
-244
-255
-227
-259
-217
-193
-190
-132
-62
-100
-113
-162
-220
-122
-124
-172
-162
-119
-111
-40
29
16
-31
-150
-129
62
182
206
265
261
196
186
208
157
113
270
289
217
177
124
188
229
118
82
164
171
198
180
69
76
162
133
157
135
-6
-90
-32
54
45
-14
-87
-123
-114
-36
29
36
-46
-111
-146
-187
-89
13
43
-54
-240
-305
-244
-161
-151
-90
-111
-171
-149
-141
-106
-50
14
41
57
64
22
-28
66
189
218
241
198
150
58
47
220
313
233
75
16
138
301
418
355
249
101
22
76
55
95
159
139
27
-66
-116
-69
36
-47
-224
-293
-153
-46
-28
-19
-47
-14
-69
-161
-87
-27
12
69
92
58
68
-2
-48
-6
-50
-48
23
-5
-25
-29
-46
-10
-39
-106
-171
-181
-23
104
131
134
37
-91
-70
23
26
24
64
27
3
35
67
66
3
-91
-93
-110
-178
-135
-112
-92
-51
-76
-191
-298
-332
-262
-182
-180
-262
-362
-311
-199
-245
-269
-280
-282
-231
-172
-112
-68
-78
-56
77
125
172
179
128
81
21
118
230
218
150
72
39
75
140
84
-46
-175
-253
-135
63
76
-30
-70
-45
-18
50
39
40
82
113
102
94
102
116
117
138
93
59
131
107
68
-45
-122
-65
-35
-114
-227
-243
-293
-337
-257
-142
-187
-249
-245
-257
-322
-249
-153
-134
-182
-227
-230
-230
-124
-111
-144
-54
-23
-27
-25
-47
40
22
13
21
-14
-23
-1
48
2
-30
-54
-89
-90
-60
-38
-38
30
133
131
101
-53
-86
69
176
214
155
107
70
74
164
151
22
-2
2
-25
-12
-76
-82
-172
-290
-283
-290
-289
-191
-136
-184
-237
-227
-169
-120
25
86
30
29
129
173
171
160
211
226
202
265
272
281
289
309
339
378
268
148
91
107
216
224
182
128
116
18
42
104
105
152
56
-48
-88
-47
58
88
66
-11
-115
-128
-91
-93
-119
-113
-84
-111
-220
-268
-220
-114
-102
-232
-317
-271
-188
-156
-141
-154
-157
-71
-52
-76
-142
-117
26
71
156
117
87
240
306
347
359
277
236
278
292
257
315
354
311
206
89
34
60
153
187
214
194
98
23
51
109
88
-30
-154
-213
-149
-34
49
58
-100
-138
-136
-154
-106
-86
37
72
6
-32
-69
-77
14
66
89
47
-25
17
61
51
98
127
57
-4
14
4
36
158
213
162
88
93
137
202
326
287
180
115
22
130
302
366
383
348
269
158
59
126
161
98
120
99
38
29
46
81
65
7
-64
-88
-46
-37
-82
-21
-81
-204
-209
-156
-54
-42
-97
-129
-134
-151
-151
-66
-46
-4
123
165
54
-101
-63
9
27
64
45
-39
-11
24
47
77
-107
-196
-234
-202
-19
-33
-119
-190
-247
-204
-155
-143
-119
-102
-20
132
132
76
-4
-51
-16
12
-6
-78
-177
-191
-76
-16
-148
-172
-130
-126
-149
-179
-237
-247
-202
-160
-258
-322
-317
-301
-299
-299
-347
-236
-92
-103
-107
-178
-181
-70
-9
59
-31
-74
33
96
135
106
5
44
188
226
149
94
109
168
277
364
331
195
143
165
120
177
258
210
210
171
219
262
130
78
43
-33
2
89
70
52
69
71
-38
-171
-216
-238
-239
-277
-318
-309
-327
-339
-312
-331
-395
-438
-411
-319
-299
-259
-251
-238
-215
-62
-58
-171
-168
-140
-105
72
204
93
123
215
223
288
234
167
110
195
346
341
255
179
155
203
116
-32
-90
-60
23
131
57
-153
-238
-263
-222
-194
-281
-180
-153
-287
-281
-269
-246
-93
-96
-157
-171
-198
-109
21
48
-7
-50
19
39
-1
64
89
179
210
170
203
202
230
261
227
225
245
172
206
297
340
297
303
230
71
44
100
190
211
201
162
82
34
121
106
44
-34
-78
-102
-176
-163
-177
-220
-263
-322
-318
-275
-337
-367
-379
-415
-380
-346
-371
-407
-379
-395
-380
-342
-280
-133
22
45
-19
-4
88
87
47
55
83
301
320
121
76
-47
29
296
210
75
13
105
253
287
230
85
-53
-21
46
99
43
-21
104
144
98
49
6
9
91
216
209
125
2
-34
-36
97
276
167
48
-80
-94
43
197
232
147
6
-154
-100
34
38
51
63
18
4
5
-28
-47
-47
-70
19
48
39
-1
-73
-19
65
119
134
110
6
-68
46
272
331
283
98
-24
41
186
262
284
186
73
2
-74
-33
9
96
215
110
34
-11
-66
138
182
55
44
-105
-195
-121
-154
-125
-125
-170
-176
-253
-297
-248
-170
-59
-114
-248
-278
-239
-117
-22
35
-9
-138
-214
-226
-74
82
135
94
35
84
169
211
272
266
294
389
456
519
488
501
513
573
578
435
364
304
317
429
500
368
167
17
-48
3
96
84
-116
-309
-397
-307
-180
-270
-459
-531
-529
-518
-537
-647
-689
-601
-425
-325
-362
-379
-395
-286
-178
-107
-82
-198
-152
-66
-44
123
207
99
62
49
75
241
310
342
271
118
253
477
488
395
212
187
189
249
379
326
307
261
223
168
50
-2
-44
-44
34
16
-118
-182
-173
-97
-66
-136
-240
-313
-380
-333
-144
-145
-238
-284
-334
-300
-164
-20
9
-133
-76
24
63
120
70
151
220
192
61
18
124
213
265
331
276
192
252
319
317
116
-78
-90
41
71
19
15
30
-26
-53
-84
-211
-262
-278
-194
-119
-153
-201
-295
-282
-182
-220
-245
-331
-448
-404
-360
-304
-231
-256
-397
-476
-470
-417
-316
-250
-172
-143
-154
-193
-270
-239
-144
-113
-112
8
39
6
17
26
108
235
206
60
44
99
201
322
311
224
238
351
336
249
197
107
119
274
289
272
232
241
267
236
160
32
37
79
47
-19
-81
-44
-2
-24
-38
-81
-49
-114
-248
-235
-151
-55
-45
-74
-127
-160
-197
-210
-220
-235
-241
-251
-228
-229
-171
-145
-151
-152
-292
-317
-246
-146
82
194
151
51
-39
-48
21
96
142
166
207
261
216
194
199
166
143
235
229
163
243
278
242
221
107
93
144
117
99
102
44
-65
-151
-209
-234
-146
-76
-108
-268
-363
-325
-280
-242
-167
-219
-218
-207
-305
-291
-221
-177
-107
-142
-193
-196
-181
-39
40
50
35
14
47
34
81
197
257
245
172
159
243
265
285
256
202
170
170
213
218
228
265
213
66
-32
-85
-77
-97
-96
-119
-221
-273
-271
-289
-258
-224
-245
-348
-450
-399
-304
-243
-216
-296
-388
-324
-185
-221
-213
-128
-95
-24
-20
-144
-146
18
233
362
198
-33
-46
130
360
454
406
322
252
291
244
233
255
192
272
299
227
175
95
85
-5
-6
-18
-109
-90
-43
-28
47
88
23
-66
-131
-111
-13
16
-16
-28
-85
-91
-29
-40
-75
-43
-43
-68
-41
43
119
116
125
77
10
-11
-25
28
86
108
103
80
0
14
78
170
222
137
54
-80
-134
-1
17
18
52
31
80
96
59
75
56
24
36
33
27
35
-1
-25
-15
-23
-142
-233
-170
-90
-27
-6
1
-89
-239
-214
-153
-127
-104
-94
8
50
118
74
-36
46
91
85
59
-50
-25
77
98
184
68
-27
4
53
204
123
-67
-110
-128
8
222
232
92
-55
-100
-40
36
117
154
75
108
200
276
259
152
52
93
280
266
192
214
197
300
342
279
143
-19
-74
-51
1
11
-26
-28
-50
-103
-102
-98
-145
-191
-237
-271
-277
-216
-178
-136
-137
-255
-194
-129
-193
-155
-111
-71
11
41
-22
-77
-30
98
133
-85
-171
-95
80
207
140
30
-67
-26
89
114
158
116
63
72
187
187
89
102
61
70
50
-74
-67
-80
-105
-68
-5
6
-34
34
53
-19
-79
-116
-176
-260
-175
-89
-31
-72
-166
-232
-303
-222
-120
-107
-149
-64
17
-30
45
117
138
206
149
61
-13
9
152
309
427
278
16
-96
-36
110
322
230
-22
-115
-110
24
64
69
-30
-183
-161
-199
-207
-84
-38
-46
-107
-255
-307
-330
-351
-325
-278
-307
-239
-236
-277
-236
-104
70
49
-115
-294
-291
-113
92
229
170
33
-78
-61
21
43
87
132
91
96
81
131
281
331
346
191
25
-17
72
192
313
347
281
264
104
18
19
35
126
88
28
-27
-7
12
12
43
84
-21
-144
-202
-209
-134
30
124
150
94
-78
-34
-21
-17
8
-77
-24
23
60
76
-2
-36
-87
-149
-129
-149
-161
-82
64
148
96
9
-113
-147
-80
-18
-160
-333
-313
-148
62
198
97
-115
-97
-82
-180
-170
-153
-128
-59
12
19
44
41
-34
-91
-126
-136
-177
-7
167
160
174
168
103
41
-81
-162
-107
33
205
291
191
45
-60
14
89
-8
-42
-26
-41
64
135
102
82
12
-53
-126
-121
-54
-130
-123
-111
-210
-169
-68
-14
1
-35
-166
-268
-176
-38
-6
23
40
36
-4
-8
49
46
12
-63
-69
-11
16
9
83
162
112
143
134
24
-116
-112
-5
124
179
131
58
-32
-82
-72
-80
-142
-126
6
-24
-150
-135
-78
-25
-50
-149
-117
13
48
92
153
95
133
224
227
203
186
38
3
90
100
214
266
342
267
163
188
183
206
217
264
269
275
348
346
260
168
75
19
-62
-111
-4
86
104
122
36
-112
-250
-288
-239
-229
-155
-154
-188
-131
-78
-148
-257
-274
-299
-271
-216
-162
-175
-252
-195
-111
-86
-139
-231
-213
-129
-78
-10
-70
-138
-110
5
22
-48
-18
-90
-229
-177
12
38
84
65
-49
-140
-106
51
71
46
12
-68
-64
-19
18
-1
24
50
123
105
-37
-63
3
148
276
252
169
99
102
202
185
2
-106
-108
9
117
201
227
141
73
-70
-152
-128
-77
65
-23
-64
-17
-122
-75
34
-16
-153
-200
-267
-186
-48
-14
73
79
-102
-223
-109
-95
-139
-72
-28
-8
64
44
-76
-94
14
106
69
-101
-231
-123
145
205
231
137
-46
-89
-146
-118
14
80
65
9
-64
-87
-132
-56
44
-21
-70
-104
-53
-38
0
64
-2
-18
-92
-130
-126
-178
-44
54
42
-7
-86
-60
84
162
132
-6
-119
-115
-33
146
294
266
102
-66
-69
145
306
287
274
199
84
162
194
131
225
281
308
245
86
7
-16
26
101
62
-25
-83
-120
-141
-142
-123
-127
-215
-326
-276
-167
-58
11
-143
-313
-425
-342
-154
-44
-34
-169
-146
-99
-49
-35
-111
-68
-51
-131
-126
16
133
188
205
90
0
54
29
58
6
-5
169
281
241
83
29
42
71
153
114
-53
-23
154
320
382
169
15
12
-80
-99
-61
-9
27
28
-30
-173
-272
-255
-200
-232
-219
-179
-138
-81
-113
-97
-161
-196
-237
-261
-102
-65
-41
98
38
27
92
43
21
126
172
122
100
68
7
-6
77
54
-35
-132
-169
-82
-12
103
120
56
-7
-28
16
-56
-55
11
-20
38
50
-51
-147
-153
-42
-1
48
38
-45
-9
19
-25
-67
-145
-177
-115
-111
-163
-129
-142
-185
-193
-156
-27
-98
-160
-79
-166
-180
-13
47
137
121
50
58
24
154
287
238
223
145
88
210
261
296
311
234
244
171
12
25
40
65
157
106
-32
-35
36
93
79
71
76
13
-42
-107
-189
-26
34
31
60
-80
-166
-105
-4
37
-2
-29
60
106
52
66
-126
-283
-201
-200
-141
-36
-102
-75
-90
-182
-132
-163
-168
-153
-207
-109
-10
14
17
-48
-7
95
124
100
28
18
134
396
549
504
338
97
31
52
182
262
185
181
174
143
68
-26
-65
-76
-44
-21
19
-2
-45
-28
4
-103
-137
-171
-265
-180
-48
44
136
12
-189
-153
-95
-44
88
7
-48
38
85
74
139
211
142
-1
-11
96
199
242
194
181
137
213
354
357
266
238
226
251
325
291
356
393
394
467
311
181
115
98
183
275
300
302
135
61
-5
-27
14
-64
-132
-296
-275
-204
-264
-255
-293
-362
-345
-290
-276
-328
-265
-171
-173
-174
-211
-253
-190
-118
-139
-55
17
-55
61
95
83
222
253
46
-63
-79
-39
116
197
181
67
18
163
246
232
89
19
24
68
67
75
127
124
94
119
67
-13
6
26
-14
-47
15
145
104
61
-24
-159
-144
-145
-154
-138
-190
-196
-160
-139
-216
-335
-326
-295
-228
-293
-395
-214
-106
-212
-155
-161
-312
-222
-208
-227
21
89
95
303
174
-28
84
127
157
231
278
273
287
367
336
277
244
150
-20
-76
-62
50
203
187
113
83
-132
-217
-170
-270
-246
-250
-313
-182
-141
-124
-17
-97
-169
-148
-231
-262
-158
-58
69
93
-35
-114
-112
-93
-11
-6
-127
-211
-228
-93
88
103
3
-148
-146
-23
-89
-200
-162
-86
73
102
49
47
58
131
188
139
1
-61
19
129
313
436
309
88
42
35
75
200
210
85
-24
15
89
86
69
-82
-237
-272
-315
-349
-291
-236
-104
-76
-245
-337
-315
-285
-191
-126
-136
-96
-14
34
-58
-110
-75
-33
-6
-46
-297
-313
-95
55
212
105
-168
-254
-115
35
23
27
-41
-100
-6
44
25
54
135
108
-45
-87
-125
-22
262
338
341
241
-12
-16
-11
-108
-156
-87
-143
-140
-78
-70
-88
-179
-236
-406
-476
-561
-484
-249
-135
-149
-296
-493
-578
-274
-86
-296
-477
-313
-92
-174
-136
224
210
60
93
70
166
246
246
232
374
675
621
99
-60
838
425
6
327
11
185
89
608
441
493
2196
-1520
-2029
3220
-220
-978
1839
-1489
690
746
-136
-564
-1457
3155
-603
-1797
1793
-348
1003
370
-1615
564
-1240
807
-2034
-2010
2397
-598
-727
-307
843
1293
1822
681
-2979
-236
1236
-83
-2523
-1423
1800
2114
981
-1129
1479
2642
1043
1252
-209
-1136
408
407
-1553
-1241
974
1770
-87
-441
468
1926
1858
-120
-136
874
-252
-2377
-1698
-965
-796
-411
-388
545
1567
1512
342
-657
516
49
-1608
-1351
-1224
-177
390
-512
-184
1372
1503
905
708
510
346
423
-246
-1073
-287
416
174
-145
123
555
1218
1512
906
798
750
471
446
209
-231
-496
-262
301
453
454
331
521
1051
1167
859
346
149
104
215
230
-113
180
418
-9
-283
-28
301
76
21
347
276
354
382
38
-38
209
105
-178
-447
-729
-735
-574
-620
-621
-569
-35
181
38
51
458
536
-94
-33
-10
-425
-322
-187
-445
-739
-204
-43
-286
234
866
828
844
981
592
372
302
180
-151
-483
-336
-381
-409
10
529
473
341
521
456
180
192
211
40
-139
-389
-377
-377
-372
-565
-647
-384
-270
-322
-380
-555
-519
-208
-303
-578
-864
-989
-766
-778
-842
-768
-626
-822
-914
-521
-423
-574
-582
-507
-393
-411
-649
-423
-103
-358
-380
-386
-513
-438
-358
-198
-283
-223
-221
-488
-579
-369
-229
-307
-380
-591
-428
-261
-166
-18
-172
-381
-491
-484
-538
-710
-620
-387
-266
-260
-470
-317
-304
-73
2
-204
-323
-704
-536
-465
-500
-376
-250
-211
-572
-504
-190
-21
4
53
-67
-120
74
30
38
168
149
55
77
45
268
369
370
600
615
381
350
480
483
322
45
55
124
47
23
-6
153
222
149
-57
-232
-131
-47
-89
-289
-482
-530
-468
-375
-583
-557
-362
-203
-250
-538
-559
-352
-206
-275
-437
-553
-699
-628
-358
-264
-352
-253
-234
-424
-270
-128
-214
-60
91
218
130
-21
108
146
130
92
38
181
183
41
310
441
317
208
79
140
253
372
316
124
170
197
112
-16
-66
-196
-182
-4
20
7
-24
31
19
-41
-51
-171
-221
-249
-186
-41
-46
-156
-249
-246
-262
-46
158
88
78
88
18
-16
12
83
113
-44
-115
-3
1
10
177
186
93
27
18
-43
-48
77
-13
-70
-27
-100
-74
-108
-83
29
24
-39
-128
-107
58
270
211
-10
-74
28
64
-76
-137
-15
-15
-119
-157
-158
-241
-246
-110
-105
-254
-273
-177
-180
-126
-97
-282
-311
-300
-248
-158
-172
-108
-55
-56
-80
-119
-69
20
74
67
36
70
130
190
195
268
302
243
240
201
259
388
526
528
390
232
189
341
427
362
248
234
198
281
389
297
267
217
222
188
43
-19
21
107
43
-104
-124
-120
-94
-28
5
-35
-117
-150
-224
-241
-158
-77
-142
-299
-324
-277
-205
-62
-23
-145
-203
-129
-112
5
148
186
242
169
56
-13
53
195
297
364
391
355
343
341
267
330
347
226
170
127
126
199
299
265
112
9
22
54
19
132
82
-68
-54
-176
-244
-120
-90
-122
-182
-332
-441
-375
-312
-255
-159
-201
-205
-211
-333
-330
-226
-175
-237
-245
-218
-180
-158
-111
14
2
-92
-98
-145
-227
-185
-38
53
-3
-136
-189
-110
48
115
75
-37
-173
-122
33
49
24
24
-74
-129
-55
-129
-172
-12
46
-3
-75
-220
-259
-233
-207
-189
-217
-290
-322
-275
-229
-202
-183
-209
-270
-301
-325
-267
-68
-2
-61
-91
-129
-40
51
1
6
95
162
172
68
48
151
285
339
263
195
158
190
215
270
261
141
65
48
34
27
113
116
20
-56
-70
60
169
156
126
60
-23
-37
36
78
103
38
27
100
66
94
186
134
78
24
-70
-80
-45
30
58
-23
-143
-154
-150
-134
-52
33
36
2
34
23
-40
16
49
58
173
211
78
28
81
163
264
304
221
144
163
207
212
141
