0 -0.046042
1 -0.161275
2 -0.129404
3 -0.188294
4 -0.183752
5 -0.005075
6 -0.184373
7 0.107647
8 0.139091
9 -0.171168
10 0.053442
11 0.402405
12 -0.129334
13 0.137257
14 0.186025
15 0.439074
16 -0.119812
17 -0.029377
18 0.079475
19 0.078985
20 -0.043569
21 -0.174014
22 -0.205392
23 -0.159310
24 -0.116423
25 0.166271
26 0.102626
27 -0.208774
28 0.182750
29 -0.177165
30 0.367502
31 -0.052651
32 0.234745
33 0.060123
34 0.110515
35 0.140335
36 0.119334
37 0.192639
38 -0.042693
39 -0.138883
40 -0.247524
41 0.040584
42 -0.022850
43 0.350577
44 0.045300
45 -0.017228
46 -0.314006
47 -0.212864
48 -0.047037
49 -0.086971
50 0.143863
51 0.114451
52 -0.098336
53 0.069296
54 0.012696
55 0.061453
56 0.154819
57 0.003865
58 -0.128193
59 -0.126380
60 0.122734
61 0.039477
62 0.070077
63 0.307780
64 0.228566
65 -0.036029
66 0.192966
67 -0.101268
68 -0.055630
69 -0.024872
70 0.086033
71 -0.075058
72 -0.164508
73 -0.002587
74 -0.084248
75 0.262836
76 -0.051256
77 -0.233575
78 -0.082532
79 -0.260412
80 0.253892
81 -0.064616
82 -0.133418
83 0.156467
84 -0.151014
85 0.303857
86 0.033228
87 0.128999
88 0.110745
89 0.138751
90 0.293071
91 0.134452
92 0.074828
93 0.165086
94 -0.271431
95 -0.057357
96 0.277823
97 0.122371
98 -0.243660
99 0.093279
100 0.197023
101 -0.054477
102 0.033764
103 -0.232756
104 0.147113
105 0.135526
106 0.337022
107 -0.097002
108 0.045615
109 -0.026617
110 -0.206154
111 0.078333
112 0.061725
113 -0.121236
114 0.314050
115 -0.082372
116 0.040728
117 -0.257725
118 -0.160064
119 0.243702
120 -0.072773
121 0.223568
122 0.150183
123 0.011580
124 0.130248
125 0.058142
126 0.004191
127 0.161960
128 -0.190391
129 -0.005035
130 0.069307
131 -0.105736
132 0.059320
133 0.218999
134 0.135540
135 -0.072283
136 -0.134725
137 -0.035431
138 0.023836
139 0.098280
140 0.002342
141 -0.007550
142 0.041106
143 -0.073806
144 -0.127607
145 0.025866
146 -0.123267
147 -0.065179
148 -0.230742
149 0.210797
150 -0.029270
151 0.116377
152 -0.042430
153 -0.031959
154 -0.000092
155 -0.166477
156 -0.010916
157 0.011669
158 -0.000075
159 0.213193
160 0.018921
161 -0.051309
162 -0.102716
163 -0.032127
164 0.087223
165 0.157795
166 -0.017819
167 0.042128
168 -0.070672
169 -0.189534
170 0.053185
171 0.291884
172 0.146831
173 0.068837
174 0.019015
175 0.125678
176 0.144252
177 -0.158350
178 0.081126
179 0.090896
180 -0.139334
181 -0.009242
182 0.039294
183 -0.003744
184 -0.087259
185 0.341962
186 0.262737
187 0.033618
188 0.096765
189 -0.002121
190 0.014178
191 0.066488
192 -0.047153
193 -0.056121
194 0.014539
195 0.211775
196 -0.136363
197 -0.175693
198 -0.365618
199 0.353797
200 0.125933
201 0.124840
202 -0.029973
203 0.132965
204 0.012661
205 -0.109666
206 -0.129679
207 0.005574
208 0.116142
209 0.155700
210 -0.134514
211 -0.009528
212 0.221676
213 -0.050791
214 -0.273589
215 0.056176
216 0.003995
217 -0.090540
218 0.175385
219 0.264047
220 -0.056238
221 -0.058610
222 -0.111866
223 0.304850
224 -0.079745
225 -0.178989
226 -0.145663
227 -0.065565
228 -0.254678
229 -0.443203
230 -0.174989
231 -0.472214
232 -0.343845
233 -0.259551
234 -0.252323
235 -0.462683
236 -0.320698
237 0.043515
238 -0.179467
239 -0.486358
240 -0.284603
241 -0.422756
242 0.192298
243 -0.400220
244 -0.252209
245 -0.483218
246 0.277414
247 -0.390777
248 -0.198969
249 -0.327003
250 -0.117794
251 -0.121542
252 -0.143944
253 -0.305850
254 -0.089628
255 -0.022733
256 -0.083489
257 -0.318011
258 -0.452391
259 0.026817
260 -0.355248
261 -0.450628
262 -0.264684
263 -0.229552
264 -0.333934
265 -0.157373
266 -0.326889
267 0.153083
268 0.017196
269 -0.129651
270 -0.255419
271 -0.255424
272 -0.031403
273 0.042277
274 -0.419907
275 -0.374705
276 0.098878
277 -0.006482
278 -0.392784
279 -0.570878
280 -0.072883
281 0.017488
282 -0.338548
283 -0.449802
284 -0.456228
285 -0.142955
286 -0.274085
287 -0.477805
288 -0.262431
289 -0.088269
290 -0.027495
291 -0.254833
292 -0.135108
293 -0.122929
294 -0.029655
295 -0.039201
296 -0.484530
297 -0.102005
298 -0.283055
299 -0.248197
300 -0.487458
301 -0.203031
302 -0.174983
303 -0.355867
304 -0.545775
305 -0.275344
306 -0.226143
307 -0.207687
308 -0.491468
309 -0.132584
310 -0.291600
311 -0.174018
312 -0.230834
313 0.286675
314 -0.257012
315 -0.045535
316 -0.247277
317 0.088879
318 -0.045158
319 0.006063
320 -0.205591
321 -0.319164
322 -0.395802
323 -0.012583
324 -0.401758
325 -0.327078
326 -0.431052
327 -0.091497
328 -0.221895
329 -0.594325
330 -0.432344
331 -0.081916
332 -0.184924
333 -0.476945
334 -0.038709
335 -0.056024
336 -0.113453
337 -0.398824
338 0.036678
339 0.031458
340 0.094560
341 -0.379755
342 -0.425843
343 -0.145851
344 -0.082513
345 -0.502808
346 -0.536168
347 0.240427
348 -0.009437
349 -0.515042
350 -0.516332
351 0.237577
352 0.110605
353 -0.446317
354 -0.592090
355 0.015922
356 -0.185402
357 -0.263527
358 -0.494838
359 -0.104147
360 -0.049416
361 -0.386481
362 -0.443680
363 -0.250760
364 0.005008
365 -0.136975
366 -0.472767
367 -0.237332
368 0.116492
369 -0.131334
370 -0.456739
371 -0.234660
372 0.217588
373 -0.311372
374 -0.270330
375 -0.430034
376 0.003151
377 0.028955
378 0.072188
379 -0.358256
380 0.235560
381 0.156624
382 0.120991
383 -0.511464
384 -0.387701
385 -0.047245
386 0.035877
387 -0.469521
388 -0.329096
389 0.171369
390 0.099797
391 -0.297688
392 -0.197702
393 0.153426
394 0.314460
395 -0.210200
396 -0.166186
397 -0.258746
398 0.074581
399 -0.451381
400 0.042805
401 -0.214958
402 0.036815
403 -0.235795
404 -0.172295
405 -0.066882
406 -0.237896
407 0.040109
408 -0.284449
409 -0.045667
410 -0.117743
411 0.203161
412 -0.378241
413 -0.156831
414 0.001814
415 -0.318003
416 -0.133111
417 -0.265783
418 -0.093148
419 -0.441654
420 0.089874
421 -0.570920
422 0.066837
423 -0.194104
424 0.320625
425 -0.253168
426 -0.247130
427 -0.055329
428 -0.318141
429 -0.086939
430 -0.428020
431 0.105095
432 -0.314067
433 0.069302
434 -0.089605
435 -0.236782
436 -0.116733
437 -0.199371
438 0.130208
439 -0.270699
440 0.067163
441 0.038174
442 0.198217
443 0.056464
444 -0.361001
445 0.110567
446 -0.149164
447 0.260037
448 -0.283970
449 -0.188824
450 -0.007551
451 -0.275904
452 -0.224979
453 -0.115755
454 0.035331
455 0.034740
456 0.180136
457 -0.146193
458 -0.172719
459 0.031878
460 -0.010861
461 -0.007557
462 -0.170511
463 -0.469945
464 -0.025214
465 -0.156955
466 0.014608
467 -0.152046
468 -0.322716
469 0.011332
470 -0.285175
471 0.056643
472 -0.094653
473 -0.265402
474 0.128441
475 -0.059535
476 -0.080870
477 -0.395614
478 0.272077
479 0.067260
480 -0.233059
481 -0.125748
482 -0.395078
483 0.119992
484 -0.093309
485 0.092042
486 -0.330223
487 -0.184785
488 -0.406589
489 -0.144402
490 -0.286573
491 -0.192515
492 -0.221496
493 -0.213944
494 0.037591
495 -0.260936
496 -0.206992
497 -0.445951
498 -0.434022
499 0.057124
500 -0.201497
501 0.139434
502 0.037139
503 -0.201828
504 -0.025042
505 -0.252751
506 -0.244820
507 -0.233860
508 -0.013233
509 -0.405655
510 -0.205992
511 -0.342344
512 -0.166718
513 -0.101036
514 0.132615
515 0.023484
516 -0.248796
517 -0.284064
518 -0.027551
519 0.116257
520 -0.090799
521 -0.055940
522 -0.067983
523 -0.120012
524 0.016778
525 0.094701
526 -0.066236
527 -0.299707
528 -0.170977
529 -0.001247
530 0.140141
531 0.108318
532 -0.048127
533 -0.125252
534 0.159011
535 -0.057094
536 0.059795
537 0.070268
538 -0.159521
539 -0.171501
540 0.254204
541 -0.202500
542 -0.058201
543 -0.114633
544 0.054972
545 -0.104451
546 -0.015599
547 0.112223
548 -0.173822
549 0.023947
550 0.014690
551 -0.122136
552 0.297864
553 -0.006175
554 -0.160935
555 0.029721
556 0.055958
557 -0.239902
558 0.227321
559 0.069736
560 -0.060177
561 0.001845
562 -0.022765
563 -0.036821
564 -0.112700
565 -0.013426
566 -0.047175
567 -0.106047
568 0.000430
569 -0.022850
570 0.046002
571 0.026319
572 0.076534
573 0.042406
574 -0.036773
575 0.029110
576 -0.086508
577 -0.012962
578 -0.130607
579 -0.103794
580 -0.134226
581 -0.201789
582 -0.136535
583 -0.127579
584 0.063150
585 -0.123897
586 -0.161129
587 -0.127177
588 -0.076976
589 -0.050889
590 0.057884
591 -0.095210
592 -0.109254
593 0.018853
594 0.053630
595 0.105396
596 0.233596
597 0.059127
598 -0.002331
599 0.014588
600 0.020074
601 0.036989
602 0.053937
603 -0.132516
604 0.078026
605 -0.060170
606 -0.158756
607 -0.069835
608 -0.119768
609 0.007542
610 -0.167216
611 -0.037424
612 -0.072312
613 -0.150970
614 -0.091499
615 -0.014661
616 0.013714
617 -0.122585
618 0.028973
619 -0.161147
620 0.056023
621 -0.080678
622 -0.126680
623 0.000852
624 -0.017120
625 -0.033447
626 -0.073715
627 0.053746
628 -0.045989
629 -0.078428
630 -0.053316
631 0.021447
632 0.066504
633 0.137927
634 -0.068943
635 -0.083207
636 0.065504
637 0.077343
638 -0.106935
639 0.029029
640 -0.153518
641 -0.183047
642 0.066334
643 0.289900
644 -0.109148
645 0.067299
646 0.047210
647 -0.012431
648 0.154513
649 0.078313
650 0.306361
651 0.186361
652 0.173902
653 0.085316
654 0.018496
655 -0.127756
656 0.053042
657 0.051799
658 -0.187255
659 -0.068830
660 -0.027266
661 0.099336
662 -0.008336
663 -0.266030
664 0.057060
665 0.417835
666 0.178061
667 0.054698
668 0.066512
669 -0.069038
670 0.203054
671 0.225144
672 0.150512
673 -0.160662
674 -0.037397
675 0.163090
676 0.031535
677 -0.030684
678 -0.171337
679 -0.025074
680 -0.012242
681 0.059082
682 -0.296671
683 -0.077339
684 -0.012188
685 -0.170029
686 -0.271438
687 0.227324
688 -0.237693
689 -0.163105
690 0.104587
691 -0.008106
692 -0.263999
693 -0.090545
694 -0.113328
695 -0.220455
696 0.016749
697 -0.107137
698 -0.093275
699 -0.231481
700 0.021372
701 0.022311
702 0.159216
703 -0.026929
704 -0.349845
705 -0.212479
706 0.013829
707 0.080672
708 0.072812
709 0.093551
710 -0.128936
711 0.038224
712 -0.114203
713 0.080749
714 0.223096
715 -0.243849
716 -0.077900
717 -0.064934
718 -0.038281
719 -0.294424
720 -0.130036
721 -0.121335
722 0.013375
723 0.040005
724 0.024818
725 -0.122239
726 -0.177820
727 -0.277000
728 -0.120808
729 0.059300
730 -0.278360
731 -0.199482
732 -0.086578
733 0.238137
734 -0.209232
735 -0.165624
736 0.036410
737 0.232467
738 0.186261
739 -0.014430
740 -0.073305
741 -0.171851
742 -0.202453
743 0.070042
744 0.319476
745 -0.176173
746 0.094555
747 0.054438
748 -0.004821
749 0.068088
750 0.295238
751 0.068239
752 0.210896
753 0.140471
754 0.256056
755 0.231206
756 0.043027
757 -0.110569
758 0.030445
759 -0.046305
760 -0.168055
761 0.153868
762 0.097526
763 0.287781
764 -0.071519
765 0.289553
766 0.068686
767 -0.276879
768 -0.203285
769 0.015403
770 -0.204745
771 0.229305
772 0.072846
773 -0.055259
774 0.246174
775 -0.136869
776 0.003940
777 -0.179024
778 0.051224
779 -0.142688
780 -0.065775
781 0.134322
782 0.211073
783 0.091718
784 -0.188520
785 0.139454
786 -0.238592
787 0.118121
788 -0.144288
789 0.162193
790 0.241866
791 -0.106197
792 -0.037927
793 -0.051455
794 -0.061665
795 0.177581
796 0.045189
797 0.192048
798 0.006857
799 0.198227
800 0.079655
801 0.052982
802 0.025872
803 -0.314323
804 0.000996
805 0.096407
806 -0.130029
807 -0.128951
808 0.351369
809 0.084489
810 -0.198071
811 -0.296726
812 -0.173934
813 -0.072713
814 0.089741
815 -0.185523
816 0.137372
817 0.240418
818 -0.074681
819 0.221774
820 -0.282586
821 0.024275
822 0.101657
823 0.335067
824 -0.200127
825 -0.116218
826 -0.045547
827 0.025743
828 0.013348
829 -0.016014
830 -0.055050
831 0.224108
832 0.054709
833 -0.076305
834 -0.295236
835 0.023819
836 0.174677
837 0.005259
838 0.242569
839 -0.230715
840 0.021174
841 -0.108973
842 0.022040
843 0.222875
844 -0.206532
845 0.187491
846 0.046620
847 -0.289755
848 0.187520
849 -0.117991
850 0.082022
851 -0.005803
852 0.147333
853 0.003951
854 -0.027941
855 0.074102
856 -0.153742
857 0.213690
858 0.285263
859 -0.019175
860 -0.271825
861 -0.061739
862 -0.064783
863 -0.050470
864 -0.083037
865 0.266891
866 0.121151
867 0.075649
868 -0.075485
869 0.008942
870 -0.158615
871 -0.243446
872 -0.106425
873 0.216378
874 -0.103145
875 -0.390584
876 0.366519
877 -0.085557
878 -0.176111
879 0.011440
880 -0.031516
881 0.114482
882 -0.139280
883 -0.234075
884 -0.196534
885 0.029390
886 -0.077174
887 -0.203107
888 -0.383533
889 -0.020072
890 0.089323
891 -0.150683
892 0.089185
893 0.130838
894 0.125349
895 -0.186698
896 0.244048
897 -0.040396
898 -0.065329
899 -0.093000
900 0.006474
901 -0.064958
902 0.078479
903 0.121555
904 0.075158
905 0.067657
906 0.039443
907 0.173886
908 0.266919
909 0.156553
910 0.002074
911 0.027504
912 0.092257
913 0.129654
914 0.018069
915 -0.036531
916 0.007655
917 -0.127772
918 0.135493
919 -0.038333
920 0.157379
921 0.289324
922 0.173943
923 0.127249
924 0.156130
925 0.045221
926 0.045864
927 -0.102330
928 0.040768
929 0.028441
930 -0.160954
931 0.022458
932 -0.197804
933 0.111939
934 -0.203593
935 0.119547
936 -0.023490
937 -0.139805
938 -0.116342
939 -0.133888
940 0.060961
941 -0.403083
942 0.058291
943 -0.368093
944 0.062458
945 -0.034244
946 0.216472
947 0.128186
948 0.289090
949 0.076277
950 -0.069855
951 0.098886
952 -0.074877
953 -0.078402
954 -0.219275
955 0.189645
956 0.224915
957 -0.012593
958 -0.003811
959 0.035440
960 -0.072559
961 0.021520
962 -0.137050
963 0.289852
964 0.220986
965 -0.051202
966 0.014859
967 0.160189
968 0.154165
969 -0.299658
970 0.228439
971 -0.124756
972 0.116120
973 -0.070471
974 0.177703
975 0.179722
976 -0.308168
977 0.070943
978 -0.165188
979 -0.196130
980 -0.130049
981 0.049869
982 0.167763
983 -0.331591
984 0.183994
985 -0.102791
986 -0.332123
987 0.177304
988 0.126810
989 0.058877
990 0.335945
991 -0.394906
992 0.152827
993 0.290755
994 -0.140462
995 0.072308
996 0.271166
997 0.025595
998 0.153921
999 0.097487
1000 0.143502
1001 -0.024746
1002 -0.182812
1003 -0.007388
1004 0.127153
1005 -0.068891
1006 0.427796
1007 -0.185036
1008 -0.068000
1009 -0.166120
1010 0.141829
1011 0.341741
1012 0.214670
1013 -0.198735
1014 0.161714
1015 0.110278
1016 0.110561
1017 -0.098182
1018 0.065758
1019 0.131196
1020 0.078090
1021 0.268198
1022 -0.063633
1023 0.315791
1024 -0.022401
1025 0.302358
1026 0.317182
1027 0.171842
1028 -0.084499
1029 -0.007885
1030 0.066646
1031 -0.224713
1032 -0.086935
1033 0.310770
1034 -0.012169
1035 -0.312437
1036 -0.145765
1037 -0.006898
1038 -0.211184
1039 0.082945
1040 0.244151
1041 0.115312
1042 -0.190459
1043 -0.127353
1044 0.150657
1045 -0.167117
1046 0.016365
1047 0.048574
1048 0.053912
1049 -0.058690
1050 0.144467
1051 0.240832
1052 0.008883
1053 -0.026245
1054 -0.080678
1055 -0.061378
1056 -0.184185
1057 -0.366426
1058 -0.134321
1059 0.291839
1060 -0.256279
1061 -0.217185
1062 0.044990
1063 0.262145
1064 -0.149790
1065 0.241262
1066 0.040590
1067 0.145642
1068 0.014463
1069 -0.113199
1070 0.047826
1071 0.047712
1072 -0.212617
1073 0.127177
1074 0.120039
1075 0.054051
1076 -0.105119
1077 -0.067394
1078 0.246957
1079 0.114282
1080 -0.027613
1081 -0.131300
1082 -0.254239
1083 -0.064653
1084 -0.029739
1085 0.094548
1086 0.092328
1087 0.000575
1088 -0.213554
1089 -0.061549
1090 0.061874
1091 0.142392
1092 0.099215
1093 0.172171
1094 0.076377
1095 0.056839
1096 0.214119
1097 0.074984
1098 0.049511
1099 0.075930
1100 -0.016530
1101 -0.063288
1102 -0.269526
1103 0.072580
1104 -0.076821
1105 0.028591
1106 0.087753
1107 -0.279116
1108 0.133324
1109 -0.063976
1110 0.126268
1111 -0.123313
1112 -0.191463
1113 0.140071
1114 0.068251
1115 0.140947
1116 -0.023575
1117 0.299735
1118 -0.034003
1119 0.047243
1120 -0.089533
1121 -0.025872
1122 -0.167409
1123 0.147503
1124 -0.359523
1125 0.129340
1126 -0.005944
1127 -0.166074
1128 0.061592
1129 0.022983
1130 -0.184439
1131 -0.090707
1132 0.073685
1133 -0.030513
1134 0.017987
1135 -0.166202
1136 0.002602
1137 -0.319497
1138 -0.174210
1139 -0.348861
1140 0.131840
1141 -0.359492
1142 0.223782
1143 -0.048842
1144 -0.175459
1145 0.065837
1146 0.133110
1147 -0.076750
1148 0.449745
1149 -0.049083
1150 -0.194617
1151 0.049262
1152 -0.083178
1153 0.097397
1154 -0.065459
1155 0.341620
1156 -0.010292
1157 0.003993
1158 -0.220485
1159 -0.066446
1160 0.075215
1161 0.065481
1162 0.165982
1163 -0.130992
1164 0.032197
1165 0.157619
1166 0.117087
1167 0.043742
1168 -0.100634
1169 0.146154
1170 0.123456
1171 0.080015
1172 -0.242001
1173 -0.269798
1174 0.171660
1175 -0.178370
1176 0.107635
1177 -0.307364
1178 0.211695
1179 -0.126364
1180 0.155418
1181 -0.190741
1182 0.063072
1183 -0.134990
1184 0.268160
1185 0.321966
1186 0.147542
1187 -0.058523
1188 0.158586
1189 0.048583
1190 0.032544
1191 0.095239
1192 0.255485
1193 -0.110707
1194 -0.046885
1195 0.093498
1196 0.243171
1197 -0.222802
1198 0.166318
1199 0.267192
1200 -0.099255
1201 0.074894
1202 -0.110325
1203 -0.097471
1204 0.117752
1205 -0.097001
1206 0.128385
1207 0.065936
1208 0.150708
1209 -0.315426
1210 -0.161941
1211 0.007500
1212 0.048398
1213 0.119823
1214 0.170944
1215 0.179165
0 -0.046042
1 -0.161275
2 -0.129404
3 -0.188294
4 -0.183752
5 -0.005075
6 -0.184373
7 0.107647
8 0.139091
9 -0.171168
10 0.053442
11 0.402405
12 -0.129334
13 0.137257
14 0.186025
15 0.439074
16 -0.119812
17 -0.029377
18 0.079475
19 0.078985
20 -0.043569
21 -0.174014
22 -0.205392
23 -0.159310
24 -0.116423
25 0.166271
26 0.102626
27 -0.208774
28 0.182750
29 -0.177165
30 0.367502
31 -0.052651
32 0.234745
33 0.060123
34 0.110515
35 0.140335
36 0.119334
37 0.192639
38 -0.042693
39 -0.138883
40 -0.247524
41 0.040584
42 -0.022850
43 0.350577
44 0.045300
45 -0.017228
46 -0.314006
47 -0.212864
48 -0.047037
49 -0.086971
50 0.143863
51 0.114451
52 -0.098336
53 0.069296
54 0.012696
55 0.061453
56 0.154819
57 0.003865
58 -0.128193
59 -0.126380
60 0.122734
61 0.039477
62 0.070077
63 0.307780
64 0.228566
65 -0.036029
66 0.192966
67 -0.101268
68 -0.055630
69 -0.024872
70 0.086033
71 -0.075058
72 -0.164508
73 -0.002587
74 -0.084248
75 0.262836
76 -0.051256
77 -0.233575
78 -0.082532
79 -0.260412
80 0.253892
81 -0.064616
82 -0.133418
83 0.156467
84 -0.151014
85 0.303857
86 0.033228
87 0.128999
88 0.110745
89 0.138751
90 0.293071
91 0.134452
92 0.074828
93 0.165086
94 -0.271431
95 -0.057357
96 0.277823
97 0.122371
98 -0.243660
99 0.093279
100 0.197023
101 -0.054477
102 0.033764
103 -0.232756
104 0.147113
105 0.135526
106 0.337022
107 -0.097002
108 0.045615
109 -0.026617
110 -0.206154
111 0.078333
112 0.061725
113 -0.121236
114 0.314050
115 -0.082372
116 0.040728
117 -0.257725
118 -0.160064
119 0.243702
120 -0.072773
121 0.223568
122 0.150183
123 0.011580
124 0.130248
125 0.058142
126 0.004191
127 0.161960
128 -0.190391
129 -0.005035
130 0.069307
131 -0.105736
132 0.059320
133 0.218999
134 0.135540
135 -0.072283
136 -0.134725
137 -0.035431
138 0.023836
139 0.098280
140 0.002342
141 -0.007550
142 0.041106
143 -0.073806
144 -0.127607
145 0.025866
146 -0.123267
147 -0.065179
148 -0.230742
149 0.210797
150 -0.029270
151 0.116377
152 -0.042430
153 -0.031959
154 -0.000092
155 -0.166477
156 -0.010916
157 0.011669
158 -0.000075
159 0.213193
160 0.018921
161 -0.051309
162 -0.102716
163 -0.032127
164 0.087223
165 0.157795
166 -0.017819
167 0.042128
168 -0.070672
169 -0.189534
170 0.053185
171 0.291884
172 0.146831
173 0.068837
174 0.019015
175 0.125678
176 0.144252
177 -0.158350
178 0.081126
179 0.090896
180 -0.139334
181 -0.009242
182 0.039294
183 -0.003744
184 -0.087259
185 0.341962
186 0.262737
187 0.033618
188 0.096765
189 -0.002121
190 0.014178
191 0.066488
192 -0.047153
193 -0.056121
194 0.014539
195 0.211775
196 -0.136363
197 -0.175693
198 -0.365618
199 0.353797
200 0.125933
201 0.124840
202 -0.029973
203 0.132965
204 0.012661
205 -0.109666
206 -0.129679
207 0.005574
208 0.116142
209 0.155700
210 -0.134514
211 -0.009528
212 0.221676
213 -0.050791
214 -0.273589
215 0.056176
216 0.003995
217 -0.090540
218 0.175385
219 0.264047
220 -0.056238
221 -0.058610
222 -0.111866
223 0.304850
224 -0.079745
225 -0.178989
226 -0.145663
227 -0.065565
228 -0.254678
229 -0.443203
230 -0.174989
231 -0.472214
232 -0.343845
233 -0.259551
234 -0.252323
235 -0.462683
236 -0.320698
237 0.043515
238 -0.179467
239 -0.486358
240 -0.284603
241 -0.422756
242 0.192298
243 -0.400220
244 -0.252209
245 -0.483218
246 0.277414
247 -0.390777
248 -0.198969
249 -0.327003
250 -0.117794
251 -0.121542
252 -0.143944
253 -0.305850
254 -0.089628
255 -0.022733
256 -0.083489
257 -0.318011
258 -0.452391
259 0.026817
260 -0.355248
261 -0.450628
262 -0.264684
263 -0.229552
264 -0.333934
265 -0.157373
266 -0.326889
267 0.153083
268 0.017196
269 -0.129651
270 -0.255419
271 -0.255424
272 -0.031403
273 0.042277
274 -0.419907
275 -0.374705
276 0.098878
277 -0.006482
278 -0.392784
279 -0.570878
280 -0.072883
281 0.017488
282 -0.338548
283 -0.449802
284 -0.456228
285 -0.142955
286 -0.274085
287 -0.477805
288 -0.262431
289 -0.088269
290 -0.027495
291 -0.254833
292 -0.135108
293 -0.122929
294 -0.029655
295 -0.039201
296 -0.484530
297 -0.102005
298 -0.283055
299 -0.248197
300 -0.487458
301 -0.203031
302 -0.174983
303 -0.355867
304 -0.545775
305 -0.275344
306 -0.226143
307 -0.207687
308 -0.491468
309 -0.132584
310 -0.291600
311 -0.174018
312 -0.230834
313 0.286675
314 -0.257012
315 -0.045535
316 -0.247277
317 0.088879
318 -0.045158
319 0.006063
320 -0.205591
321 -0.319164
322 -0.395802
323 -0.012583
324 -0.401758
325 -0.327078
326 -0.431052
327 -0.091497
328 -0.221895
329 -0.594325
330 -0.432344
331 -0.081916
332 -0.184924
333 -0.476945
334 -0.038709
335 -0.056024
336 -0.113453
337 -0.398824
338 0.036678
339 0.031458
340 0.094560
341 -0.379755
342 -0.425843
343 -0.145851
344 -0.082513
345 -0.502808
346 -0.536168
347 0.240427
348 -0.009437
349 -0.515042
350 -0.516332
351 0.237577
352 0.110605
353 -0.446317
354 -0.592090
355 0.015922
356 -0.185402
357 -0.263527
358 -0.494838
359 -0.104147
360 -0.049416
361 -0.386481
362 -0.443680
363 -0.250760
364 0.005008
365 -0.136975
366 -0.472767
367 -0.237332
368 0.116492
369 -0.131334
370 -0.456739
371 -0.234660
372 0.217588
373 -0.311372
374 -0.270330
375 -0.430034
376 0.003151
377 0.028955
378 0.072188
379 -0.358256
380 0.235560
381 0.156624
382 0.120991
383 -0.511464
384 -0.387701
385 -0.047245
386 0.035877
387 -0.469521
388 -0.329096
389 0.171369
390 0.099797
391 -0.297688
392 -0.197702
393 0.153426
394 0.314460
395 -0.210200
396 -0.166186
397 -0.258746
398 0.074581
399 -0.451381
400 0.042805
401 -0.214958
402 0.036815
403 -0.235795
404 -0.172295
405 -0.066882
406 -0.237896
407 0.040109
408 -0.284449
409 -0.045667
410 -0.117743
411 0.203161
412 -0.378241
413 -0.156831
414 0.001814
415 -0.318003
416 -0.133111
417 -0.265783
418 -0.093148
419 -0.441654
420 0.089874
421 -0.570920
422 0.066837
423 -0.194104
424 0.320625
425 -0.253168
426 -0.247130
427 -0.055329
428 -0.318141
429 -0.086939
430 -0.428020
431 0.105095
432 -0.314067
433 0.069302
434 -0.089605
435 -0.236782
436 -0.116733
437 -0.199371
438 0.130208
439 -0.270699
440 0.067163
441 0.038174
442 0.198217
443 0.056464
444 -0.361001
445 0.110567
446 -0.149164
447 0.260037
448 -0.283970
449 -0.188824
450 -0.007551
451 -0.275904
452 -0.224979
453 -0.115755
454 0.035331
455 0.034740
456 0.180136
457 -0.146193
458 -0.172719
459 0.031878
460 -0.010861
461 -0.007557
462 -0.170511
463 -0.469945
464 -0.025214
465 -0.156955
466 0.014608
467 -0.152046
468 -0.322716
469 0.011332
470 -0.285175
471 0.056643
472 -0.094653
473 -0.265402
474 0.128441
475 -0.059535
476 -0.080870
477 -0.395614
478 0.272077
479 0.067260
480 -0.233059
481 -0.125748
482 -0.395078
483 0.119992
484 -0.093309
485 0.092042
486 -0.330223
487 -0.184785
488 -0.406589
489 -0.144402
490 -0.286573
491 -0.192515
492 -0.221496
493 -0.213944
494 0.037591
495 -0.260936
496 -0.206992
497 -0.445951
498 -0.434022
499 0.057124
500 -0.201497
501 0.139434
502 0.037139
503 -0.201828
504 -0.025042
505 -0.252751
506 -0.244820
507 -0.233860
508 -0.013233
509 -0.405655
510 -0.205992
511 -0.342344
512 -0.166718
513 -0.101036
514 0.132615
515 0.023484
516 -0.248796
517 -0.284064
518 -0.027551
519 0.116257
520 -0.090799
521 -0.055940
522 -0.067983
523 -0.120012
524 0.016778
525 0.094701
526 -0.066236
527 -0.299707
528 -0.170977
529 -0.001247
530 0.140141
531 0.108318
532 -0.048127
533 -0.125252
534 0.159011
535 -0.057094
536 0.059795
537 0.070268
538 -0.159521
539 -0.171501
540 0.254204
541 -0.202500
542 -0.058201
543 -0.114633
544 0.054972
545 -0.104451
546 -0.015599
547 0.112223
548 -0.173822
549 0.023947
550 0.014690
551 -0.122136
552 0.297864
553 -0.006175
554 -0.160935
555 0.029721
556 0.055958
557 -0.239902
558 0.227321
559 0.069736
560 -0.060177
561 0.001845
562 -0.022765
563 -0.036821
564 -0.112700
565 -0.013426
566 -0.047175
567 -0.106047
568 0.000430
569 -0.022850
570 0.046002
571 0.026319
572 0.076534
573 0.042406
574 -0.036773
575 0.029110
576 -0.086508
577 -0.012962
578 -0.130607
579 -0.103794
580 -0.134226
581 -0.201789
582 -0.136535
583 -0.127579
584 0.063150
585 -0.123897
586 -0.161129
587 -0.127177
588 -0.076976
589 -0.050889
590 0.057884
591 -0.095210
592 -0.109254
593 0.018853
594 0.053630
595 0.105396
596 0.233596
597 0.059127
598 -0.002331
599 0.014588
600 0.020074
601 0.036989
602 0.053937
603 -0.132516
604 0.078026
605 -0.060170
606 -0.158756
607 -0.069835
608 -0.119768
609 0.007542
610 -0.167216
611 -0.037424
612 -0.072312
613 -0.150970
614 -0.091499
615 -0.014661
616 0.013714
617 -0.122585
618 0.028973
619 -0.161147
620 0.056023
621 -0.080678
622 -0.126680
623 0.000852
624 -0.017120
625 -0.033447
626 -0.073715
627 0.053746
628 -0.045989
629 -0.078428
630 -0.053316
631 0.021447
632 0.066504
633 0.137927
634 -0.068943
635 -0.083207
636 0.065504
637 0.077343
638 -0.106935
639 0.029029
640 -0.153518
641 -0.183047
642 0.066334
643 0.289900
644 -0.109148
645 0.067299
646 0.047210
647 -0.012431
648 0.154513
649 0.078313
650 0.306361
651 0.186361
652 0.173902
653 0.085316
654 0.018496
655 -0.127756
656 0.053042
657 0.051799
658 -0.187255
659 -0.068830
660 -0.027266
661 0.099336
662 -0.008336
663 -0.266030
664 0.057060
665 0.417835
666 0.178061
667 0.054698
668 0.066512
669 -0.069038
670 0.203054
671 0.225144
672 0.150512
673 -0.160662
674 -0.037397
675 0.163090
676 0.031535
677 -0.030684
678 -0.171337
679 -0.025074
680 -0.012242
681 0.059082
682 -0.296671
683 -0.077339
684 -0.012188
685 -0.170029
686 -0.271438
687 0.227324
688 -0.237693
689 -0.163105
690 0.104587
691 -0.008106
692 -0.263999
693 -0.090545
694 -0.113328
695 -0.220455
696 0.016749
697 -0.107137
698 -0.093275
699 -0.231481
700 0.021372
701 0.022311
702 0.159216
703 -0.026929
704 -0.349845
705 -0.212479
706 0.013829
707 0.080672
708 0.072812
709 0.093551
710 -0.128936
711 0.038224
712 -0.114203
713 0.080749
714 0.223096
715 -0.243849
716 -0.077900
717 -0.064934
718 -0.038281
719 -0.294424
720 -0.130036
721 -0.121335
722 0.013375
723 0.040005
724 0.024818
725 -0.122239
726 -0.177820
727 -0.277000
728 -0.120808
729 0.059300
730 -0.278360
731 -0.199482
732 -0.086578
733 0.238137
734 -0.209232
735 -0.165624
736 0.036410
737 0.232467
738 0.186261
739 -0.014430
740 -0.073305
741 -0.171851
742 -0.202453
743 0.070042
744 0.319476
745 -0.176173
746 0.094555
747 0.054438
748 -0.004821
749 0.068088
750 0.295238
751 0.068239
752 0.210896
753 0.140471
754 0.256056
755 0.231206
756 0.043027
757 -0.110569
758 0.030445
759 -0.046305
760 -0.168055
761 0.153868
762 0.097526
763 0.287781
764 -0.071519
765 0.289553
766 0.068686
767 -0.276879
768 -0.203285
769 0.015403
770 -0.204745
771 0.229305
772 0.072846
773 -0.055259
774 0.246174
775 -0.136869
776 0.003940
777 -0.179024
778 0.051224
779 -0.142688
780 -0.065775
781 0.134322
782 0.211073
783 0.091718
784 -0.188520
785 0.139454
786 -0.238592
787 0.118121
788 -0.144288
789 0.162193
790 0.241866
791 -0.106197
792 -0.037927
793 -0.051455
794 -0.061665
795 0.177581
796 0.045189
797 0.192048
798 0.006857
799 0.198227
800 0.079655
801 0.052982
802 0.025872
803 -0.314323
804 0.000996
805 0.096407
806 -0.130029
807 -0.128951
808 0.351369
809 0.084489
810 -0.198071
811 -0.296726
812 -0.173934
813 -0.072713
814 0.089741
815 -0.185523
816 0.137372
817 0.240418
818 -0.074681
819 0.221774
820 -0.282586
821 0.024275
822 0.101657
823 0.335067
824 -0.200127
825 -0.116218
826 -0.045547
827 0.025743
828 0.013348
829 -0.016014
830 -0.055050
831 0.224108
832 0.054709
833 -0.076305
834 -0.295236
835 0.023819
836 0.174677
837 0.005259
838 0.242569
839 -0.230715
840 0.021174
841 -0.108973
842 0.022040
843 0.222875
844 -0.206532
845 0.187491
846 0.046620
847 -0.289755
848 0.187520
849 -0.117991
850 0.082022
851 -0.005803
852 0.147333
853 0.003951
854 -0.027941
855 0.074102
856 -0.153742
857 0.213690
858 0.285263
859 -0.019175
860 -0.271825
861 -0.061739
862 -0.064783
863 -0.050470
864 -0.083037
865 0.266891
866 0.121151
867 0.075649
868 -0.075485
869 0.008942
870 -0.158615
871 -0.243446
872 -0.106425
873 0.216378
874 -0.103145
875 -0.390584
876 0.366519
877 -0.085557
878 -0.176111
879 0.011440
880 -0.031516
881 0.114482
882 -0.139280
883 -0.234075
884 -0.196534
885 0.029390
886 -0.077174
887 -0.203107
888 -0.383533
889 -0.020072
890 0.089323
891 -0.150683
892 0.089185
893 0.130838
894 0.125349
895 -0.186698
896 0.244048
897 -0.040396
898 -0.065329
899 -0.093000
900 0.006474
901 -0.064958
902 0.078479
903 0.121555
904 0.075158
905 0.067657
906 0.039443
907 0.173886
908 0.266919
909 0.156553
910 0.002074
911 0.027504
912 0.092257
913 0.129654
914 0.018069
915 -0.036531
916 0.007655
917 -0.127772
918 0.135493
919 -0.038333
920 0.157379
921 0.289324
922 0.173943
923 0.127249
924 0.156130
925 0.045221
926 0.045864
927 -0.102330
928 0.040768
929 0.028441
930 -0.160954
931 0.022458
932 -0.197804
933 0.111939
934 -0.203593
935 0.119547
936 -0.023490
937 -0.139805
938 -0.116342
939 -0.133888
940 0.060961
941 -0.403083
942 0.058291
943 -0.368093
944 0.062458
945 -0.034244
946 0.216472
947 0.128186
948 0.289090
949 0.076277
950 -0.069855
951 0.098886
952 -0.074877
953 -0.078402
954 -0.219275
955 0.189645
956 0.224915
957 -0.012593
958 -0.003811
959 0.035440
960 -0.072559
961 0.021520
962 -0.137050
963 0.289852
964 0.220986
965 -0.051202
966 0.014859
967 0.160189
968 0.154165
969 -0.299658
970 0.228439
971 -0.124756
972 0.116120
973 -0.070471
974 0.177703
975 0.179722
976 -0.308168
977 0.070943
978 -0.165188
979 -0.196130
980 -0.130049
981 0.049869
982 0.167763
983 -0.331591
984 0.183994
985 -0.102791
986 -0.332123
987 0.177304
988 0.126810
989 0.058877
990 0.335945
991 -0.394906
992 0.152827
993 0.290755
994 -0.140462
995 0.072308
996 0.271166
997 0.025595
998 0.153921
999 0.097487
1000 0.143502
1001 -0.024746
1002 -0.182812
1003 -0.007388
1004 0.127153
1005 -0.068891
1006 0.427796
1007 -0.185036
1008 -0.068000
1009 -0.166120
1010 0.141829
1011 0.341741
1012 0.214670
1013 -0.198735
1014 0.161714
1015 0.110278
1016 0.110561
1017 -0.098182
1018 0.065758
1019 0.131196
1020 0.078090
1021 0.268198
1022 -0.063633
1023 0.315791
1024 -0.022401
1025 0.302358
1026 0.317182
1027 0.171842
1028 -0.084499
1029 -0.007885
1030 0.066646
1031 -0.224713
1032 -0.086935
1033 0.310770
1034 -0.012169
1035 -0.312437
1036 -0.145765
1037 -0.006898
1038 -0.211184
1039 0.082945
1040 0.244151
1041 0.115312
1042 -0.190459
1043 -0.127353
1044 0.150657
1045 -0.167117
1046 0.016365
1047 0.048574
1048 0.053912
1049 -0.058690
1050 0.144467
1051 0.240832
1052 0.008883
1053 -0.026245
1054 -0.080678
1055 -0.061378
1056 -0.184185
1057 -0.366426
1058 -0.134321
1059 0.291839
1060 -0.256279
1061 -0.217185
1062 0.044990
1063 0.262145
1064 -0.149790
1065 0.241262
1066 0.040590
1067 0.145642
1068 0.014463
1069 -0.113199
1070 0.047826
1071 0.047712
1072 -0.212617
1073 0.127177
1074 0.120039
1075 0.054051
1076 -0.105119
1077 -0.067394
1078 0.246957
1079 0.114282
1080 -0.027613
1081 -0.131300
1082 -0.254239
1083 -0.064653
1084 -0.029739
1085 0.094548
1086 0.092328
1087 0.000575
1088 -0.213554
1089 -0.061549
1090 0.061874
1091 0.142392
1092 0.099215
1093 0.172171
1094 0.076377
1095 0.056839
1096 0.214119
1097 0.074984
1098 0.049511
1099 0.075930
1100 -0.016530
1101 -0.063288
1102 -0.269526
1103 0.072580
1104 -0.076821
1105 0.028591
1106 0.087753
1107 -0.279116
1108 0.133324
1109 -0.063976
1110 0.126268
1111 -0.123313
1112 -0.191463
1113 0.140071
1114 0.068251
1115 0.140947
1116 -0.023575
1117 0.299735
1118 -0.034003
1119 0.047243
1120 -0.089533
1121 -0.025872
1122 -0.167409
1123 0.147503
1124 -0.359523
1125 0.129340
1126 -0.005944
1127 -0.166074
1128 0.061592
1129 0.022983
1130 -0.184439
1131 -0.090707
1132 0.073685
1133 -0.030513
1134 0.017987
1135 -0.166202
1136 0.002602
1137 -0.319497
1138 -0.174210
1139 -0.348861
1140 0.131840
1141 -0.359492
1142 0.223782
1143 -0.048842
1144 -0.175459
1145 0.065837
1146 0.133110
1147 -0.076750
1148 0.449745
1149 -0.049083
1150 -0.194617
1151 0.049262
1152 -0.083178
1153 0.097397
1154 -0.065459
1155 0.341620
1156 -0.010292
1157 0.003993
1158 -0.220485
1159 -0.066446
1160 0.075215
1161 0.065481
1162 0.165982
1163 -0.130992
1164 0.032197
1165 0.157619
1166 0.117087
1167 0.043742
1168 -0.100634
1169 0.146154
1170 0.123456
1171 0.080015
1172 -0.242001
1173 -0.269798
1174 0.171660
1175 -0.178370
1176 0.107635
1177 -0.307364
1178 0.211695
1179 -0.126364
1180 0.155418
1181 -0.190741
1182 0.063072
1183 -0.134990
1184 0.268160
1185 0.321966
1186 0.147542
1187 -0.058523
1188 0.158586
1189 0.048583
1190 0.032544
1191 0.095239
1192 0.255485
1193 -0.110707
1194 -0.046885
1195 0.093498
1196 0.243171
1197 -0.222802
1198 0.166318
1199 0.267192
1200 -0.099255
1201 0.074894
1202 -0.110325
1203 -0.097471
1204 0.117752
1205 -0.097001
1206 0.128385
1207 0.065936
1208 0.150708
1209 -0.315426
1210 -0.161941
1211 0.007500
1212 0.048398
1213 0.119823
1214 0.170944
1215 0.179165
0 -0.046042
1 -0.161275
2 -0.129404
3 -0.188294
4 -0.183752
5 -0.005075
6 -0.184373
7 0.107647
8 0.139091
9 -0.171168
10 0.053442
11 0.402405
12 -0.129334
13 0.137257
14 0.186025
15 0.439074
16 -0.119812
17 -0.029377
18 0.079475
19 0.078985
20 -0.043569
21 -0.174014
22 -0.205392
23 -0.159310
24 -0.116423
25 0.166271
26 0.102626
27 -0.208774
28 0.182750
29 -0.177165
30 0.367502
31 -0.052651
32 0.234745
33 0.060123
34 0.110515
35 0.140335
36 0.119334
37 0.192639
38 -0.042693
39 -0.138883
40 -0.247524
41 0.040584
42 -0.022850
43 0.350577
44 0.045300
45 -0.017228
46 -0.314006
47 -0.212864
48 -0.047037
49 -0.086971
50 0.143863
51 0.114451
52 -0.098336
53 0.069296
54 0.012696
55 0.061453
56 0.154819
57 0.003865
58 -0.128193
59 -0.126380
60 0.122734
61 0.039477
62 0.070077
63 0.307780
64 0.228566
65 -0.036029
66 0.192966
67 -0.101268
68 -0.055630
69 -0.024872
70 0.086033
71 -0.075058
72 -0.164508
73 -0.002587
74 -0.084248
75 0.262836
76 -0.051256
77 -0.233575
78 -0.082532
79 -0.260412
80 0.253892
81 -0.064616
82 -0.133418
83 0.156467
84 -0.151014
85 0.303857
86 0.033228
87 0.128999
88 0.110745
89 0.138751
90 0.293071
91 0.134452
92 0.074828
93 0.165086
94 -0.271431
95 -0.057357
96 0.277823
97 0.122371
98 -0.243660
99 0.093279
100 0.197023
101 -0.054477
102 0.033764
103 -0.232756
104 0.147113
105 0.135526
106 0.337022
107 -0.097002
108 0.045615
109 -0.026617
110 -0.206154
111 0.078333
112 0.061725
113 -0.121236
114 0.314050
115 -0.082372
116 0.040728
117 -0.257725
118 -0.160064
119 0.243702
120 -0.072773
121 0.223568
122 0.150183
123 0.011580
124 0.130248
125 0.058142
126 0.004191
127 0.161960
128 -0.190391
129 -0.005035
130 0.069307
131 -0.105736
132 0.059320
133 0.218999
134 0.135540
135 -0.072283
136 -0.134725
137 -0.035431
138 0.023836
139 0.098280
140 0.002342
141 -0.007550
142 0.041106
143 -0.073806
144 -0.127607
145 0.025866
146 -0.123267
147 -0.065179
148 -0.230742
149 0.210797
150 -0.029270
151 0.116377
152 -0.042430
153 -0.031959
154 -0.000092
155 -0.166477
156 -0.010916
157 0.011669
158 -0.000075
159 0.213193
160 0.018921
161 -0.051309
162 -0.102716
163 -0.032127
164 0.087223
165 0.157795
166 -0.017819
167 0.042128
168 -0.070672
169 -0.189534
170 0.053185
171 0.291884
172 0.146831
173 0.068837
174 0.019015
175 0.125678
176 0.144252
177 -0.158350
178 0.081126
179 0.090896
180 -0.139334
181 -0.009242
182 0.039294
183 -0.003744
184 -0.087259
185 0.341962
186 0.262737
187 0.033618
188 0.096765
189 -0.002121
190 0.014178
191 0.066488
192 -0.047153
193 -0.056121
194 0.014539
195 0.211775
196 -0.136363
197 -0.175693
198 -0.365618
199 0.353797
200 0.125933
201 0.124840
202 -0.029973
203 0.132965
204 0.012661
205 -0.109666
206 -0.129679
207 0.005574
208 0.116142
209 0.155700
210 -0.134514
211 -0.009528
212 0.221676
213 -0.050791
214 -0.273589
215 0.056176
216 0.003995
217 -0.090540
218 0.175385
219 0.264047
220 -0.056238
221 -0.058610
222 -0.111866
223 0.304850
224 -0.079745
225 -0.178989
226 -0.145663
227 -0.065565
228 -0.254678
229 -0.443203
230 -0.174989
231 -0.472214
232 -0.343845
233 -0.259551
234 -0.252323
235 -0.462683
236 -0.320698
237 0.043515
238 -0.179467
239 -0.486358
240 -0.284603
241 -0.422756
242 0.192298
243 -0.400220
244 -0.252209
245 -0.483218
246 0.277414
247 -0.390777
248 -0.198969
249 -0.327003
250 -0.117794
251 -0.121542
252 -0.143944
253 -0.305850
254 -0.089628
255 -0.022733
256 -0.083489
257 -0.318011
258 -0.452391
259 0.026817
260 -0.355248
261 -0.450628
262 -0.264684
263 -0.229552
264 -0.333934
265 -0.157373
266 -0.326889
267 0.153083
268 0.017196
269 -0.129651
270 -0.255419
271 -0.255424
272 -0.031403
273 0.042277
274 -0.419907
275 -0.374705
276 0.098878
277 -0.006482
278 -0.392784
279 -0.570878
280 -0.072883
281 0.017488
282 -0.338548
283 -0.449802
284 -0.456228
285 -0.142955
286 -0.274085
287 -0.477805
288 -0.262431
289 -0.088269
290 -0.027495
291 -0.254833
292 -0.135108
293 -0.122929
294 -0.029655
295 -0.039201
296 -0.484530
297 -0.102005
298 -0.283055
299 -0.248197
300 -0.487458
301 -0.203031
302 -0.174983
303 -0.355867
304 -0.545775
305 -0.275344
306 -0.226143
307 -0.207687
308 -0.491468
309 -0.132584
310 -0.291600
311 -0.174018
312 -0.230834
313 0.286675
314 -0.257012
315 -0.045535
316 -0.247277
317 0.088879
318 -0.045158
319 0.006063
320 -0.205591
321 -0.319164
322 -0.395802
323 -0.012583
324 -0.401758
325 -0.327078
326 -0.431052
327 -0.091497
328 -0.221895
329 -0.594325
330 -0.432344
331 -0.081916
332 -0.184924
333 -0.476945
334 -0.038709
335 -0.056024
336 -0.113453
337 -0.398824
338 0.036678
339 0.031458
340 0.094560
341 -0.379755
342 -0.425843
343 -0.145851
344 -0.082513
345 -0.502808
346 -0.536168
347 0.240427
348 -0.009437
349 -0.515042
350 -0.516332
351 0.237577
352 0.110605
353 -0.446317
354 -0.592090
355 0.015922
356 -0.185402
357 -0.263527
358 -0.494838
359 -0.104147
360 -0.049416
361 -0.386481
362 -0.443680
363 -0.250760
364 0.005008
365 -0.136975
366 -0.472767
367 -0.237332
368 0.116492
369 -0.131334
370 -0.456739
371 -0.234660
372 0.217588
373 -0.311372
374 -0.270330
375 -0.430034
376 0.003151
377 0.028955
378 0.072188
379 -0.358256
380 0.235560
381 0.156624
382 0.120991
383 -0.511464
384 -0.387701
385 -0.047245
386 0.035877
387 -0.469521
388 -0.329096
389 0.171369
390 0.099797
391 -0.297688
392 -0.197702
393 0.153426
394 0.314460
395 -0.210200
396 -0.166186
397 -0.258746
398 0.074581
399 -0.451381
400 0.042805
401 -0.214958
402 0.036815
403 -0.235795
404 -0.172295
405 -0.066882
406 -0.237896
407 0.040109
408 -0.284449
409 -0.045667
410 -0.117743
411 0.203161
412 -0.378241
413 -0.156831
414 0.001814
415 -0.318003
416 -0.133111
417 -0.265783
418 -0.093148
419 -0.441654
420 0.089874
421 -0.570920
422 0.066837
423 -0.194104
424 0.320625
425 -0.253168
426 -0.247130
427 -0.055329
428 -0.318141
429 -0.086939
430 -0.428020
431 0.105095
432 -0.314067
433 0.069302
434 -0.089605
435 -0.236782
436 -0.116733
437 -0.199371
438 0.130208
439 -0.270699
440 0.067163
441 0.038174
442 0.198217
443 0.056464
444 -0.361001
445 0.110567
446 -0.149164
447 0.260037
448 -0.283970
449 -0.188824
450 -0.007551
451 -0.275904
452 -0.224979
453 -0.115755
454 0.035331
455 0.034740
456 0.180136
457 -0.146193
458 -0.172719
459 0.031878
460 -0.010861
461 -0.007557
462 -0.170511
463 -0.469945
464 -0.025214
465 -0.156955
466 0.014608
467 -0.152046
468 -0.322716
469 0.011332
470 -0.285175
471 0.056643
472 -0.094653
473 -0.265402
474 0.128441
475 -0.059535
476 -0.080870
477 -0.395614
478 0.272077
479 0.067260
480 -0.233059
481 -0.125748
482 -0.395078
483 0.119992
484 -0.093309
485 0.092042
486 -0.330223
487 -0.184785
488 -0.406589
489 -0.144402
490 -0.286573
491 -0.192515
492 -0.221496
493 -0.213944
494 0.037591
495 -0.260936
496 -0.206992
497 -0.445951
498 -0.434022
499 0.057124
500 -0.201497
501 0.139434
502 0.037139
503 -0.201828
504 -0.025042
505 -0.252751
506 -0.244820
507 -0.233860
508 -0.013233
509 -0.405655
510 -0.205992
511 -0.342344
512 -0.166718
513 -0.101036
514 0.132615
515 0.023484
516 -0.248796
517 -0.284064
518 -0.027551
519 0.116257
520 -0.090799
521 -0.055940
522 -0.067983
523 -0.120012
524 0.016778
525 0.094701
526 -0.066236
527 -0.299707
528 -0.170977
529 -0.001247
530 0.140141
531 0.108318
532 -0.048127
533 -0.125252
534 0.159011
535 -0.057094
536 0.059795
537 0.070268
538 -0.159521
539 -0.171501
540 0.254204
541 -0.202500
542 -0.058201
543 -0.114633
544 0.054972
545 -0.104451
546 -0.015599
547 0.112223
548 -0.173822
549 0.023947
550 0.014690
551 -0.122136
552 0.297864
553 -0.006175
554 -0.160935
555 0.029721
556 0.055958
557 -0.239902
558 0.227321
559 0.069736
560 -0.060177
561 0.001845
562 -0.022765
563 -0.036821
564 -0.112700
565 -0.013426
566 -0.047175
567 -0.106047
568 0.000430
569 -0.022850
570 0.046002
571 0.026319
572 0.076534
573 0.042406
574 -0.036773
575 0.029110
576 -0.086508
577 -0.012962
578 -0.130607
579 -0.103794
580 -0.134226
581 -0.201789
582 -0.136535
583 -0.127579
584 0.063150
585 -0.123897
586 -0.161129
587 -0.127177
588 -0.076976
589 -0.050889
590 0.057884
591 -0.095210
592 -0.109254
593 0.018853
594 0.053630
595 0.105396
596 0.233596
597 0.059127
598 -0.002331
599 0.014588
600 0.020074
601 0.036989
602 0.053937
603 -0.132516
604 0.078026
605 -0.060170
606 -0.158756
607 -0.069835
608 -0.119768
609 0.007542
610 -0.167216
611 -0.037424
612 -0.072312
613 -0.150970
614 -0.091499
615 -0.014661
616 0.013714
617 -0.122585
618 0.028973
619 -0.161147
620 0.056023
621 -0.080678
622 -0.126680
623 0.000852
624 -0.017120
625 -0.033447
626 -0.073715
627 0.053746
628 -0.045989
629 -0.078428
630 -0.053316
631 0.021447
632 0.066504
633 0.137927
634 -0.068943
635 -0.083207
636 0.065504
637 0.077343
638 -0.106935
639 0.029029
640 -0.153518
641 -0.183047
642 0.066334
643 0.289900
644 -0.109148
645 0.067299
646 0.047210
647 -0.012431
648 0.154513
649 0.078313
650 0.306361
651 0.186361
652 0.173902
653 0.085316
654 0.018496
655 -0.127756
656 0.053042
657 0.051799
658 -0.187255
659 -0.068830
660 -0.027266
661 0.099336
662 -0.008336
663 -0.266030
664 0.057060
665 0.417835
666 0.178061
667 0.054698
668 0.066512
669 -0.069038
670 0.203054
671 0.225144
672 0.150512
673 -0.160662
674 -0.037397
675 0.163090
676 0.031535
677 -0.030684
678 -0.171337
679 -0.025074
680 -0.012242
681 0.059082
682 -0.296671
683 -0.077339
684 -0.012188
685 -0.170029
686 -0.271438
687 0.227324
688 -0.237693
689 -0.163105
690 0.104587
691 -0.008106
692 -0.263999
693 -0.090545
694 -0.113328
695 -0.220455
696 0.016749
697 -0.107137
698 -0.093275
699 -0.231481
700 0.021372
701 0.022311
702 0.159216
703 -0.026929
704 -0.349845
705 -0.212479
706 0.013829
707 0.080672
708 0.072812
709 0.093551
710 -0.128936
711 0.038224
712 -0.114203
713 0.080749
714 0.223096
715 -0.243849
716 -0.077900
717 -0.064934
718 -0.038281
719 -0.294424
720 -0.130036
721 -0.121335
722 0.013375
723 0.040005
724 0.024818
725 -0.122239
726 -0.177820
727 -0.277000
728 -0.120808
729 0.059300
730 -0.278360
731 -0.199482
732 -0.086578
733 0.238137
734 -0.209232
735 -0.165624
736 0.036410
737 0.232467
738 0.186261
739 -0.014430
740 -0.073305
741 -0.171851
742 -0.202453
743 0.070042
744 0.319476
745 -0.176173
746 0.094555
747 0.054438
748 -0.004821
749 0.068088
750 0.295238
751 0.068239
752 0.210896
753 0.140471
754 0.256056
755 0.231206
756 0.043027
757 -0.110569
758 0.030445
759 -0.046305
760 -0.168055
761 0.153868
762 0.097526
763 0.287781
764 -0.071519
765 0.289553
766 0.068686
767 -0.276879
768 -0.203285
769 0.015403
770 -0.204745
771 0.229305
772 0.072846
773 -0.055259
774 0.246174
775 -0.136869
776 0.003940
777 -0.179024
778 0.051224
779 -0.142688
780 -0.065775
781 0.134322
782 0.211073
783 0.091718
784 -0.188520
785 0.139454
786 -0.238592
787 0.118121
788 -0.144288
789 0.162193
790 0.241866
791 -0.106197
792 -0.037927
793 -0.051455
794 -0.061665
795 0.177581
796 0.045189
797 0.192048
798 0.006857
799 0.198227
800 0.079655
801 0.052982
802 0.025872
803 -0.314323
804 0.000996
805 0.096407
806 -0.130029
807 -0.128951
808 0.351369
809 0.084489
810 -0.198071
811 -0.296726
812 -0.173934
813 -0.072713
814 0.089741
815 -0.185523
816 0.137372
817 0.240418
818 -0.074681
819 0.221774
820 -0.282586
821 0.024275
822 0.101657
823 0.335067
824 -0.200127
825 -0.116218
826 -0.045547
827 0.025743
828 0.013348
829 -0.016014
830 -0.055050
831 0.224108
832 0.054709
833 -0.076305
834 -0.295236
835 0.023819
836 0.174677
837 0.005259
838 0.242569
839 -0.230715
840 0.021174
841 -0.108973
842 0.022040
843 0.222875
844 -0.206532
845 0.187491
846 0.046620
847 -0.289755
848 0.187520
849 -0.117991
850 0.082022
851 -0.005803
852 0.147333
853 0.003951
854 -0.027941
855 0.074102
856 -0.153742
857 0.213690
858 0.285263
859 -0.019175
860 -0.271825
861 -0.061739
862 -0.064783
863 -0.050470
864 -0.083037
865 0.266891
866 0.121151
867 0.075649
868 -0.075485
869 0.008942
870 -0.158615
871 -0.243446
872 -0.106425
873 0.216378
874 -0.103145
875 -0.390584
876 0.366519
877 -0.085557
878 -0.176111
879 0.011440
880 -0.031516
881 0.114482
882 -0.139280
883 -0.234075
884 -0.196534
885 0.029390
886 -0.077174
887 -0.203107
888 -0.383533
889 -0.020072
890 0.089323
891 -0.150683
892 0.089185
893 0.130838
894 0.125349
895 -0.186698
896 0.244048
897 -0.040396
898 -0.065329
899 -0.093000
900 0.006474
901 -0.064958
902 0.078479
903 0.121555
904 0.075158
905 0.067657
906 0.039443
907 0.173886
908 0.266919
909 0.156553
910 0.002074
911 0.027504
912 0.092257
913 0.129654
914 0.018069
915 -0.036531
916 0.007655
917 -0.127772
918 0.135493
919 -0.038333
920 0.157379
921 0.289324
922 0.173943
923 0.127249
924 0.156130
925 0.045221
926 0.045864
927 -0.102330
928 0.040768
929 0.028441
930 -0.160954
931 0.022458
932 -0.197804
933 0.111939
934 -0.203593
935 0.119547
936 -0.023490
937 -0.139805
938 -0.116342
939 -0.133888
940 0.060961
941 -0.403083
942 0.058291
943 -0.368093
944 0.062458
945 -0.034244
946 0.216472
947 0.128186
948 0.289090
949 0.076277
950 -0.069855
951 0.098886
952 -0.074877
953 -0.078402
954 -0.219275
955 0.189645
956 0.224915
957 -0.012593
958 -0.003811
959 0.035440
960 -0.072559
961 0.021520
962 -0.137050
963 0.289852
964 0.220986
965 -0.051202
966 0.014859
967 0.160189
968 0.154165
969 -0.299658
970 0.228439
971 -0.124756
972 0.116120
973 -0.070471
974 0.177703
975 0.179722
976 -0.308168
977 0.070943
978 -0.165188
979 -0.196130
980 -0.130049
981 0.049869
982 0.167763
983 -0.331591
984 0.183994
985 -0.102791
986 -0.332123
987 0.177304
988 0.126810
989 0.058877
990 0.335945
991 -0.394906
992 0.152827
993 0.290755
994 -0.140462
995 0.072308
996 0.271166
997 0.025595
998 0.153921
999 0.097487
1000 0.143502
1001 -0.024746
1002 -0.182812
1003 -0.007388
1004 0.127153
1005 -0.068891
1006 0.427796
1007 -0.185036
1008 -0.068000
1009 -0.166120
1010 0.141829
1011 0.341741
1012 0.214670
1013 -0.198735
1014 0.161714
1015 0.110278
1016 0.110561
1017 -0.098182
1018 0.065758
1019 0.131196
1020 0.078090
1021 0.268198
1022 -0.063633
1023 0.315791
1024 -0.022401
1025 0.302358
1026 0.317182
1027 0.171842
1028 -0.084499
1029 -0.007885
1030 0.066646
1031 -0.224713
1032 -0.086935
1033 0.310770
1034 -0.012169
1035 -0.312437
1036 -0.145765
1037 -0.006898
1038 -0.211184
1039 0.082945
1040 0.244151
1041 0.115312
1042 -0.190459
1043 -0.127353
1044 0.150657
1045 -0.167117
1046 0.016365
1047 0.048574
1048 0.053912
1049 -0.058690
1050 0.144467
1051 0.240832
1052 0.008883
1053 -0.026245
1054 -0.080678
1055 -0.061378
1056 -0.184185
1057 -0.366426
1058 -0.134321
1059 0.291839
1060 -0.256279
1061 -0.217185
1062 0.044990
1063 0.262145
1064 -0.149790
1065 0.241262
1066 0.040590
1067 0.145642
1068 0.014463
1069 -0.113199
1070 0.047826
1071 0.047712
1072 -0.212617
1073 0.127177
1074 0.120039
1075 0.054051
1076 -0.105119
1077 -0.067394
1078 0.246957
1079 0.114282
1080 -0.027613
1081 -0.131300
1082 -0.254239
1083 -0.064653
1084 -0.029739
1085 0.094548
1086 0.092328
1087 0.000575
1088 -0.213554
1089 -0.061549
1090 0.061874
1091 0.142392
1092 0.099215
1093 0.172171
1094 0.076377
1095 0.056839
1096 0.214119
1097 0.074984
1098 0.049511
1099 0.075930
1100 -0.016530
1101 -0.063288
1102 -0.269526
1103 0.072580
1104 -0.076821
1105 0.028591
1106 0.087753
1107 -0.279116
1108 0.133324
1109 -0.063976
1110 0.126268
1111 -0.123313
1112 -0.191463
1113 0.140071
1114 0.068251
1115 0.140947
1116 -0.023575
1117 0.299735
1118 -0.034003
1119 0.047243
1120 -0.089533
1121 -0.025872
1122 -0.167409
1123 0.147503
1124 -0.359523
1125 0.129340
1126 -0.005944
1127 -0.166074
1128 0.061592
1129 0.022983
1130 -0.184439
1131 -0.090707
1132 0.073685
1133 -0.030513
1134 0.017987
1135 -0.166202
1136 0.002602
1137 -0.319497
1138 -0.174210
1139 -0.348861
1140 0.131840
1141 -0.359492
1142 0.223782
1143 -0.048842
1144 -0.175459
1145 0.065837
1146 0.133110
1147 -0.076750
1148 0.449745
1149 -0.049083
1150 -0.194617
1151 0.049262
1152 -0.083178
1153 0.097397
1154 -0.065459
1155 0.341620
1156 -0.010292
1157 0.003993
1158 -0.220485
1159 -0.066446
1160 0.075215
1161 0.065481
1162 0.165982
1163 -0.130992
1164 0.032197
1165 0.157619
1166 0.117087
1167 0.043742
1168 -0.100634
1169 0.146154
1170 0.123456
1171 0.080015
1172 -0.242001
1173 -0.269798
1174 0.171660
1175 -0.178370
1176 0.107635
1177 -0.307364
1178 0.211695
1179 -0.126364
1180 0.155418
1181 -0.190741
1182 0.063072
1183 -0.134990
1184 0.268160
1185 0.321966
1186 0.147542
1187 -0.058523
1188 0.158586
1189 0.048583
1190 0.032544
1191 0.095239
1192 0.255485
1193 -0.110707
1194 -0.046885
1195 0.093498
1196 0.243171
1197 -0.222802
1198 0.166318
1199 0.267192
1200 -0.099255
1201 0.074894
1202 -0.110325
1203 -0.097471
1204 0.117752
1205 -0.097001
1206 0.128385
1207 0.065936
1208 0.150708
1209 -0.315426
1210 -0.161941
1211 0.007500
1212 0.048398
1213 0.119823
1214 0.170944
1215 0.179165
0 -0.046042
1 0.092963
2 -0.121613
3 -0.263681
4 0.250136
5 -0.132134
6 0.003513
7 0.214924
8 -0.017134
9 -0.141892
10 0.034364
11 0.083242
12 0.107832
13 -0.118961
14 -0.215671
15 -0.056317
16 0.047189
17 -0.057938
18 0.151935
19 -0.057062
20 -0.043183
21 0.090143
22 0.043153
23 -0.182810
24 -0.071421
25 -0.021614
26 -0.058867
27 0.022303
28 -0.023249
29 -0.083780
30 -0.196503
31 0.026189
32 0.029360
33 0.165653
34 -0.056220
35 0.360335
36 0.019270
37 0.145781
38 0.169388
39 -0.115113
40 0.175452
41 -0.080854
42 0.224778
43 0.056681
44 -0.109012
45 0.185649
46 -0.110180
47 -0.060659
48 0.078676
49 -0.016600
50 -0.016904
51 0.106985
52 0.247458
53 -0.083140
54 -0.229016
55 -0.033189
56 -0.040895
57 0.211358
58 -0.014678
59 0.165153
60 -0.124901
61 -0.078614
62 0.016726
63 0.105928
64 -0.086555
65 0.087649
66 0.025284
67 0.182255
68 0.075268
69 0.233127
70 0.037383
71 0.089938
72 0.451860
73 -0.175301
74 0.023961
75 0.070858
76 0.007445
77 0.128491
78 0.046654
79 0.002582
80 0.093589
81 0.361243
82 0.012242
83 0.130504
84 0.114059
85 0.044749
86 0.106664
87 -0.011360
88 0.243002
89 0.027483
90 0.004396
91 -0.212123
92 0.120323
93 0.189408
94 0.185142
95 0.260280
96 -0.248988
97 0.006046
98 0.010263
99 0.001751
100 0.103180
101 -0.091049
102 0.106945
103 -0.269022
104 -0.049972
105 -0.292072
106 0.341334
107 -0.030792
108 -0.135103
109 0.104834
110 -0.153932
111 -0.045570
112 -0.042289
113 0.011242
114 -0.109137
115 0.139913
116 0.053572
117 -0.069617
118 -0.137577
119 -0.021910
120 -0.166035
121 -0.069786
122 -0.124875
123 -0.074584
124 0.076281
125 -0.125211
126 -0.015315
127 -0.070230
128 -0.064041
129 -0.071048
130 -0.171049
131 -0.121545
132 0.120495
133 -0.431895
134 0.012868
135 -0.069134
136 -0.210132
137 -0.072415
138 -0.011639
139 0.154768
140 -0.079574
141 -0.061263
142 0.058531
143 0.007409
144 0.050976
145 -0.011142
146 0.158331
147 0.103065
148 0.075932
149 0.141876
150 0.120923
151 0.128629
152 0.027366
153 0.197495
154 -0.158912
155 0.046123
156 -0.034835
157 -0.024955
158 0.291563
159 0.121534
160 0.014182
161 0.012909
162 -0.021843
163 0.017553
164 -0.061298
165 0.033049
166 0.221244
167 -0.076989
168 0.098411
169 0.196228
170 0.268872
171 0.228719
172 0.226519
173 -0.029249
174 -0.229727
175 0.254445
176 0.138761
177 0.015912
178 -0.131775
179 -0.002960
180 -0.114255
181 0.042528
182 0.048552
183 0.153753
184 0.011361
185 0.153591
186 0.071971
187 0.175644
188 0.068538
189 0.065199
190 0.190597
191 0.145739
192 0.059143
193 0.128008
194 0.079032
195 0.099658
196 0.228377
197 0.033568
198 0.038924
199 0.042549
200 -0.076114
201 -0.038611
202 -0.028206
203 -0.196557
204 0.189325
205 0.033308
206 0.087427
207 0.075487
208 -0.072886
209 0.081298
210 0.077373
211 0.039104
212 -0.072791
213 0.110564
214 0.041729
215 -0.082176
216 0.098501
217 0.009681
218 -0.048846
219 -0.041763
220 -0.033013
221 0.073536
222 -0.074823
223 -0.009887
224 -0.062699
225 -0.310433
226 0.150454
227 0.218360
228 -0.088764
229 0.183421
230 0.388006
231 -0.084093
232 -0.095024
233 0.102245
234 -0.227108
235 -0.178928
236 -0.043520
237 -0.051516
238 -0.037663
239 -0.006087
240 -0.096918
241 -0.115065
242 0.042980
243 0.065850
244 0.336236
245 0.043212
246 0.111753
247 0.278721
248 -0.159408
249 -0.035123
250 0.134280
251 0.385826
252 0.318313
253 0.113819
254 0.000614
255 0.030416
256 0.086016
257 -0.020410
258 0.092078
259 0.346626
260 -0.110497
261 0.189801
262 -0.079781
263 0.467174
264 0.134096
265 0.205764
266 -0.028060
267 0.212540
268 0.070504
269 -0.028352
270 0.122972
271 -0.058566
272 0.187705
273 0.221868
274 0.031679
275 0.100162
276 0.116618
277 0.011152
278 -0.058166
279 0.228206
280 0.123439
281 -0.028763
282 -0.035074
283 -0.157011
284 0.077561
285 0.047279
286 -0.095392
287 -0.039295
288 -0.061050
289 -0.052908
290 -0.118157
291 0.004981
292 -0.129686
293 0.080663
294 0.044313
295 -0.112903
296 -0.044698
297 -0.021258
298 0.171024
299 0.090814
300 -0.132587
301 0.133076
302 0.286361
303 0.070310
304 -0.056599
305 0.101915
306 0.104905
307 -0.103779
308 -0.147040
309 -0.113374
310 -0.055589
311 -0.091941
312 -0.179270
313 -0.304744
314 -0.143481
315 -0.108414
316 -0.035126
317 -0.005762
318 -0.118447
319 -0.058735
320 -0.022472
321 -0.117732
322 -0.213691
323 -0.005491
324 0.094206
325 -0.003318
326 0.003169
327 -0.062621
328 -0.145174
329 -0.105554
330 -0.218218
331 -0.166174
332 -0.141822
333 -0.141824
334 -0.077809
335 -0.000622
336 0.121604
337 0.138708
338 -0.049411
339 -0.104448
340 -0.083318
341 -0.129895
342 0.095688
343 -0.017490
344 -0.058095
345 -0.140675
346 0.231110
347 -0.100264
348 -0.093416
349 -0.043467
350 0.137759
351 0.365964
352 -0.051753
353 0.068297
354 0.018545
355 0.176847
356 -0.243172
357 -0.211548
358 -0.074705
359 0.017222
360 0.284476
361 -0.029573
362 0.047099
363 -0.131971
364 -0.009773
365 -0.025139
366 -0.148202
367 -0.023862
368 -0.236427
369 -0.041142
370 0.066801
371 -0.095686
372 -0.123447
373 -0.067809
374 -0.022614
375 0.283492
376 -0.037593
377 0.004776
378 -0.075535
379 0.023286
380 -0.071503
381 -0.116680
382 -0.173147
383 -0.002455
384 -0.171729
385 -0.014210
386 -0.067093
387 -0.093003
388 0.012894
389 -0.140138
390 0.035174
391 -0.074149
392 0.035571
393 -0.010170
394 -0.151167
395 -0.030701
396 -0.113104
397 -0.191583
398 -0.053902
399 -0.085784
400 -0.067480
401 -0.086321
402 -0.109744
403 -0.189105
404 0.179910
405 -0.061318
406 0.014262
407 -0.127914
408 -0.050450
409 -0.123131
410 -0.025984
411 0.039078
412 -0.142901
413 -0.040963
414 0.075641
415 0.040985
416 -0.225349
417 -0.120145
418 0.036990
419 -0.044546
420 0.065070
421 0.006766
422 -0.067095
423 0.000152
424 0.090497
425 0.197180
426 0.246255
427 0.025728
428 -0.033425
429 0.061692
430 0.145867
431 0.228688
432 -0.086119
433 0.048405
434 0.070313
435 -0.143292
436 0.033681
437 -0.045845
438 -0.167062
439 -0.046583
440 -0.081669
441 -0.241484
442 -0.223074
443 -0.169788
444 0.114585
445 0.039719
446 0.136463
447 0.043336
448 0.163804
449 0.057314
450 0.086056
451 -0.042762
452 -0.033749
453 0.106921
454 0.040044
455 0.160166
456 0.077784
457 -0.197636
458 0.160119
459 0.016246
460 -0.177112
461 -0.122275
462 -0.122227
463 0.166688
464 -0.002286
465 0.082109
466 0.144735
467 -0.081855
468 0.047735
469 -0.115252
470 -0.007223
471 -0.081328
472 -0.214799
473 0.055572
474 -0.109531
475 0.011239
476 -0.139695
477 0.018811
478 0.096906
479 0.064738
480 -0.005814
481 0.095140
482 -0.064572
483 -0.097390
484 -0.040759
485 -0.003482
486 -0.088675
487 0.034313
488 -0.095340
489 -0.017078
490 -0.046702
491 -0.012104
492 -0.155901
493 -0.004405
494 0.064803
495 0.109625
496 0.062869
497 -0.045505
498 -0.112906
499 0.039396
500 0.115872
501 -0.004390
502 -0.020171
503 0.095189
504 -0.020316
505 -0.082614
506 -0.024389
507 0.057159
508 0.039346
509 0.035167
510 0.115734
511 -0.113304
512 -0.100722
513 0.088693
514 -0.198742
515 -0.013680
516 -0.078416
517 -0.071686
518 -0.118341
519 -0.045498
520 -0.170841
521 -0.135864
522 -0.129019
523 0.030465
524 -0.028234
525 -0.133082
526 -0.068250
527 -0.100756
528 -0.222087
529 -0.009419
530 -0.102410
531 0.085705
532 -0.035913
533 0.166376
534 -0.038478
535 0.101916
536 0.138547
537 0.020776
538 0.024794
539 0.193277
540 -0.035219
541 0.025211
542 0.008737
543 -0.062857
544 -0.038566
545 -0.083791
546 -0.034727
547 0.049352
548 -0.011506
549 -0.059844
550 -0.056365
551 0.050830
552 0.040286
553 -0.168632
554 -0.240373
555 -0.007611
556 0.025258
557 -0.179492
558 -0.052254
559 0.010910
560 0.043590
561 -0.056788
562 0.203439
563 0.085313
564 0.052486
565 -0.051664
566 0.071488
567 0.065547
568 -0.092814
569 -0.133739
570 -0.111695
571 -0.210092
572 -0.071503
573 -0.115408
574 -0.074390
575 0.248533
576 0.113860
577 0.177863
578 0.398802
579 0.119704
580 0.236361
581 -0.070654
582 0.161093
583 0.121589
584 0.002247
585 0.116362
586 -0.094157
587 0.079637
588 -0.156705
589 0.066504
590 0.062485
591 0.226556
592 -0.002682
593 0.154388
594 -0.006521
595 0.010565
596 0.168018
597 0.122387
598 -0.009100
599 -0.054728
600 -0.100729
601 -0.166897
602 0.003557
603 -0.218056
604 0.026481
605 -0.241306
606 -0.037500
607 0.043206
608 0.284249
609 -0.129008
610 -0.147132
611 0.176293
612 0.451489
613 0.262073
614 0.237010
615 0.040524
616 -0.098770
617 -0.108038
618 -0.055944
619 -0.125801
620 -0.014655
621 -0.107796
622 -0.114188
623 0.028991
624 0.086295
625 0.073599
626 0.172037
627 -0.232279
628 0.084605
629 0.242885
630 0.111493
631 0.057614
632 0.343855
633 0.283468
634 0.027728
635 0.237060
636 0.024297
637 -0.118551
638 0.288983
639 0.053260
640 -0.006252
641 0.004852
642 -0.057786
643 -0.096052
644 -0.010890
645 0.088320
646 0.173907
647 0.190180
648 0.173648
649 0.012791
650 0.177336
651 -0.096977
652 0.052891
653 0.083189
654 0.079222
655 0.175769
656 -0.202173
657 0.321607
658 -0.144143
659 -0.094267
660 0.156706
661 0.110068
662 -0.016715
663 0.107800
664 0.028232
665 0.328058
666 0.225814
667 0.009101
668 0.103532
669 0.125276
670 -0.031977
671 0.017661
672 0.054599
673 0.097415
674 0.016302
675 -0.010503
676 -0.117736
677 -0.049621
678 -0.137519
679 -0.091605
680 -0.104664
681 0.318433
682 0.321551
683 0.014156
684 0.084028
685 -0.099426
686 -0.087252
687 -0.233099
688 0.314145
689 -0.019456
690 -0.096656
691 -0.184142
692 0.051694
693 -0.011075
694 0.313615
695 -0.005132
696 -0.072206
697 0.070264
698 0.101150
699 -0.000782
700 0.051673
701 0.103213
702 -0.064860
703 0.264410
704 0.309055
705 -0.015140
706 0.234655
707 -0.072865
708 0.223000
709 0.153855
710 -0.056285
711 0.049751
712 -0.078465
713 0.202314
714 -0.132250
715 -0.055901
716 -0.281027
717 -0.041130
718 0.006698
719 0.272442
720 0.064068
721 0.133020
722 0.481067
723 0.112071
724 0.042308
725 -0.138468
726 -0.207613
727 -0.278959
728 0.011979
729 0.012213
730 0.152067
731 -0.071100
732 -0.181243
733 0.271739
734 -0.016770
735 0.140696
736 0.187771
737 0.312780
738 -0.116392
739 -0.220684
740 0.051398
741 0.178626
742 -0.170372
743 0.056951
744 -0.023835
745 -0.134662
746 0.122046
747 0.089626
748 0.243648
749 -0.005627
750 0.314824
751 0.221695
752 0.148977
753 -0.012386
754 -0.018320
755 -0.236816
756 -0.147655
757 -0.149424
758 -0.212856
759 0.184610
760 -0.399302
761 0.336322
762 -0.171114
763 -0.016882
764 0.165391
765 -0.013926
766 -0.056109
767 -0.106740
768 0.145860
769 -0.039725
770 -0.314411
771 -0.325755
772 -0.284947
773 -0.009508
774 0.021641
775 0.173903
776 0.093424
777 -0.282780
778 0.043584
779 0.195980
780 -0.045662
781 -0.187763
782 -0.069918
783 -0.056801
784 0.057635
785 -0.024444
786 0.273201
787 0.225041
788 0.247644
789 -0.035117
790 -0.068374
791 -0.075785
792 -0.043313
793 -0.165530
794 -0.038654
795 -0.169287
796 0.270968
797 0.076980
798 -0.020187
799 -0.279295
800 0.286580
801 0.226595
802 0.157869
803 0.212795
804 -0.045859
805 0.329642
806 0.179694
807 -0.003818
808 0.046195
809 -0.001598
810 0.131921
811 -0.009263
812 -0.276871
813 0.203343
814 0.028788
815 -0.006071
816 -0.104127
817 -0.046211
818 -0.089362
819 -0.387055
820 -0.210357
821 -0.014503
822 0.191850
823 0.259318
824 -0.275019
825 0.025013
826 0.008583
827 -0.189141
828 -0.042369
829 -0.053834
830 0.177364
831 -0.048005
832 0.028031
833 0.000515
834 0.062469
835 -0.219015
836 -0.169883
837 -0.200967
838 0.054918
839 0.189719
840 0.103388
841 0.009670
842 -0.108456
843 -0.133279
844 -0.174048
845 -0.098721
846 0.062482
847 0.000536
848 0.166213
849 0.246149
850 -0.064238
851 0.063526
852 0.272490
853 -0.009174
854 -0.215862
855 0.134275
856 0.072657
857 0.141412
858 0.089501
859 0.244105
860 -0.335232
861 -0.026558
862 0.124395
863 0.149167
864 0.149444
865 -0.011597
866 -0.128319
867 -0.161205
868 -0.312573
869 0.028831
870 0.046902
871 -0.077988
872 -0.257180
873 0.056550
874 0.255031
875 -0.019075
876 -0.209062
877 -0.020058
878 0.067383
879 0.264121
880 0.192987
881 0.114503
882 0.134081
883 0.248761
884 0.133276
885 0.132082
886 0.158027
887 0.238887
888 -0.075426
889 0.211524
890 -0.126484
891 0.239438
892 0.208637
893 0.003042
894 -0.122191
895 0.100973
896 0.061596
897 0.280321
898 0.093833
899 -0.162954
900 0.102245
901 0.012339
902 -0.071670
903 0.018948
904 0.056866
905 0.345554
906 0.193638
907 0.158751
908 -0.022004
909 0.117758
910 0.104565
911 0.363867
912 -0.053869
913 -0.084474
914 -0.132025
915 -0.276366
916 0.041020
917 0.127597
918 -0.138384
919 -0.288633
920 -0.175930
921 -0.099560
922 0.023055
923 0.074609
924 -0.181964
925 -0.115878
926 -0.164290
927 0.102236
928 0.096540
929 0.194693
930 0.135216
931 -0.170621
932 0.098728
933 0.127247
934 -0.073167
935 -0.126299
936 -0.085953
937 -0.220347
938 0.072678
939 0.033470
940 0.365455
941 0.190291
942 0.234390
943 0.113438
944 0.094876
945 0.061355
946 0.231037
947 -0.332612
948 -0.365564
949 -0.021335
950 0.283324
951 -0.058381
952 -0.090785
953 0.305299
954 0.073738
955 -0.287687
956 0.045866
957 -0.051327
958 -0.193040
959 0.135674
960 -0.024518
961 0.054419
962 -0.052730
963 0.133036
964 -0.049294
965 -0.205681
966 -0.057507
967 0.019024
968 0.048209
969 0.352943
970 0.065234
971 0.052197
972 0.092642
973 0.000692
974 0.225089
975 -0.010206
976 0.028328
977 0.182241
978 0.135806
979 -0.206416
980 -0.225144
981 -0.138679
982 0.076989
983 -0.199015
984 0.155543
985 -0.133368
986 0.013523
987 -0.060328
988 -0.011423
989 -0.077307
990 0.013342
991 -0.191155
992 -0.185285
993 0.135027
994 -0.073998
995 0.169393
996 0.128050
997 -0.299224
998 0.078220
999 0.079469
1000 0.268229
1001 -0.272452
1002 0.115654
1003 -0.053470
1004 0.182076
1005 -0.107395
1006 -0.016530
1007 0.152583
1008 0.129358
1009 -0.038089
1010 0.135251
1011 -0.204374
1012 -0.097650
1013 0.210601
1014 0.130900
1015 -0.108275
1016 0.017559
1017 -0.133096
1018 -0.011992
1019 0.195580
1020 -0.110906
1021 0.160284
1022 -0.076295
1023 -0.279280
1024 0.052110
1025 0.198950
1026 0.018667
1027 0.023001
1028 0.035553
1029 0.022390
1030 -0.210219
1031 0.016879
1032 0.043787
1033 -0.015417
1034 0.144658
1035 -0.110025
1036 -0.219537
1037 0.316705
1038 -0.082056
1039 0.193405
1040 0.205794
1041 0.063530
1042 0.087793
1043 -0.180338
1044 0.078812
1045 -0.002073
1046 -0.232577
1047 -0.033244
1048 -0.064653
1049 -0.132976
1050 0.178331
1051 0.119379
1052 -0.005998
1053 0.137284
1054 0.193597
1055 0.065322
1056 0.032097
1057 0.018339
1058 -0.171287
1059 -0.105238
1060 0.144233
1061 0.080337
1062 0.043730
1063 -0.262356
1064 -0.010725
1065 -0.144492
1066 0.074449
1067 0.090859
1068 -0.182689
1069 -0.190009
1070 -0.005079
1071 -0.054438
1072 0.118943
1073 -0.106249
1074 0.393535
1075 0.297262
1076 0.050734
1077 0.073292
1078 -0.065018
1079 0.085650
1080 0.089076
1081 0.035605
1082 0.081747
1083 -0.071107
1084 0.185224
1085 -0.012068
1086 0.183492
1087 0.086207
1088 -0.087529
1089 0.269138
1090 -0.120260
1091 0.041846
1092 0.270985
1093 -0.284581
1094 -0.113876
1095 0.092789
1096 0.079234
1097 0.201702
1098 0.388002
1099 0.153924
1100 0.299635
1101 0.111434
1102 0.126400
1103 -0.280033
1104 -0.129914
1105 -0.037431
1106 0.023905
1107 0.061608
1108 0.341063
1109 0.168771
1110 -0.079341
1111 0.040365
1112 0.058955
1113 0.171905
1114 -0.071452
1115 0.320653
1116 -0.206174
1117 -0.073722
1118 0.095784
1119 0.097137
1120 0.197115
1121 -0.051865
1122 0.046236
1123 0.074710
1124 -0.250246
1125 0.317296
1126 0.015759
1127 -0.002912
1128 -0.008324
1129 -0.021438
1130 0.039614
1131 -0.021214
1132 -0.122602
1133 -0.218802
1134 -0.211928
1135 0.093639
1136 0.014200
1137 -0.044509
1138 -0.077435
1139 -0.084029
1140 -0.130396
1141 -0.157438
1142 0.098291
1143 -0.067504
1144 -0.164413
1145 0.176314
1146 -0.130338
1147 -0.168119
1148 -0.047205
1149 0.179619
1150 0.117333
1151 0.032061
1152 0.166061
1153 0.216524
1154 0.331910
1155 0.300688
1156 0.410503
1157 0.127149
1158 0.182009
1159 -0.149958
1160 -0.128573
1161 -0.175500
1162 -0.366149
1163 0.031293
1164 0.060070
1165 -0.105268
1166 -0.221809
1167 -0.004434
1168 0.125189
1169 0.240405
1170 0.026389
1171 0.067977
1172 -0.008913
1173 0.164846
1174 0.096378
1175 0.011779
1176 -0.046153
1177 0.349922
1178 0.010040
1179 -0.200256
1180 -0.038063
1181 0.021242
1182 0.025620
1183 -0.205251
1184 -0.296664
1185 0.190036
1186 0.125538
1187 0.013176
1188 -0.039491
1189 0.136016
1190 0.314741
1191 0.013868
1192 -0.122064
1193 0.243567
1194 0.092322
1195 0.081939
1196 0.288287
1197 -0.118187
1198 0.215456
1199 0.021238
1200 0.020851
1201 0.208632
1202 0.103707
1203 0.042242
1204 0.156004
1205 0.080373
1206 0.087324
1207 -0.129433
1208 0.094378
1209 -0.030325
1210 0.148098
1211 0.261613
1212 -0.351578
1213 0.033711
1214 -0.328471
1215 0.137936
1216 -0.259142
1217 0.155244
1218 0.117119
1219 -0.038169
1220 0.176981
1221 0.098355
1222 -0.144058
1223 0.133565
0 -0.046042
1 0.092963
2 -0.121613
3 -0.263681
4 0.250136
5 -0.132134
6 0.003513
7 0.214924
8 -0.017134
9 -0.141892
10 0.034364
11 0.083242
12 0.107832
13 -0.118961
14 -0.215671
15 -0.056317
16 0.047189
17 -0.057938
18 0.151935
19 -0.057062
20 -0.043183
21 0.090143
22 0.043153
23 -0.182810
24 -0.071421
25 -0.021614
26 -0.058867
27 0.022303
28 -0.023249
29 -0.083780
30 -0.196503
31 0.026189
32 0.029360
33 0.165653
34 -0.056220
35 0.360335
36 0.019270
37 0.145781
38 0.169388
39 -0.115113
40 0.175452
41 -0.080854
42 0.224778
43 0.056681
44 -0.109012
45 0.185649
46 -0.110180
47 -0.060659
48 0.078676
49 -0.016600
50 -0.016904
51 0.106985
52 0.247458
53 -0.083140
54 -0.229016
55 -0.033189
56 -0.040895
57 0.211358
58 -0.014678
59 0.165153
60 -0.124901
61 -0.078614
62 0.016726
63 0.105928
64 -0.086555
65 0.087649
66 0.025284
67 0.182255
68 0.075268
69 0.233127
70 0.037383
71 0.089938
72 0.451860
73 -0.175301
74 0.023961
75 0.070858
76 0.007445
77 0.128491
78 0.046654
79 0.002582
80 0.093589
81 0.361243
82 0.012242
83 0.130504
84 0.114059
85 0.044749
86 0.106664
87 -0.011360
88 0.243002
89 0.027483
90 0.004396
91 -0.212123
92 0.120323
93 0.189408
94 0.185142
95 0.260280
96 -0.248988
97 0.006046
98 0.010263
99 0.001751
100 0.103180
101 -0.091049
102 0.106945
103 -0.269022
104 -0.049972
105 -0.292072
106 0.341334
107 -0.030792
108 -0.135103
109 0.104834
110 -0.153932
111 -0.045570
112 -0.042289
113 0.011242
114 -0.109137
115 0.139913
116 0.053572
117 -0.069617
118 -0.137577
119 -0.021910
120 -0.166035
121 -0.069786
122 -0.124875
123 -0.074584
124 0.076281
125 -0.125211
126 -0.015315
127 -0.070230
128 -0.064041
129 -0.071048
130 -0.171049
131 -0.121545
132 0.120495
133 -0.431895
134 0.012868
135 -0.069134
136 -0.210132
137 -0.072415
138 -0.011639
139 0.154768
140 -0.079574
141 -0.061263
142 0.058531
143 0.007409
144 0.050976
145 -0.011142
146 0.158331
147 0.103065
148 0.075932
149 0.141876
150 0.120923
151 0.128629
152 0.027366
153 0.197495
154 -0.158912
155 0.046123
156 -0.034835
157 -0.024955
158 0.291563
159 0.121534
160 0.014182
161 0.012909
162 -0.021843
163 0.017553
164 -0.061298
165 0.033049
166 0.221244
167 -0.076989
168 0.098411
169 0.196228
170 0.268872
171 0.228719
172 0.226519
173 -0.029249
174 -0.229727
175 0.254445
176 0.138761
177 0.015912
178 -0.131775
179 -0.002960
180 -0.114255
181 0.042528
182 0.048552
183 0.153753
184 0.011361
185 0.153591
186 0.071971
187 0.175644
188 0.068538
189 0.065199
190 0.190597
191 0.145739
192 0.059143
193 0.128008
194 0.079032
195 0.099658
196 0.228377
197 0.033568
198 0.038924
199 0.042549
200 -0.076114
201 -0.038611
202 -0.028206
203 -0.196557
204 0.189325
205 0.033308
206 0.087427
207 0.075487
208 -0.072886
209 0.081298
210 0.077373
211 0.039104
212 -0.072791
213 0.110564
214 0.041729
215 -0.082176
216 0.098501
217 0.009681
218 -0.048846
219 -0.041763
220 -0.033013
221 0.073536
222 -0.074823
223 -0.009887
224 -0.062699
225 -0.310433
226 0.150454
227 0.218360
228 -0.088764
229 0.183421
230 0.388006
231 -0.084093
232 -0.095024
233 0.102245
234 -0.227108
235 -0.178928
236 -0.043520
237 -0.051516
238 -0.037663
239 -0.006087
240 -0.096918
241 -0.115065
242 0.042980
243 0.065850
244 0.336236
245 0.043212
246 0.111753
247 0.278721
248 -0.159408
249 -0.035123
250 0.134280
251 0.385826
252 0.318313
253 0.113819
254 0.000614
255 0.030416
256 0.086016
257 -0.020410
258 0.092078
259 0.346626
260 -0.110497
261 0.189801
262 -0.079781
263 0.467174
264 0.134096
265 0.205764
266 -0.028060
267 0.212540
268 0.070504
269 -0.028352
270 0.122972
271 -0.058566
272 0.187705
273 0.221868
274 0.031679
275 0.100162
276 0.116618
277 0.011152
278 -0.058166
279 0.228206
280 0.123439
281 -0.028763
282 -0.035074
283 -0.157011
284 0.077561
285 0.047279
286 -0.095392
287 -0.039295
288 -0.061050
289 -0.052908
290 -0.118157
291 0.004981
292 -0.129686
293 0.080663
294 0.044313
295 -0.112903
296 -0.044698
297 -0.021258
298 0.171024
299 0.090814
300 -0.132587
301 0.133076
302 0.286361
303 0.070310
304 -0.056599
305 0.101915
306 0.104905
307 -0.103779
308 -0.147040
309 -0.113374
310 -0.055589
311 -0.091941
312 -0.179270
313 -0.304744
314 -0.143481
315 -0.108414
316 -0.035126
317 -0.005762
318 -0.118447
319 -0.058735
320 -0.022472
321 -0.117732
322 -0.213691
323 -0.005491
324 0.094206
325 -0.003318
326 0.003169
327 -0.062621
328 -0.145174
329 -0.105554
330 -0.218218
331 -0.166174
332 -0.141822
333 -0.141824
334 -0.077809
335 -0.000622
336 0.121604
337 0.138708
338 -0.049411
339 -0.104448
340 -0.083318
341 -0.129895
342 0.095688
343 -0.017490
344 -0.058095
345 -0.140675
346 0.231110
347 -0.100264
348 -0.093416
349 -0.043467
350 0.137759
351 0.365964
352 -0.051753
353 0.068297
354 0.018545
355 0.176847
356 -0.243172
357 -0.211548
358 -0.074705
359 0.017222
360 0.284476
361 -0.029573
362 0.047099
363 -0.131971
364 -0.009773
365 -0.025139
366 -0.148202
367 -0.023862
368 -0.236427
369 -0.041142
370 0.066801
371 -0.095686
372 -0.123447
373 -0.067809
374 -0.022614
375 0.283492
376 -0.037593
377 0.004776
378 -0.075535
379 0.023286
380 -0.071503
381 -0.116680
382 -0.173147
383 -0.002455
384 -0.171729
385 -0.014210
386 -0.067093
387 -0.093003
388 0.012894
389 -0.140138
390 0.035174
391 -0.074149
392 0.035571
393 -0.010170
394 -0.151167
395 -0.030701
396 -0.113104
397 -0.191583
398 -0.053902
399 -0.085784
400 -0.067480
401 -0.086321
402 -0.109744
403 -0.189105
404 0.179910
405 -0.061318
406 0.014262
407 -0.127914
408 -0.050450
409 -0.123131
410 -0.025984
411 0.039078
412 -0.142901
413 -0.040963
414 0.075641
415 0.040985
416 -0.225349
417 -0.120145
418 0.036990
419 -0.044546
420 0.065070
421 0.006766
422 -0.067095
423 0.000152
424 0.090497
425 0.197180
426 0.246255
427 0.025728
428 -0.033425
429 0.061692
430 0.145867
431 0.228688
432 -0.086119
433 0.048405
434 0.070313
435 -0.143292
436 0.033681
437 -0.045845
438 -0.167062
439 -0.046583
440 -0.081669
441 -0.241484
442 -0.223074
443 -0.169788
444 0.114585
445 0.039719
446 0.136463
447 0.043336
448 0.163804
449 0.057314
450 0.086056
451 -0.042762
452 -0.033749
453 0.106921
454 0.040044
455 0.160166
456 0.077784
457 -0.197636
458 0.160119
459 0.016246
460 -0.177112
461 -0.122275
462 -0.122227
463 0.166688
464 -0.002286
465 0.082109
466 0.144735
467 -0.081855
468 0.047735
469 -0.115252
470 -0.007223
471 -0.081328
472 -0.214799
473 0.055572
474 -0.109531
475 0.011239
476 -0.139695
477 0.018811
478 0.096906
479 0.064738
480 -0.005814
481 0.095140
482 -0.064572
483 -0.097390
484 -0.040759
485 -0.003482
486 -0.088675
487 0.034313
488 -0.095340
489 -0.017078
490 -0.046702
491 -0.012104
492 -0.155901
493 -0.004405
494 0.064803
495 0.109625
496 0.062869
497 -0.045505
498 -0.112906
499 0.039396
500 0.115872
501 -0.004390
502 -0.020171
503 0.095189
504 -0.020316
505 -0.082614
506 -0.024389
507 0.057159
508 0.039346
509 0.035167
510 0.115734
511 -0.113304
512 -0.100722
513 0.088693
514 -0.198742
515 -0.013680
516 -0.078416
517 -0.071686
518 -0.118341
519 -0.045498
520 -0.170841
521 -0.135864
522 -0.129019
523 0.030465
524 -0.028234
525 -0.133082
526 -0.068250
527 -0.100756
528 -0.222087
529 -0.009419
530 -0.102410
531 0.085705
532 -0.035913
533 0.166376
534 -0.038478
535 0.101916
536 0.138547
537 0.020776
538 0.024794
539 0.193277
540 -0.035219
541 0.025211
542 0.008737
543 -0.062857
544 -0.038566
545 -0.083791
546 -0.034727
547 0.049352
548 -0.011506
549 -0.059844
550 -0.056365
551 0.050830
552 0.040286
553 -0.168632
554 -0.240373
555 -0.007611
556 0.025258
557 -0.179492
558 -0.052254
559 0.010910
560 0.043590
561 -0.056788
562 0.203439
563 0.085313
564 0.052486
565 -0.051664
566 0.071488
567 0.065547
568 -0.092814
569 -0.133739
570 -0.111695
571 -0.210092
572 -0.071503
573 -0.115408
574 -0.074390
575 0.248533
576 0.113860
577 0.177863
578 0.398802
579 0.119704
580 0.236361
581 -0.070654
582 0.161093
583 0.121589
584 0.002247
585 0.116362
586 -0.094157
587 0.079637
588 -0.156705
589 0.066504
590 0.062485
591 0.226556
592 -0.002682
593 0.154388
594 -0.006521
595 0.010565
596 0.168018
597 0.122387
598 -0.009100
599 -0.054728
600 -0.100729
601 -0.166897
602 0.003557
603 -0.218056
604 0.026481
605 -0.241306
606 -0.037500
607 0.043206
608 0.284249
609 -0.129008
610 -0.147132
611 0.176293
612 0.451489
613 0.262073
614 0.237010
615 0.040524
616 -0.098770
617 -0.108038
618 -0.055944
619 -0.125801
620 -0.014655
621 -0.107796
622 -0.114188
623 0.028991
624 0.086295
625 0.073599
626 0.172037
627 -0.232279
628 0.084605
629 0.242885
630 0.111493
631 0.057614
632 0.343855
633 0.283468
634 0.027728
635 0.237060
636 0.024297
637 -0.118551
638 0.288983
639 0.053260
640 -0.006252
641 0.004852
642 -0.057786
643 -0.096052
644 -0.010890
645 0.088320
646 0.173907
647 0.190180
648 0.173648
649 0.012791
650 0.177336
651 -0.096977
652 0.052891
653 0.083189
654 0.079222
655 0.175769
656 -0.202173
657 0.321607
658 -0.144143
659 -0.094267
660 0.156706
661 0.110068
662 -0.016715
663 0.107800
664 0.028232
665 0.328058
666 0.225814
667 0.009101
668 0.103532
669 0.125276
670 -0.031977
671 0.017661
672 0.054599
673 0.097415
674 0.016302
675 -0.010503
676 -0.117736
677 -0.049621
678 -0.137519
679 -0.091605
680 -0.104664
681 0.318433
682 0.321551
683 0.014156
684 0.084028
685 -0.099426
686 -0.087252
687 -0.233099
688 0.314145
689 -0.019456
690 -0.096656
691 -0.184142
692 0.051694
693 -0.011075
694 0.313615
695 -0.005132
696 -0.072206
697 0.070264
698 0.101150
699 -0.000782
700 0.051673
701 0.103213
702 -0.064860
703 0.264410
704 0.309055
705 -0.015140
706 0.234655
707 -0.072865
708 0.223000
709 0.153855
710 -0.056285
711 0.049751
712 -0.078465
713 0.202314
714 -0.132250
715 -0.055901
716 -0.281027
717 -0.041130
718 0.006698
719 0.272442
720 0.064068
721 0.133020
722 0.481067
723 0.112071
724 0.042308
725 -0.138468
726 -0.207613
727 -0.278959
728 0.011979
729 0.012213
730 0.152067
731 -0.071100
732 -0.181243
733 0.271739
734 -0.016770
735 0.140696
736 0.187771
737 0.312780
738 -0.116392
739 -0.220684
740 0.051398
741 0.178626
742 -0.170372
743 0.056951
744 -0.023835
745 -0.134662
746 0.122046
747 0.089626
748 0.243648
749 -0.005627
750 0.314824
751 0.221695
752 0.148977
753 -0.012386
754 -0.018320
755 -0.236816
756 -0.147655
757 -0.149424
758 -0.212856
759 0.184610
760 -0.399302
761 0.336322
762 -0.171114
763 -0.016882
764 0.165391
765 -0.013926
766 -0.056109
767 -0.106740
768 0.145860
769 -0.039725
770 -0.314411
771 -0.325755
772 -0.284947
773 -0.009508
774 0.021641
775 0.173903
776 0.093424
777 -0.282780
778 0.043584
779 0.195980
780 -0.045662
781 -0.187763
782 -0.069918
783 -0.056801
784 0.057635
785 -0.024444
786 0.273201
787 0.225041
788 0.247644
789 -0.035117
790 -0.068374
791 -0.075785
792 -0.043313
793 -0.165530
794 -0.038654
795 -0.169287
796 0.270968
797 0.076980
798 -0.020187
799 -0.279295
800 0.286580
801 0.226595
802 0.157869
803 0.212795
804 -0.045859
805 0.329642
806 0.179694
807 -0.003818
808 0.046195
809 -0.001598
810 0.131921
811 -0.009263
812 -0.276871
813 0.203343
814 0.028788
815 -0.006071
816 -0.104127
817 -0.046211
818 -0.089362
819 -0.387055
820 -0.210357
821 -0.014503
822 0.191850
823 0.259318
824 -0.275019
825 0.025013
826 0.008583
827 -0.189141
828 -0.042369
829 -0.053834
830 0.177364
831 -0.048005
832 0.028031
833 0.000515
834 0.062469
835 -0.219015
836 -0.169883
837 -0.200967
838 0.054918
839 0.189719
840 0.103388
841 0.009670
842 -0.108456
843 -0.133279
844 -0.174048
845 -0.098721
846 0.062482
847 0.000536
848 0.166213
849 0.246149
850 -0.064238
851 0.063526
852 0.272490
853 -0.009174
854 -0.215862
855 0.134275
856 0.072657
857 0.141412
858 0.089501
859 0.244105
860 -0.335232
861 -0.026558
862 0.124395
863 0.149167
864 0.149444
865 -0.011597
866 -0.128319
867 -0.161205
868 -0.312573
869 0.028831
870 0.046902
871 -0.077988
872 -0.257180
873 0.056550
874 0.255031
875 -0.019075
876 -0.209062
877 -0.020058
878 0.067383
879 0.264121
880 0.192987
881 0.114503
882 0.134081
883 0.248761
884 0.133276
885 0.132082
886 0.158027
887 0.238887
888 -0.075426
889 0.211524
890 -0.126484
891 0.239438
892 0.208637
893 0.003042
894 -0.122191
895 0.100973
896 0.061596
897 0.280321
898 0.093833
899 -0.162954
900 0.102245
901 0.012339
902 -0.071670
903 0.018948
904 0.056866
905 0.345554
906 0.193638
907 0.158751
908 -0.022004
909 0.117758
910 0.104565
911 0.363867
912 -0.053869
913 -0.084474
914 -0.132025
915 -0.276366
916 0.041020
917 0.127597
918 -0.138384
919 -0.288633
920 -0.175930
921 -0.099560
922 0.023055
923 0.074609
924 -0.181964
925 -0.115878
926 -0.164290
927 0.102236
928 0.096540
929 0.194693
930 0.135216
931 -0.170621
932 0.098728
933 0.127247
934 -0.073167
935 -0.126299
936 -0.085953
937 -0.220347
938 0.072678
939 0.033470
940 0.365455
941 0.190291
942 0.234390
943 0.113438
944 0.094876
945 0.061355
946 0.231037
947 -0.332612
948 -0.365564
949 -0.021335
950 0.283324
951 -0.058381
952 -0.090785
953 0.305299
954 0.073738
955 -0.287687
956 0.045866
957 -0.051327
958 -0.193040
959 0.135674
960 -0.024518
961 0.054419
962 -0.052730
963 0.133036
964 -0.049294
965 -0.205681
966 -0.057507
967 0.019024
968 0.048209
969 0.352943
970 0.065234
971 0.052197
972 0.092642
973 0.000692
974 0.225089
975 -0.010206
976 0.028328
977 0.182241
978 0.135806
979 -0.206416
980 -0.225144
981 -0.138679
982 0.076989
983 -0.199015
984 0.155543
985 -0.133368
986 0.013523
987 -0.060328
988 -0.011423
989 -0.077307
990 0.013342
991 -0.191155
992 -0.185285
993 0.135027
994 -0.073998
995 0.169393
996 0.128050
997 -0.299224
998 0.078220
999 0.079469
1000 0.268229
1001 -0.272452
1002 0.115654
1003 -0.053470
1004 0.182076
1005 -0.107395
1006 -0.016530
1007 0.152583
1008 0.129358
1009 -0.038089
1010 0.135251
1011 -0.204374
1012 -0.097650
1013 0.210601
1014 0.130900
1015 -0.108275
1016 0.017559
1017 -0.133096
1018 -0.011992
1019 0.195580
1020 -0.110906
1021 0.160284
1022 -0.076295
1023 -0.279280
1024 0.052110
1025 0.198950
1026 0.018667
1027 0.023001
1028 0.035553
1029 0.022390
1030 -0.210219
1031 0.016879
1032 0.043787
1033 -0.015417
1034 0.144658
1035 -0.110025
1036 -0.219537
1037 0.316705
1038 -0.082056
1039 0.193405
1040 0.205794
1041 0.063530
1042 0.087793
1043 -0.180338
1044 0.078812
1045 -0.002073
1046 -0.232577
1047 -0.033244
1048 -0.064653
1049 -0.132976
1050 0.178331
1051 0.119379
1052 -0.005998
1053 0.137284
1054 0.193597
1055 0.065322
1056 0.032097
1057 0.018339
1058 -0.171287
1059 -0.105238
1060 0.144233
1061 0.080337
1062 0.043730
1063 -0.262356
1064 -0.010725
1065 -0.144492
1066 0.074449
1067 0.090859
1068 -0.182689
1069 -0.190009
1070 -0.005079
1071 -0.054438
1072 0.118943
1073 -0.106249
1074 0.393535
1075 0.297262
1076 0.050734
1077 0.073292
1078 -0.065018
1079 0.085650
1080 0.089076
1081 0.035605
1082 0.081747
1083 -0.071107
1084 0.185224
1085 -0.012068
1086 0.183492
1087 0.086207
1088 -0.087529
1089 0.269138
1090 -0.120260
1091 0.041846
1092 0.270985
1093 -0.284581
1094 -0.113876
1095 0.092789
1096 0.079234
1097 0.201702
1098 0.388002
1099 0.153924
1100 0.299635
1101 0.111434
1102 0.126400
1103 -0.280033
1104 -0.129914
1105 -0.037431
1106 0.023905
1107 0.061608
1108 0.341063
1109 0.168771
1110 -0.079341
1111 0.040365
1112 0.058955
1113 0.171905
1114 -0.071452
1115 0.320653
1116 -0.206174
1117 -0.073722
1118 0.095784
1119 0.097137
1120 0.197115
1121 -0.051865
1122 0.046236
1123 0.074710
1124 -0.250246
1125 0.317296
1126 0.015759
1127 -0.002912
1128 -0.008324
1129 -0.021438
1130 0.039614
1131 -0.021214
1132 -0.122602
1133 -0.218802
1134 -0.211928
1135 0.093639
1136 0.014200
1137 -0.044509
1138 -0.077435
1139 -0.084029
1140 -0.130396
1141 -0.157438
1142 0.098291
1143 -0.067504
1144 -0.164413
1145 0.176314
1146 -0.130338
1147 -0.168119
1148 -0.047205
1149 0.179619
1150 0.117333
1151 0.032061
1152 0.166061
1153 0.216524
1154 0.331910
1155 0.300688
1156 0.410503
1157 0.127149
1158 0.182009
1159 -0.149958
1160 -0.128573
1161 -0.175500
1162 -0.366149
1163 0.031293
1164 0.060070
1165 -0.105268
1166 -0.221809
1167 -0.004434
1168 0.125189
1169 0.240405
1170 0.026389
1171 0.067977
1172 -0.008913
1173 0.164846
1174 0.096378
1175 0.011779
1176 -0.046153
1177 0.349922
1178 0.010040
1179 -0.200256
1180 -0.038063
1181 0.021242
1182 0.025620
1183 -0.205251
1184 -0.296664
1185 0.190036
1186 0.125538
1187 0.013176
1188 -0.039491
1189 0.136016
1190 0.314741
1191 0.013868
1192 -0.122064
1193 0.243567
1194 0.092322
1195 0.081939
1196 0.288287
1197 -0.118187
1198 0.215456
1199 0.021238
1200 0.020851
1201 0.208632
1202 0.103707
1203 0.042242
1204 0.156004
1205 0.080373
1206 0.087324
1207 -0.129433
1208 0.094378
1209 -0.030325
1210 0.148098
1211 0.261613
1212 -0.351578
1213 0.033711
1214 -0.328471
1215 0.137936
1216 -0.259142
1217 0.155244
1218 0.117119
1219 -0.038169
1220 0.176981
1221 0.098355
1222 -0.144058
1223 0.133565
0 -0.046042
1 0.092963
2 -0.121613
3 -0.263681
4 0.250136
5 -0.132134
6 0.003513
7 0.214924
8 -0.017134
9 -0.141892
10 0.034364
11 0.083242
12 0.107832
13 -0.118961
14 -0.215671
15 -0.056317
16 0.047189
17 -0.057938
18 0.151935
19 -0.057062
20 -0.043183
21 0.090143
22 0.043153
23 -0.182810
24 -0.071421
25 -0.021614
26 -0.058867
27 0.022303
28 -0.023249
29 -0.083780
30 -0.196503
31 0.026189
32 0.029360
33 0.165653
34 -0.056220
35 0.360335
36 0.019270
37 0.145781
38 0.169388
39 -0.115113
40 0.175452
41 -0.080854
42 0.224778
43 0.056681
44 -0.109012
45 0.185649
46 -0.110180
47 -0.060659
48 0.078676
49 -0.016600
50 -0.016904
51 0.106985
52 0.247458
53 -0.083140
54 -0.229016
55 -0.033189
56 -0.040895
57 0.211358
58 -0.014678
59 0.165153
60 -0.124901
61 -0.078614
62 0.016726
63 0.105928
64 -0.086555
65 0.087649
66 0.025284
67 0.182255
68 0.075268
69 0.233127
70 0.037383
71 0.089938
72 0.451860
73 -0.175301
74 0.023961
75 0.070858
76 0.007445
77 0.128491
78 0.046654
79 0.002582
80 0.093589
81 0.361243
82 0.012242
83 0.130504
84 0.114059
85 0.044749
86 0.106664
87 -0.011360
88 0.243002
89 0.027483
90 0.004396
91 -0.212123
92 0.120323
93 0.189408
94 0.185142
95 0.260280
96 -0.248988
97 0.006046
98 0.010263
99 0.001751
100 0.103180
101 -0.091049
102 0.106945
103 -0.269022
104 -0.049972
105 -0.292072
106 0.341334
107 -0.030792
108 -0.135103
109 0.104834
110 -0.153932
111 -0.045570
112 -0.042289
113 0.011242
114 -0.109137
115 0.139913
116 0.053572
117 -0.069617
118 -0.137577
119 -0.021910
120 -0.166035
121 -0.069786
122 -0.124875
123 -0.074584
124 0.076281
125 -0.125211
126 -0.015315
127 -0.070230
128 -0.064041
129 -0.071048
130 -0.171049
131 -0.121545
132 0.120495
133 -0.431895
134 0.012868
135 -0.069134
136 -0.210132
137 -0.072415
138 -0.011639
139 0.154768
140 -0.079574
141 -0.061263
142 0.058531
143 0.007409
144 0.050976
145 -0.011142
146 0.158331
147 0.103065
148 0.075932
149 0.141876
150 0.120923
151 0.128629
152 0.027366
153 0.197495
154 -0.158912
155 0.046123
156 -0.034835
157 -0.024955
158 0.291563
159 0.121534
160 0.014182
161 0.012909
162 -0.021843
163 0.017553
164 -0.061298
165 0.033049
166 0.221244
167 -0.076989
168 0.098411
169 0.196228
170 0.268872
171 0.228719
172 0.226519
173 -0.029249
174 -0.229727
175 0.254445
176 0.138761
177 0.015912
178 -0.131775
179 -0.002960
180 -0.114255
181 0.042528
182 0.048552
183 0.153753
184 0.011361
185 0.153591
186 0.071971
187 0.175644
188 0.068538
189 0.065199
190 0.190597
191 0.145739
192 0.059143
193 0.128008
194 0.079032
195 0.099658
196 0.228377
197 0.033568
198 0.038924
199 0.042549
200 -0.076114
201 -0.038611
202 -0.028206
203 -0.196557
204 0.189325
205 0.033308
206 0.087427
207 0.075487
208 -0.072886
209 0.081298
210 0.077373
211 0.039104
212 -0.072791
213 0.110564
214 0.041729
215 -0.082176
216 0.098501
217 0.009681
218 -0.048846
219 -0.041763
220 -0.033013
221 0.073536
222 -0.074823
223 -0.009887
224 -0.062699
225 -0.310433
226 0.150454
227 0.218360
228 -0.088764
229 0.183421
230 0.388006
231 -0.084093
232 -0.095024
233 0.102245
234 -0.227108
235 -0.178928
236 -0.043520
237 -0.051516
238 -0.037663
239 -0.006087
240 -0.096918
241 -0.115065
242 0.042980
243 0.065850
244 0.336236
245 0.043212
246 0.111753
247 0.278721
248 -0.159408
249 -0.035123
250 0.134280
251 0.385826
252 0.318313
253 0.113819
254 0.000614
255 0.030416
256 0.086016
257 -0.020410
258 0.092078
259 0.346626
260 -0.110497
261 0.189801
262 -0.079781
263 0.467174
264 0.134096
265 0.205764
266 -0.028060
267 0.212540
268 0.070504
269 -0.028352
270 0.122972
271 -0.058566
272 0.187705
273 0.221868
274 0.031679
275 0.100162
276 0.116618
277 0.011152
278 -0.058166
279 0.228206
280 0.123439
281 -0.028763
282 -0.035074
283 -0.157011
284 0.077561
285 0.047279
286 -0.095392
287 -0.039295
288 -0.061050
289 -0.052908
290 -0.118157
291 0.004981
292 -0.129686
293 0.080663
294 0.044313
295 -0.112903
296 -0.044698
297 -0.021258
298 0.171024
299 0.090814
300 -0.132587
301 0.133076
302 0.286361
303 0.070310
304 -0.056599
305 0.101915
306 0.104905
307 -0.103779
308 -0.147040
309 -0.113374
310 -0.055589
311 -0.091941
312 -0.179270
313 -0.304744
314 -0.143481
315 -0.108414
316 -0.035126
317 -0.005762
318 -0.118447
319 -0.058735
320 -0.022472
321 -0.117732
322 -0.213691
323 -0.005491
324 0.094206
325 -0.003318
326 0.003169
327 -0.062621
328 -0.145174
329 -0.105554
330 -0.218218
331 -0.166174
332 -0.141822
333 -0.141824
334 -0.077809
335 -0.000622
336 0.121604
337 0.138708
338 -0.049411
339 -0.104448
340 -0.083318
341 -0.129895
342 0.095688
343 -0.017490
344 -0.058095
345 -0.140675
346 0.231110
347 -0.100264
348 -0.093416
349 -0.043467
350 0.137759
351 0.365964
352 -0.051753
353 0.068297
354 0.018545
355 0.176847
356 -0.243172
357 -0.211548
358 -0.074705
359 0.017222
360 0.284476
361 -0.029573
362 0.047099
363 -0.131971
364 -0.009773
365 -0.025139
366 -0.148202
367 -0.023862
368 -0.236427
369 -0.041142
370 0.066801
371 -0.095686
372 -0.123447
373 -0.067809
374 -0.022614
375 0.283492
376 -0.037593
377 0.004776
378 -0.075535
379 0.023286
380 -0.071503
381 -0.116680
382 -0.173147
383 -0.002455
384 -0.171729
385 -0.014210
386 -0.067093
387 -0.093003
388 0.012894
389 -0.140138
390 0.035174
391 -0.074149
392 0.035571
393 -0.010170
394 -0.151167
395 -0.030701
396 -0.113104
397 -0.191583
398 -0.053902
399 -0.085784
400 -0.067480
401 -0.086321
402 -0.109744
403 -0.189105
404 0.179910
405 -0.061318
406 0.014262
407 -0.127914
408 -0.050450
409 -0.123131
410 -0.025984
411 0.039078
412 -0.142901
413 -0.040963
414 0.075641
415 0.040985
416 -0.225349
417 -0.120145
418 0.036990
419 -0.044546
420 0.065070
421 0.006766
422 -0.067095
423 0.000152
424 0.090497
425 0.197180
426 0.246255
427 0.025728
428 -0.033425
429 0.061692
430 0.145867
431 0.228688
432 -0.086119
433 0.048405
434 0.070313
435 -0.143292
436 0.033681
437 -0.045845
438 -0.167062
439 -0.046583
440 -0.081669
441 -0.241484
442 -0.223074
443 -0.169788
444 0.114585
445 0.039719
446 0.136463
447 0.043336
448 0.163804
449 0.057314
450 0.086056
451 -0.042762
452 -0.033749
453 0.106921
454 0.040044
455 0.160166
456 0.077784
457 -0.197636
458 0.160119
459 0.016246
460 -0.177112
461 -0.122275
462 -0.122227
463 0.166688
464 -0.002286
465 0.082109
466 0.144735
467 -0.081855
468 0.047735
469 -0.115252
470 -0.007223
471 -0.081328
472 -0.214799
473 0.055572
474 -0.109531
475 0.011239
476 -0.139695
477 0.018811
478 0.096906
479 0.064738
480 -0.005814
481 0.095140
482 -0.064572
483 -0.097390
484 -0.040759
485 -0.003482
486 -0.088675
487 0.034313
488 -0.095340
489 -0.017078
490 -0.046702
491 -0.012104
492 -0.155901
493 -0.004405
494 0.064803
495 0.109625
496 0.062869
497 -0.045505
498 -0.112906
499 0.039396
500 0.115872
501 -0.004390
502 -0.020171
503 0.095189
504 -0.020316
505 -0.082614
506 -0.024389
507 0.057159
508 0.039346
509 0.035167
510 0.115734
511 -0.113304
512 -0.100722
513 0.088693
514 -0.198742
515 -0.013680
516 -0.078416
517 -0.071686
518 -0.118341
519 -0.045498
520 -0.170841
521 -0.135864
522 -0.129019
523 0.030465
524 -0.028234
525 -0.133082
526 -0.068250
527 -0.100756
528 -0.222087
529 -0.009419
530 -0.102410
531 0.085705
532 -0.035913
533 0.166376
534 -0.038478
535 0.101916
536 0.138547
537 0.020776
538 0.024794
539 0.193277
540 -0.035219
541 0.025211
542 0.008737
543 -0.062857
544 -0.038566
545 -0.083791
546 -0.034727
547 0.049352
548 -0.011506
549 -0.059844
550 -0.056365
551 0.050830
552 0.040286
553 -0.168632
554 -0.240373
555 -0.007611
556 0.025258
557 -0.179492
558 -0.052254
559 0.010910
560 0.043590
561 -0.056788
562 0.203439
563 0.085313
564 0.052486
565 -0.051664
566 0.071488
567 0.065547
568 -0.092814
569 -0.133739
570 -0.111695
571 -0.210092
572 -0.071503
573 -0.115408
574 -0.074390
575 0.248533
576 0.113860
577 0.177863
578 0.398802
579 0.119704
580 0.236361
581 -0.070654
582 0.161093
583 0.121589
584 0.002247
585 0.116362
586 -0.094157
587 0.079637
588 -0.156705
589 0.066504
590 0.062485
591 0.226556
592 -0.002682
593 0.154388
594 -0.006521
595 0.010565
596 0.168018
597 0.122387
598 -0.009100
599 -0.054728
600 -0.100729
601 -0.166897
602 0.003557
603 -0.218056
604 0.026481
605 -0.241306
606 -0.037500
607 0.043206
608 0.284249
609 -0.129008
610 -0.147132
611 0.176293
612 0.451489
613 0.262073
614 0.237010
615 0.040524
616 -0.098770
617 -0.108038
618 -0.055944
619 -0.125801
620 -0.014655
621 -0.107796
622 -0.114188
623 0.028991
624 0.086295
625 0.073599
626 0.172037
627 -0.232279
628 0.084605
629 0.242885
630 0.111493
631 0.057614
632 0.343855
633 0.283468
634 0.027728
635 0.237060
636 0.024297
637 -0.118551
638 0.288983
639 0.053260
640 -0.006252
641 0.004852
642 -0.057786
643 -0.096052
644 -0.010890
645 0.088320
646 0.173907
647 0.190180
648 0.173648
649 0.012791
650 0.177336
651 -0.096977
652 0.052891
653 0.083189
654 0.079222
655 0.175769
656 -0.202173
657 0.321607
658 -0.144143
659 -0.094267
660 0.156706
661 0.110068
662 -0.016715
663 0.107800
664 0.028232
665 0.328058
666 0.225814
667 0.009101
668 0.103532
669 0.125276
670 -0.031977
671 0.017661
672 0.054599
673 0.097415
674 0.016302
675 -0.010503
676 -0.117736
677 -0.049621
678 -0.137519
679 -0.091605
680 -0.104664
681 0.318433
682 0.321551
683 0.014156
684 0.084028
685 -0.099426
686 -0.087252
687 -0.233099
688 0.314145
689 -0.019456
690 -0.096656
691 -0.184142
692 0.051694
693 -0.011075
694 0.313615
695 -0.005132
696 -0.072206
697 0.070264
698 0.101150
699 -0.000782
700 0.051673
701 0.103213
702 -0.064860
703 0.264410
704 0.309055
705 -0.015140
706 0.234655
707 -0.072865
708 0.223000
709 0.153855
710 -0.056285
711 0.049751
712 -0.078465
713 0.202314
714 -0.132250
715 -0.055901
716 -0.281027
717 -0.041130
718 0.006698
719 0.272442
720 0.064068
721 0.133020
722 0.481067
723 0.112071
724 0.042308
725 -0.138468
726 -0.207613
727 -0.278959
728 0.011979
729 0.012213
730 0.152067
731 -0.071100
732 -0.181243
733 0.271739
734 -0.016770
735 0.140696
736 0.187771
737 0.312780
738 -0.116392
739 -0.220684
740 0.051398
741 0.178626
742 -0.170372
743 0.056951
744 -0.023835
745 -0.134662
746 0.122046
747 0.089626
748 0.243648
749 -0.005627
750 0.314824
751 0.221695
752 0.148977
753 -0.012386
754 -0.018320
755 -0.236816
756 -0.147655
757 -0.149424
758 -0.212856
759 0.184610
760 -0.399302
761 0.336322
762 -0.171114
763 -0.016882
764 0.165391
765 -0.013926
766 -0.056109
767 -0.106740
768 0.145860
769 -0.039725
770 -0.314411
771 -0.325755
772 -0.284947
773 -0.009508
774 0.021641
775 0.173903
776 0.093424
777 -0.282780
778 0.043584
779 0.195980
780 -0.045662
781 -0.187763
782 -0.069918
783 -0.056801
784 0.057635
785 -0.024444
786 0.273201
787 0.225041
788 0.247644
789 -0.035117
790 -0.068374
791 -0.075785
792 -0.043313
793 -0.165530
794 -0.038654
795 -0.169287
796 0.270968
797 0.076980
798 -0.020187
799 -0.279295
800 0.286580
801 0.226595
802 0.157869
803 0.212795
804 -0.045859
805 0.329642
806 0.179694
807 -0.003818
808 0.046195
809 -0.001598
810 0.131921
811 -0.009263
812 -0.276871
813 0.203343
814 0.028788
815 -0.006071
816 -0.104127
817 -0.046211
818 -0.089362
819 -0.387055
820 -0.210357
821 -0.014503
822 0.191850
823 0.259318
824 -0.275019
825 0.025013
826 0.008583
827 -0.189141
828 -0.042369
829 -0.053834
830 0.177364
831 -0.048005
832 0.028031
833 0.000515
834 0.062469
835 -0.219015
836 -0.169883
837 -0.200967
838 0.054918
839 0.189719
840 0.103388
841 0.009670
842 -0.108456
843 -0.133279
844 -0.174048
845 -0.098721
846 0.062482
847 0.000536
848 0.166213
849 0.246149
850 -0.064238
851 0.063526
852 0.272490
853 -0.009174
854 -0.215862
855 0.134275
856 0.072657
857 0.141412
858 0.089501
859 0.244105
860 -0.335232
861 -0.026558
862 0.124395
863 0.149167
864 0.149444
865 -0.011597
866 -0.128319
867 -0.161205
868 -0.312573
869 0.028831
870 0.046902
871 -0.077988
872 -0.257180
873 0.056550
874 0.255031
875 -0.019075
876 -0.209062
877 -0.020058
878 0.067383
879 0.264121
880 0.192987
881 0.114503
882 0.134081
883 0.248761
884 0.133276
885 0.132082
886 0.158027
887 0.238887
888 -0.075426
889 0.211524
890 -0.126484
891 0.239438
892 0.208637
893 0.003042
894 -0.122191
895 0.100973
896 0.061596
897 0.280321
898 0.093833
899 -0.162954
900 0.102245
901 0.012339
902 -0.071670
903 0.018948
904 0.056866
905 0.345554
906 0.193638
907 0.158751
908 -0.022004
909 0.117758
910 0.104565
911 0.363867
912 -0.053869
913 -0.084474
914 -0.132025
915 -0.276366
916 0.041020
917 0.127597
918 -0.138384
919 -0.288633
920 -0.175930
921 -0.099560
922 0.023055
923 0.074609
924 -0.181964
925 -0.115878
926 -0.164290
927 0.102236
928 0.096540
929 0.194693
930 0.135216
931 -0.170621
932 0.098728
933 0.127247
934 -0.073167
935 -0.126299
936 -0.085953
937 -0.220347
938 0.072678
939 0.033470
940 0.365455
941 0.190291
942 0.234390
943 0.113438
944 0.094876
945 0.061355
946 0.231037
947 -0.332612
948 -0.365564
949 -0.021335
950 0.283324
951 -0.058381
952 -0.090785
953 0.305299
954 0.073738
955 -0.287687
956 0.045866
957 -0.051327
958 -0.193040
959 0.135674
960 -0.024518
961 0.054419
962 -0.052730
963 0.133036
964 -0.049294
965 -0.205681
966 -0.057507
967 0.019024
968 0.048209
969 0.352943
970 0.065234
971 0.052197
972 0.092642
973 0.000692
974 0.225089
975 -0.010206
976 0.028328
977 0.182241
978 0.135806
979 -0.206416
980 -0.225144
981 -0.138679
982 0.076989
983 -0.199015
984 0.155543
985 -0.133368
986 0.013523
987 -0.060328
988 -0.011423
989 -0.077307
990 0.013342
991 -0.191155
992 -0.185285
993 0.135027
994 -0.073998
995 0.169393
996 0.128050
997 -0.299224
998 0.078220
999 0.079469
1000 0.268229
1001 -0.272452
1002 0.115654
1003 -0.053470
1004 0.182076
1005 -0.107395
1006 -0.016530
1007 0.152583
1008 0.129358
1009 -0.038089
1010 0.135251
1011 -0.204374
1012 -0.097650
1013 0.210601
1014 0.130900
1015 -0.108275
1016 0.017559
1017 -0.133096
1018 -0.011992
1019 0.195580
1020 -0.110906
1021 0.160284
1022 -0.076295
1023 -0.279280
1024 0.052110
1025 0.198950
1026 0.018667
1027 0.023001
1028 0.035553
1029 0.022390
1030 -0.210219
1031 0.016879
1032 0.043787
1033 -0.015417
1034 0.144658
1035 -0.110025
1036 -0.219537
1037 0.316705
1038 -0.082056
1039 0.193405
1040 0.205794
1041 0.063530
1042 0.087793
1043 -0.180338
1044 0.078812
1045 -0.002073
1046 -0.232577
1047 -0.033244
1048 -0.064653
1049 -0.132976
1050 0.178331
1051 0.119379
1052 -0.005998
1053 0.137284
1054 0.193597
1055 0.065322
1056 0.032097
1057 0.018339
1058 -0.171287
1059 -0.105238
1060 0.144233
1061 0.080337
1062 0.043730
1063 -0.262356
1064 -0.010725
1065 -0.144492
1066 0.074449
1067 0.090859
1068 -0.182689
1069 -0.190009
1070 -0.005079
1071 -0.054438
1072 0.118943
1073 -0.106249
1074 0.393535
1075 0.297262
1076 0.050734
1077 0.073292
1078 -0.065018
1079 0.085650
1080 0.089076
1081 0.035605
1082 0.081747
1083 -0.071107
1084 0.185224
1085 -0.012068
1086 0.183492
1087 0.086207
1088 -0.087529
1089 0.269138
1090 -0.120260
1091 0.041846
1092 0.270985
1093 -0.284581
1094 -0.113876
1095 0.092789
1096 0.079234
1097 0.201702
1098 0.388002
1099 0.153924
1100 0.299635
1101 0.111434
1102 0.126400
1103 -0.280033
1104 -0.129914
1105 -0.037431
1106 0.023905
1107 0.061608
1108 0.341063
1109 0.168771
1110 -0.079341
1111 0.040365
1112 0.058955
1113 0.171905
1114 -0.071452
1115 0.320653
1116 -0.206174
1117 -0.073722
1118 0.095784
1119 0.097137
1120 0.197115
1121 -0.051865
1122 0.046236
1123 0.074710
1124 -0.250246
1125 0.317296
1126 0.015759
1127 -0.002912
1128 -0.008324
1129 -0.021438
1130 0.039614
1131 -0.021214
1132 -0.122602
1133 -0.218802
1134 -0.211928
1135 0.093639
1136 0.014200
1137 -0.044509
1138 -0.077435
1139 -0.084029
1140 -0.130396
1141 -0.157438
1142 0.098291
1143 -0.067504
1144 -0.164413
1145 0.176314
1146 -0.130338
1147 -0.168119
1148 -0.047205
1149 0.179619
1150 0.117333
1151 0.032061
1152 0.166061
1153 0.216524
1154 0.331910
1155 0.300688
1156 0.410503
1157 0.127149
1158 0.182009
1159 -0.149958
1160 -0.128573
1161 -0.175500
1162 -0.366149
1163 0.031293
1164 0.060070
1165 -0.105268
1166 -0.221809
1167 -0.004434
1168 0.125189
1169 0.240405
1170 0.026389
1171 0.067977
1172 -0.008913
1173 0.164846
1174 0.096378
1175 0.011779
1176 -0.046153
1177 0.349922
1178 0.010040
1179 -0.200256
1180 -0.038063
1181 0.021242
1182 0.025620
1183 -0.205251
1184 -0.296664
1185 0.190036
1186 0.125538
1187 0.013176
1188 -0.039491
1189 0.136016
1190 0.314741
1191 0.013868
1192 -0.122064
1193 0.243567
1194 0.092322
1195 0.081939
1196 0.288287
1197 -0.118187
1198 0.215456
1199 0.021238
1200 0.020851
1201 0.208632
1202 0.103707
1203 0.042242
1204 0.156004
1205 0.080373
1206 0.087324
1207 -0.129433
1208 0.094378
1209 -0.030325
1210 0.148098
1211 0.261613
1212 -0.351578
1213 0.033711
1214 -0.328471
1215 0.137936
1216 -0.259142
1217 0.155244
1218 0.117119
1219 -0.038169
1220 0.176981
1221 0.098355
1222 -0.144058
1223 0.133565
