0 -0.499343
1 -0.248851
2 0.009447
3 0.133377
4 0.044379
5 -0.292754
6 -0.073218
7 0.151339
8 0.473020
9 0.439159
10 0.315721
11 0.589669
12 0.476648
13 0.403677
14 0.646918
15 0.494672
16 0.330906
17 0.479224
18 0.795570
19 0.426867
20 0.503677
21 0.301517
22 0.534526
23 0.525691
24 0.565825
25 0.616451
26 0.757610
27 0.667603
28 0.444994
29 0.494642
30 0.591971
31 0.809692
32 0.597254
33 0.589308
34 0.686369
35 0.427107
36 0.750009
37 0.499221
38 0.412099
39 0.627938
40 0.586804
41 0.541054
42 0.464413
43 0.234241
44 0.559770
45 0.662875
46 0.619871
47 0.762725
48 0.463182
49 0.409578
50 0.501525
51 0.294808
52 0.623457
53 0.748809
54 0.635977
55 0.540261
56 0.701800
57 0.463686
58 0.840853
59 0.485882
60 0.482533
61 0.304932
62 0.381221
63 0.605235
64 0.744474
65 0.477662
66 0.670281
67 0.249829
68 0.602912
69 0.411471
70 0.488757
71 0.565256
72 0.471438
73 0.620894
74 0.414781
75 0.542608
76 0.539159
77 0.571017
78 0.855648
79 0.656379
80 0.517082
81 0.490062
82 0.539987
83 0.259748
84 0.480790
85 0.412912
86 0.353474
87 0.416696
88 0.560862
89 0.564972
90 0.361804
91 0.762755
92 0.468188
93 0.636849
94 0.372536
95 0.292502
96 0.544337
97 0.472466
98 0.356065
99 0.644314
100 0.539290
101 0.373257
102 0.483337
103 0.261808
104 0.518420
105 0.529687
106 0.684139
107 0.613269
108 0.603146
109 0.468145
110 0.737085
111 0.487272
112 0.594674
113 0.458102
114 0.133912
115 0.664583
116 0.550160
117 0.426891
118 0.375191
119 0.344649
120 0.578357
121 0.636613
122 0.564565
123 0.500326
124 0.506886
125 0.624532
126 -0.023294
127 0.564146
128 0.227589
129 0.480291
130 0.749758
131 0.620226
132 0.609703
133 0.628469
134 0.447770
135 0.573764
136 0.284696
137 0.215948
138 0.473446
139 0.592090
140 0.605906
141 0.478291
142 0.410737
143 0.393444
144 0.517537
145 0.591309
146 0.447035
147 0.676511
148 0.652524
149 0.606860
150 0.639669
151 0.744433
152 0.484840
153 0.290961
154 0.725331
155 0.493056
156 0.423637
157 0.363770
158 0.188494
159 0.603857
160 0.550094
161 0.506261
162 0.333776
163 0.567448
164 0.070292
165 0.541590
166 0.612342
167 0.528767
168 0.269192
169 0.309798
170 0.623817
171 0.494733
172 0.495011
173 0.442067
174 0.547479
175 0.328691
176 0.341339
177 0.770491
178 0.700854
179 0.818183
180 0.124618
181 0.342612
182 0.481921
183 0.739566
184 0.688219
185 0.574777
186 0.598719
187 0.698258
188 0.678637
189 0.752538
190 0.830787
191 0.792699
192 0.676982
193 0.705128
194 0.853704
195 0.706961
196 0.684062
197 0.665589
198 0.676655
199 0.701292
200 0.597791
201 0.686455
202 0.581367
203 0.716141
204 0.520556
205 0.625652
206 0.668859
207 0.722434
208 0.483565
209 0.614912
210 0.680337
211 0.476048
212 0.344118
213 0.634813
214 0.630374
215 0.627205
216 0.439123
217 0.621670
218 0.665339
219 0.642486
220 0.420232
221 0.525366
222 0.633237
223 0.840908
224 0.253265
225 0.419670
226 0.553714
227 0.685219
228 0.406200
229 0.395083
230 0.373288
231 0.468794
232 0.348377
233 0.498212
234 0.483343
235 0.499330
236 0.393806
237 0.483702
238 0.433068
239 0.357020
240 0.479717
241 0.387706
242 0.430469
243 0.317219
244 0.510566
245 0.396500
246 0.551191
247 0.394097
248 0.516290
249 0.396334
250 0.543639
251 0.391577
252 0.537341
253 0.326319
254 0.526387
255 0.482903
256 0.575218
257 0.434701
258 0.475783
259 0.701382
260 0.467875
261 0.417631
262 0.418609
263 0.541632
264 0.515089
265 0.523735
266 0.422862
267 0.637657
268 0.611135
269 0.444811
270 0.313422
271 0.416960
272 0.544060
273 0.711013
274 0.448118
275 0.408957
276 0.747657
277 0.600314
278 0.381413
279 0.443625
280 0.705848
281 0.590854
282 0.408794
283 0.282879
284 0.426852
285 0.552208
286 0.241455
287 0.392843
288 0.508411
289 0.525275
290 0.559040
291 0.397980
292 0.465590
293 0.522600
294 0.603131
295 0.355561
296 0.351745
297 0.288214
298 0.586174
299 0.387712
300 0.374999
301 0.492137
302 0.540815
303 0.365643
304 0.298486
305 0.482837
306 0.536683
307 0.409371
308 0.381445
309 0.521001
310 0.327775
311 0.346940
312 0.356235
313 0.524494
314 0.404475
315 0.382905
316 0.378901
317 0.361997
318 0.431864
319 0.420258
320 0.358065
321 0.472760
322 0.413605
323 0.246700
324 0.362059
325 0.437450
326 0.401759
327 0.432838
328 0.245916
329 0.392910
330 0.399799
331 0.461096
332 0.393799
333 0.383674
334 0.464206
335 0.343988
336 0.464686
337 0.291246
338 0.525937
339 0.469732
340 0.537925
341 0.244639
342 0.280207
343 0.522235
344 0.580359
345 0.376858
346 0.371576
347 0.535822
348 0.475817
349 0.354008
350 0.352767
351 0.526766
352 0.579272
353 0.395460
354 0.216038
355 0.463082
356 0.526275
357 0.493057
358 0.352657
359 0.421373
360 0.527719
361 0.388334
362 0.293518
363 0.376381
364 0.519715
365 0.540518
366 0.350909
367 0.290983
368 0.453972
369 0.488574
370 0.376228
371 0.430251
372 0.671592
373 0.469701
374 0.439093
375 0.237165
376 0.660885
377 0.542447
378 0.525907
379 0.314671
380 0.570929
381 0.690329
382 0.553649
383 0.343956
384 0.394723
385 0.569714
386 0.397902
387 0.405386
388 0.346258
389 0.575406
390 0.574798
391 0.489903
392 0.329170
393 0.545286
394 0.669880
395 0.367431
396 0.241709
397 0.374842
398 0.580346
399 0.479658
400 0.341332
401 0.258402
402 0.450283
403 0.454709
404 0.431510
405 0.299707
406 0.444103
407 0.621430
408 0.410019
409 0.396497
410 0.309578
411 0.719429
412 0.356232
413 0.333136
414 0.337169
415 0.516770
416 0.454137
417 0.483105
418 0.348570
419 0.352720
420 0.519665
421 0.444006
422 0.497909
423 0.357077
424 0.534408
425 0.540304
426 0.567597
427 0.356035
428 0.464988
429 0.561928
430 0.465049
431 0.540007
432 0.356655
433 0.526571
434 0.590018
435 0.727268
436 0.366403
437 0.501226
438 0.642724
439 0.495071
440 0.505285
441 0.377185
442 0.619626
443 0.674273
444 0.504432
445 0.374253
446 0.406625
447 0.650829
448 0.487307
449 0.559682
450 0.435438
451 0.438676
452 0.618520
453 0.657707
454 0.663243
455 0.484891
456 0.580912
457 0.607334
458 0.714301
459 0.603947
460 0.417049
461 0.494031
462 0.463851
463 0.523389
464 0.423942
465 0.499189
466 0.635889
467 0.624130
468 0.581670
469 0.542530
470 0.585149
471 0.586772
472 0.617594
473 0.580609
474 0.541056
475 0.622609
476 0.632373
477 0.568960
478 0.641379
479 0.672712
480 0.757725
481 0.763582
482 0.543679
483 0.673981
484 0.674710
485 0.664139
486 0.498864
487 0.564036
488 0.634340
489 0.563871
490 0.526863
491 0.719516
492 0.652954
493 0.613100
494 0.684659
495 0.552195
496 0.756887
497 0.490511
498 0.457362
499 0.735223
500 0.559825
501 0.691678
502 0.744265
503 0.626690
504 0.709964
505 0.575464
506 0.669174
507 0.662380
508 0.776310
509 0.705843
510 0.667559
511 0.573782
512 0.779503
513 0.736232
514 0.725126
515 0.859310
516 0.584723
517 0.675126
518 0.866910
519 0.786538
520 0.803287
521 0.684989
522 0.622992
523 0.700853
524 0.832602
525 0.785900
526 0.824331
527 0.688464
528 0.735115
529 0.830828
530 0.849773
531 0.843784
532 0.835343
533 0.738800
534 0.810048
535 0.864052
536 0.831044
537 0.898861
538 0.900667
539 0.838799
540 0.812239
541 0.846607
542 0.828213
543 0.812061
544 0.855850
545 0.856480
546 0.825275
547 0.713673
548 0.828343
549 0.879538
550 0.823440
551 0.828832
552 0.869795
553 0.899000
554 0.746108
555 0.887805
556 0.844674
557 0.821074
558 0.861014
559 0.792692
560 0.916761
561 0.923893
562 0.897676
563 0.894199
564 0.843057
565 0.827460
566 0.870608
567 0.834400
568 0.877943
569 0.778900
570 0.850631
571 0.797811
572 0.903120
573 0.931874
574 0.862820
575 0.862001
576 0.911780
577 0.858956
578 0.697409
579 0.755169
580 0.844858
581 0.771788
582 0.823635
583 0.863198
584 0.875635
585 0.748168
586 0.633263
587 0.890503
588 0.853851
589 0.844482
590 0.872632
591 0.847299
592 0.825480
593 0.874956
594 0.898161
595 0.871986
596 0.922304
597 0.865468
598 0.834906
599 0.911053
600 0.937955
601 0.905688
602 0.883953
603 0.716227
604 0.862073
605 0.883068
606 0.793986
607 0.869931
608 0.836005
609 0.868709
610 0.685742
611 0.856874
612 0.719493
613 0.784032
614 0.896274
615 0.910209
616 0.906804
617 0.805491
618 0.871664
619 0.850711
620 0.861604
621 0.867580
622 0.850084
623 0.901349
624 0.915534
625 0.859589
626 0.814963
627 0.928872
628 0.892022
629 0.901162
630 0.943714
631 0.925992
632 0.895633
633 0.876955
634 0.914707
635 0.884412
636 0.715872
637 0.807806
638 0.819921
639 0.936958
640 0.920725
641 0.676426
642 0.886753
643 0.851515
644 0.844890
645 0.819266
646 0.742560
647 0.507262
648 0.899993
649 0.922596
650 0.838063
651 0.882296
652 0.927178
653 0.804858
654 0.884157
655 0.878113
656 0.684644
657 0.844860
658 0.765317
659 0.870347
660 0.875436
661 0.907198
662 0.909911
663 0.773599
664 0.848717
665 0.881418
666 0.878617
667 0.674456
668 0.754013
669 0.879448
670 0.895832
671 0.912952
672 0.848525
673 0.849213
674 0.734467
675 0.822248
676 0.850517
677 0.677122
678 0.840921
679 0.850480
680 0.871677
681 0.760361
682 0.912182
683 0.852004
684 0.695394
685 0.757038
686 0.876552
687 0.899101
688 0.854943
689 0.661664
690 0.909029
691 0.902441
692 0.672301
693 0.781442
694 0.619016
695 0.864608
696 0.836613
697 0.887368
698 0.521461
699 0.738492
700 0.701597
701 0.689689
702 0.610582
703 0.672680
704 0.707975
705 0.727096
706 0.750143
707 0.801926
708 0.847097
709 0.572322
710 0.717501
711 0.782300
712 0.845134
713 0.710998
714 0.723750
715 0.438779
716 0.717180
717 0.692925
718 0.720751
719 0.467774
720 0.566346
721 0.505255
722 0.531184
723 0.470175
724 0.676805
725 0.811585
726 0.712619
727 0.462955
728 0.708980
729 0.514294
730 0.493022
731 0.607486
732 0.729607
733 0.848648
734 0.817770
735 0.589823
736 0.474556
737 0.406188
738 0.029264
739 0.674606
740 0.425987
741 0.501128
742 0.592101
743 0.612611
744 0.757367
745 0.761578
746 0.652678
747 0.673894
748 0.637144
749 0.602837
750 0.631193
751 0.256564
752 0.688094
753 0.777392
754 0.704978
755 0.706634
756 0.576987
757 0.692536
758 0.491532
759 0.215745
760 0.828054
761 0.573665
762 0.513695
763 0.500690
764 0.442051
765 0.697736
766 0.379861
767 0.446128
768 0.618673
769 0.654096
770 0.405260
771 0.258597
772 0.347702
773 0.497728
774 0.196183
775 0.436523
776 0.257467
777 0.699518
778 0.630068
779 0.528592
780 0.498152
781 0.473930
782 0.247218
783 0.364942
784 0.483598
785 0.518639
786 0.120463
787 0.225413
788 0.649036
789 0.733211
790 0.244962
791 0.604865
792 0.281340
793 0.193512
794 0.583695
795 0.559689
796 0.570869
797 0.325942
798 0.638237
799 0.296773
800 0.374671
801 0.540976
802 0.721251
803 0.734718
804 0.569229
805 0.588289
806 0.085716
807 0.438221
808 0.400120
809 0.356732
810 0.560520
811 0.446146
812 0.249402
813 0.423083
814 0.263408
815 0.351474
816 0.613457
817 0.323246
818 0.664928
819 0.119396
820 0.393269
821 0.480717
822 0.500504
823 0.481161
824 0.238814
825 0.334391
826 0.298305
827 0.524667
828 0.465397
829 0.447006
830 0.220298
831 0.529276
832 0.616562
833 0.406498
834 0.523610
835 0.358315
836 0.614686
837 0.239242
838 0.396735
839 0.366159
840 0.509924
841 0.389430
842 0.252535
843 0.637071
844 0.394689
845 0.475436
846 0.325890
847 0.436263
848 0.099522
849 0.374895
850 0.364354
851 0.614029
852 0.526195
853 0.362871
854 0.517585
855 -0.254907
856 0.597665
857 0.568679
858 0.204379
859 0.333050
860 0.429220
861 -0.046641
862 0.428330
863 0.369004
864 0.425356
865 0.245290
866 0.292536
867 0.383285
868 0.199366
869 0.129220
870 0.489652
871 0.493920
872 0.487625
873 0.073868
874 0.075650
875 0.199825
876 0.498798
877 0.265148
878 0.470742
879 0.367320
880 0.142597
881 0.097102
882 0.142753
883 0.272414
884 0.111179
885 0.516280
886 0.178788
887 0.068416
888 0.624754
889 0.523852
890 0.247363
891 0.503412
892 0.320918
893 0.513889
894 0.334589
895 0.447544
896 0.425133
897 0.279708
898 0.428570
899 0.126148
900 0.602761
901 0.363263
902 0.534198
903 0.396976
904 0.214883
905 0.336645
906 0.241997
907 -0.008937
908 0.347102
909 0.529318
910 0.299421
911 0.266368
912 0.609352
913 0.396317
914 0.051413
915 0.099214
916 0.225387
917 0.426058
918 0.476796
919 0.113420
920 0.085889
921 0.340720
922 0.442734
923 0.617692
924 0.391665
925 0.039971
926 0.367238
927 0.370664
928 0.587718
929 0.540811
930 0.312476
931 0.195932
932 0.436980
933 0.485552
934 0.477967
935 0.281638
936 0.331837
937 0.231138
938 -0.017610
939 0.165993
940 0.152625
941 0.124763
942 0.292915
943 0.239388
944 0.228077
945 0.519640
946 0.155442
947 0.255449
948 0.387104
949 0.468722
950 0.093645
951 0.310964
952 0.242155
953 0.463096
954 0.580803
955 0.163893
956 0.453943
957 0.497630
958 0.542406
959 0.550754
960 0.589118
961 0.530763
962 0.140460
963 0.113392
964 0.112844
965 0.385306
966 0.522383
967 0.517422
968 -0.018377
969 0.194359
970 0.403273
971 0.214512
972 0.339089
973 0.101622
974 0.445931
975 0.596119
976 0.407714
977 0.471530
978 0.229543
979 0.331761
980 0.294621
981 0.383661
982 0.361258
983 0.673126
984 0.323641
985 0.173400
986 0.433390
987 0.295648
988 0.674753
989 0.702975
990 0.532476
991 0.474498
992 0.487345
993 0.246275
994 0.663920
995 0.289276
996 0.325656
997 0.133635
998 -0.029146
999 0.305260
1000 -0.069880
1001 0.133246
1002 0.076768
1003 0.218520
1004 0.229170
1005 0.420702
1006 0.310708
1007 0.503177
1008 0.144154
1009 0.258998
1010 0.529237
1011 0.098389
1012 0.168361
1013 0.505915
1014 0.532891
1015 0.233199
1016 0.344590
1017 0.455960
1018 0.471785
1019 0.645742
1020 0.262164
1021 -0.055817
1022 0.230703
1023 0.486747
1024 0.041821
1025 0.330510
1026 0.398394
1027 0.605491
1028 0.060779
1029 0.254293
1030 0.247923
1031 0.391853
1032 0.479452
1033 0.305758
1034 0.102015
1035 0.567732
1036 0.433661
1037 0.565898
1038 0.159387
1039 0.344114
1040 0.369665
1041 0.170416
1042 0.399847
1043 0.448883
1044 -0.033096
1045 0.501387
1046 0.382501
1047 0.440083
1048 0.511905
1049 0.501067
1050 0.318979
1051 0.428112
1052 0.229340
1053 0.374103
1054 0.417556
1055 0.511394
1056 0.545352
1057 0.604450
1058 0.617628
1059 0.235911
1060 0.311074
1061 0.463361
1062 0.557782
1063 0.582865
1064 0.030773
1065 0.289734
1066 0.211020
1067 0.327790
1068 0.506199
1069 0.354840
1070 0.321748
1071 0.156290
1072 0.201459
1073 0.428482
1074 0.470165
1075 0.046063
1076 0.051542
1077 0.202670
1078 -0.184504
1079 0.428321
1080 0.288976
1081 0.322675
1082 0.367256
1083 0.126281
1084 0.332160
1085 0.150989
1086 0.410682
1087 0.523911
1088 0.507039
1089 0.609002
1090 0.404158
1091 0.702938
1092 0.291812
1093 0.297032
1094 0.495074
1095 0.499709
1096 0.519575
1097 0.392343
1098 0.609833
1099 0.250114
1100 0.381851
1101 -0.114461
1102 0.359648
1103 0.244530
1104 0.383186
1105 0.655037
1106 0.659989
1107 0.490100
1108 0.667667
1109 0.603766
1110 0.582003
1111 0.234930
1112 0.460432
1113 0.517768
1114 0.253008
1115 0.463578
1116 0.609843
1117 0.223031
1118 0.381541
1119 0.425396
1120 0.400655
1121 0.336684
1122 0.476911
1123 0.360960
1124 0.472004
1125 0.516330
1126 0.490910
1127 0.184008
1128 0.334936
1129 0.477153
1130 0.520332
1131 0.475967
1132 0.601317
1133 0.368336
1134 0.409105
1135 0.045596
1136 0.449536
1137 0.078635
1138 0.142559
1139 0.532261
1140 0.591223
1141 0.605178
1142 0.478627
1143 0.210916
1144 0.110853
1145 0.521820
1146 0.624805
1147 0.461416
1148 0.657474
1149 0.372218
1150 0.445875
1151 0.135790
1152 0.523308
1153 0.017202
1154 0.454878
1155 0.395903
1156 0.471160
1157 0.555302
1158 0.415135
1159 0.559243
1160 0.403951
1161 0.213455
1162 0.143089
1163 0.357942
1164 0.482722
1165 0.495426
1166 0.266912
1167 0.373580
1168 0.414331
1169 0.683885
1170 0.048633
1171 0.319270
1172 0.389756
1173 0.625032
1174 0.477649
1175 0.234715
1176 0.676723
1177 0.214465
1178 0.578746
1179 0.406812
1180 0.502981
1181 0.591561
1182 0.124784
1183 0.181251
1184 0.475333
1185 0.548444
1186 0.597787
1187 0.718619
1188 0.488010
1189 0.145501
1190 0.499524
1191 0.326462
1192 0.336864
1193 0.199239
1194 0.469790
1195 0.144605
1196 0.513942
1197 0.428926
1198 0.509499
1199 0.266734
1200 0.725194
1201 0.186410
1202 0.544462
1203 0.394759
1204 0.166853
1205 0.200494
1206 0.496122
1207 0.354210
1208 0.421734
1209 0.247953
1210 0.324064
1211 0.469871
1212 0.024076
1213 0.270241
1214 0.397594
1215 0.456287
0 -0.499343
1 -0.248851
2 0.009447
3 0.133377
4 0.044379
5 -0.292754
6 -0.073218
7 0.151339
8 0.473020
9 0.439159
10 0.315721
11 0.589669
12 0.476648
13 0.403677
14 0.646918
15 0.494672
16 0.330906
17 0.479224
18 0.795570
19 0.426867
20 0.503677
21 0.301517
22 0.534526
23 0.525691
24 0.565825
25 0.616451
26 0.757610
27 0.667603
28 0.444994
29 0.494642
30 0.591971
31 0.809692
32 0.597254
33 0.589308
34 0.686369
35 0.427107
36 0.750009
37 0.499221
38 0.412099
39 0.627938
40 0.586804
41 0.541054
42 0.464413
43 0.234241
44 0.559770
45 0.662875
46 0.619871
47 0.762725
48 0.463182
49 0.409578
50 0.501525
51 0.294808
52 0.623457
53 0.748809
54 0.635977
55 0.540261
56 0.701800
57 0.463686
58 0.840853
59 0.485882
60 0.482533
61 0.304932
62 0.381221
63 0.605235
64 0.744474
65 0.477662
66 0.670281
67 0.249829
68 0.602912
69 0.411471
70 0.488757
71 0.565256
72 0.471438
73 0.620894
74 0.414781
75 0.542608
76 0.539159
77 0.571017
78 0.855648
79 0.656379
80 0.517082
81 0.490062
82 0.539987
83 0.259748
84 0.480790
85 0.412912
86 0.353474
87 0.416696
88 0.560862
89 0.564972
90 0.361804
91 0.762755
92 0.468188
93 0.636849
94 0.372536
95 0.292502
96 0.544337
97 0.472466
98 0.356065
99 0.644314
100 0.539290
101 0.373257
102 0.483337
103 0.261808
104 0.518420
105 0.529687
106 0.684139
107 0.613269
108 0.603146
109 0.468145
110 0.737085
111 0.487272
112 0.594674
113 0.458102
114 0.133912
115 0.664583
116 0.550160
117 0.426891
118 0.375191
119 0.344649
120 0.578357
121 0.636613
122 0.564565
123 0.500326
124 0.506886
125 0.624532
126 -0.023294
127 0.564146
128 0.227589
129 0.480291
130 0.749758
131 0.620226
132 0.609703
133 0.628469
134 0.447770
135 0.573764
136 0.284696
137 0.215948
138 0.473446
139 0.592090
140 0.605906
141 0.478291
142 0.410737
143 0.393444
144 0.517537
145 0.591309
146 0.447035
147 0.676511
148 0.652524
149 0.606860
150 0.639669
151 0.744433
152 0.484840
153 0.290961
154 0.725331
155 0.493056
156 0.423637
157 0.363770
158 0.188494
159 0.603857
160 0.550094
161 0.506261
162 0.333776
163 0.567448
164 0.070292
165 0.541590
166 0.612342
167 0.528767
168 0.269192
169 0.309798
170 0.623817
171 0.494733
172 0.495011
173 0.442067
174 0.547479
175 0.328691
176 0.341339
177 0.770491
178 0.700854
179 0.818183
180 0.124618
181 0.342612
182 0.481921
183 0.739566
184 0.688219
185 0.574777
186 0.598719
187 0.698258
188 0.678637
189 0.752538
190 0.830787
191 0.792699
192 0.676982
193 0.705128
194 0.853704
195 0.706961
196 0.684062
197 0.665589
198 0.676655
199 0.701292
200 0.597791
201 0.686455
202 0.581367
203 0.716141
204 0.520556
205 0.625652
206 0.668859
207 0.722434
208 0.483565
209 0.614912
210 0.680337
211 0.476048
212 0.344118
213 0.634813
214 0.630374
215 0.627205
216 0.439123
217 0.621670
218 0.665339
219 0.642486
220 0.420232
221 0.525366
222 0.633237
223 0.840908
224 0.253265
225 0.419670
226 0.553714
227 0.685219
228 0.406200
229 0.395083
230 0.373288
231 0.468794
232 0.348377
233 0.498212
234 0.483343
235 0.499330
236 0.393806
237 0.483702
238 0.433068
239 0.357020
240 0.479717
241 0.387706
242 0.430469
243 0.317219
244 0.510566
245 0.396500
246 0.551191
247 0.394097
248 0.516290
249 0.396334
250 0.543639
251 0.391577
252 0.537341
253 0.326319
254 0.526387
255 0.482903
256 0.575218
257 0.434701
258 0.475783
259 0.701382
260 0.467875
261 0.417631
262 0.418609
263 0.541632
264 0.515089
265 0.523735
266 0.422862
267 0.637657
268 0.611135
269 0.444811
270 0.313422
271 0.416960
272 0.544060
273 0.711013
274 0.448118
275 0.408957
276 0.747657
277 0.600314
278 0.381413
279 0.443625
280 0.705848
281 0.590854
282 0.408794
283 0.282879
284 0.426852
285 0.552208
286 0.241455
287 0.392843
288 0.508411
289 0.525275
290 0.559040
291 0.397980
292 0.465590
293 0.522600
294 0.603131
295 0.355561
296 0.351745
297 0.288214
298 0.586174
299 0.387712
300 0.374999
301 0.492137
302 0.540815
303 0.365643
304 0.298486
305 0.482837
306 0.536683
307 0.409371
308 0.381445
309 0.521001
310 0.327775
311 0.346940
312 0.356235
313 0.524494
314 0.404475
315 0.382905
316 0.378901
317 0.361997
318 0.431864
319 0.420258
320 0.358065
321 0.472760
322 0.413605
323 0.246700
324 0.362059
325 0.437450
326 0.401759
327 0.432838
328 0.245916
329 0.392910
330 0.399799
331 0.461096
332 0.393799
333 0.383674
334 0.464206
335 0.343988
336 0.464686
337 0.291246
338 0.525937
339 0.469732
340 0.537925
341 0.244639
342 0.280207
343 0.522235
344 0.580359
345 0.376858
346 0.371576
347 0.535822
348 0.475817
349 0.354008
350 0.352767
351 0.526766
352 0.579272
353 0.395460
354 0.216038
355 0.463082
356 0.526275
357 0.493057
358 0.352657
359 0.421373
360 0.527719
361 0.388334
362 0.293518
363 0.376381
364 0.519715
365 0.540518
366 0.350909
367 0.290983
368 0.453972
369 0.488574
370 0.376228
371 0.430251
372 0.671592
373 0.469701
374 0.439093
375 0.237165
376 0.660885
377 0.542447
378 0.525907
379 0.314671
380 0.570929
381 0.690329
382 0.553649
383 0.343956
384 0.394723
385 0.569714
386 0.397902
387 0.405386
388 0.346258
389 0.575406
390 0.574798
391 0.489903
392 0.329170
393 0.545286
394 0.669880
395 0.367431
396 0.241709
397 0.374842
398 0.580346
399 0.479658
400 0.341332
401 0.258402
402 0.450283
403 0.454709
404 0.431510
405 0.299707
406 0.444103
407 0.621430
408 0.410019
409 0.396497
410 0.309578
411 0.719429
412 0.356232
413 0.333136
414 0.337169
415 0.516770
416 0.454137
417 0.483105
418 0.348570
419 0.352720
420 0.519665
421 0.444006
422 0.497909
423 0.357077
424 0.534408
425 0.540304
426 0.567597
427 0.356035
428 0.464988
429 0.561928
430 0.465049
431 0.540007
432 0.356655
433 0.526571
434 0.590018
435 0.727268
436 0.366403
437 0.501226
438 0.642724
439 0.495071
440 0.505285
441 0.377185
442 0.619626
443 0.674273
444 0.504432
445 0.374253
446 0.406625
447 0.650829
448 0.487307
449 0.559682
450 0.435438
451 0.438676
452 0.618520
453 0.657707
454 0.663243
455 0.484891
456 0.580912
457 0.607334
458 0.714301
459 0.603947
460 0.417049
461 0.494031
462 0.463851
463 0.523389
464 0.423942
465 0.499189
466 0.635889
467 0.624130
468 0.581670
469 0.542530
470 0.585149
471 0.586772
472 0.617594
473 0.580609
474 0.541056
475 0.622609
476 0.632373
477 0.568960
478 0.641379
479 0.672712
480 0.757725
481 0.763582
482 0.543679
483 0.673981
484 0.674710
485 0.664139
486 0.498864
487 0.564036
488 0.634340
489 0.563871
490 0.526863
491 0.719516
492 0.652954
493 0.613100
494 0.684659
495 0.552195
496 0.756887
497 0.490511
498 0.457362
499 0.735223
500 0.559825
501 0.691678
502 0.744265
503 0.626690
504 0.709964
505 0.575464
506 0.669174
507 0.662380
508 0.776310
509 0.705843
510 0.667559
511 0.573782
512 0.779503
513 0.736232
514 0.725126
515 0.859310
516 0.584723
517 0.675126
518 0.866910
519 0.786538
520 0.803287
521 0.684989
522 0.622992
523 0.700853
524 0.832602
525 0.785900
526 0.824331
527 0.688464
528 0.735115
529 0.830828
530 0.849773
531 0.843784
532 0.835343
533 0.738800
534 0.810048
535 0.864052
536 0.831044
537 0.898861
538 0.900667
539 0.838799
540 0.812239
541 0.846607
542 0.828213
543 0.812061
544 0.855850
545 0.856480
546 0.825275
547 0.713673
548 0.828343
549 0.879538
550 0.823440
551 0.828832
552 0.869795
553 0.899000
554 0.746108
555 0.887805
556 0.844674
557 0.821074
558 0.861014
559 0.792692
560 0.916761
561 0.923893
562 0.897676
563 0.894199
564 0.843057
565 0.827460
566 0.870608
567 0.834400
568 0.877943
569 0.778900
570 0.850631
571 0.797811
572 0.903120
573 0.931874
574 0.862820
575 0.862001
576 0.911780
577 0.858956
578 0.697409
579 0.755169
580 0.844858
581 0.771788
582 0.823635
583 0.863198
584 0.875635
585 0.748168
586 0.633263
587 0.890503
588 0.853851
589 0.844482
590 0.872632
591 0.847299
592 0.825480
593 0.874956
594 0.898161
595 0.871986
596 0.922304
597 0.865468
598 0.834906
599 0.911053
600 0.937955
601 0.905688
602 0.883953
603 0.716227
604 0.862073
605 0.883068
606 0.793986
607 0.869931
608 0.836005
609 0.868709
610 0.685742
611 0.856874
612 0.719493
613 0.784032
614 0.896274
615 0.910209
616 0.906804
617 0.805491
618 0.871664
619 0.850711
620 0.861604
621 0.867580
622 0.850084
623 0.901349
624 0.915534
625 0.859589
626 0.814963
627 0.928872
628 0.892022
629 0.901162
630 0.943714
631 0.925992
632 0.895633
633 0.876955
634 0.914707
635 0.884412
636 0.715872
637 0.807806
638 0.819921
639 0.936958
640 0.920725
641 0.676426
642 0.886753
643 0.851515
644 0.844890
645 0.819266
646 0.742560
647 0.507262
648 0.899993
649 0.922596
650 0.838063
651 0.882296
652 0.927178
653 0.804858
654 0.884157
655 0.878113
656 0.684644
657 0.844860
658 0.765317
659 0.870347
660 0.875436
661 0.907198
662 0.909911
663 0.773599
664 0.848717
665 0.881418
666 0.878617
667 0.674456
668 0.754013
669 0.879448
670 0.895832
671 0.912952
672 0.848525
673 0.849213
674 0.734467
675 0.822248
676 0.850517
677 0.677122
678 0.840921
679 0.850480
680 0.871677
681 0.760361
682 0.912182
683 0.852004
684 0.695394
685 0.757038
686 0.876552
687 0.899101
688 0.854943
689 0.661664
690 0.909029
691 0.902441
692 0.672301
693 0.781442
694 0.619016
695 0.864608
696 0.836613
697 0.887368
698 0.521461
699 0.738492
700 0.701597
701 0.689689
702 0.610582
703 0.672680
704 0.707975
705 0.727096
706 0.750143
707 0.801926
708 0.847097
709 0.572322
710 0.717501
711 0.782300
712 0.845134
713 0.710998
714 0.723750
715 0.438779
716 0.717180
717 0.692925
718 0.720751
719 0.467774
720 0.566346
721 0.505255
722 0.531184
723 0.470175
724 0.676805
725 0.811585
726 0.712619
727 0.462955
728 0.708980
729 0.514294
730 0.493022
731 0.607486
732 0.729607
733 0.848648
734 0.817770
735 0.589823
736 0.474556
737 0.406188
738 0.029264
739 0.674606
740 0.425987
741 0.501128
742 0.592101
743 0.612611
744 0.757367
745 0.761578
746 0.652678
747 0.673894
748 0.637144
749 0.602837
750 0.631193
751 0.256564
752 0.688094
753 0.777392
754 0.704978
755 0.706634
756 0.576987
757 0.692536
758 0.491532
759 0.215745
760 0.828054
761 0.573665
762 0.513695
763 0.500690
764 0.442051
765 0.697736
766 0.379861
767 0.446128
768 0.618673
769 0.654096
770 0.405260
771 0.258597
772 0.347702
773 0.497728
774 0.196183
775 0.436523
776 0.257467
777 0.699518
778 0.630068
779 0.528592
780 0.498152
781 0.473930
782 0.247218
783 0.364942
784 0.483598
785 0.518639
786 0.120463
787 0.225413
788 0.649036
789 0.733211
790 0.244962
791 0.604865
792 0.281340
793 0.193512
794 0.583695
795 0.559689
796 0.570869
797 0.325942
798 0.638237
799 0.296773
800 0.374671
801 0.540976
802 0.721251
803 0.734718
804 0.569229
805 0.588289
806 0.085716
807 0.438221
808 0.400120
809 0.356732
810 0.560520
811 0.446146
812 0.249402
813 0.423083
814 0.263408
815 0.351474
816 0.613457
817 0.323246
818 0.664928
819 0.119396
820 0.393269
821 0.480717
822 0.500504
823 0.481161
824 0.238814
825 0.334391
826 0.298305
827 0.524667
828 0.465397
829 0.447006
830 0.220298
831 0.529276
832 0.616562
833 0.406498
834 0.523610
835 0.358315
836 0.614686
837 0.239242
838 0.396735
839 0.366159
840 0.509924
841 0.389430
842 0.252535
843 0.637071
844 0.394689
845 0.475436
846 0.325890
847 0.436263
848 0.099522
849 0.374895
850 0.364354
851 0.614029
852 0.526195
853 0.362871
854 0.517585
855 -0.254907
856 0.597665
857 0.568679
858 0.204379
859 0.333050
860 0.429220
861 -0.046641
862 0.428330
863 0.369004
864 0.425356
865 0.245290
866 0.292536
867 0.383285
868 0.199366
869 0.129220
870 0.489652
871 0.493920
872 0.487625
873 0.073868
874 0.075650
875 0.199825
876 0.498798
877 0.265148
878 0.470742
879 0.367320
880 0.142597
881 0.097102
882 0.142753
883 0.272414
884 0.111179
885 0.516280
886 0.178788
887 0.068416
888 0.624754
889 0.523852
890 0.247363
891 0.503412
892 0.320918
893 0.513889
894 0.334589
895 0.447544
896 0.425133
897 0.279708
898 0.428570
899 0.126148
900 0.602761
901 0.363263
902 0.534198
903 0.396976
904 0.214883
905 0.336645
906 0.241997
907 -0.008937
908 0.347102
909 0.529318
910 0.299421
911 0.266368
912 0.609352
913 0.396317
914 0.051413
915 0.099214
916 0.225387
917 0.426058
918 0.476796
919 0.113420
920 0.085889
921 0.340720
922 0.442734
923 0.617692
924 0.391665
925 0.039971
926 0.367238
927 0.370664
928 0.587718
929 0.540811
930 0.312476
931 0.195932
932 0.436980
933 0.485552
934 0.477967
935 0.281638
936 0.331837
937 0.231138
938 -0.017610
939 0.165993
940 0.152625
941 0.124763
942 0.292915
943 0.239388
944 0.228077
945 0.519640
946 0.155442
947 0.255449
948 0.387104
949 0.468722
950 0.093645
951 0.310964
952 0.242155
953 0.463096
954 0.580803
955 0.163893
956 0.453943
957 0.497630
958 0.542406
959 0.550754
960 0.589118
961 0.530763
962 0.140460
963 0.113392
964 0.112844
965 0.385306
966 0.522383
967 0.517422
968 -0.018377
969 0.194359
970 0.403273
971 0.214512
972 0.339089
973 0.101622
974 0.445931
975 0.596119
976 0.407714
977 0.471530
978 0.229543
979 0.331761
980 0.294621
981 0.383661
982 0.361258
983 0.673126
984 0.323641
985 0.173400
986 0.433390
987 0.295648
988 0.674753
989 0.702975
990 0.532476
991 0.474498
992 0.487345
993 0.246275
994 0.663920
995 0.289276
996 0.325656
997 0.133635
998 -0.029146
999 0.305260
1000 -0.069880
1001 0.133246
1002 0.076768
1003 0.218520
1004 0.229170
1005 0.420702
1006 0.310708
1007 0.503177
1008 0.144154
1009 0.258998
1010 0.529237
1011 0.098389
1012 0.168361
1013 0.505915
1014 0.532891
1015 0.233199
1016 0.344590
1017 0.455960
1018 0.471785
1019 0.645742
1020 0.262164
1021 -0.055817
1022 0.230703
1023 0.486747
1024 0.041821
1025 0.330510
1026 0.398394
1027 0.605491
1028 0.060779
1029 0.254293
1030 0.247923
1031 0.391853
1032 0.479452
1033 0.305758
1034 0.102015
1035 0.567732
1036 0.433661
1037 0.565898
1038 0.159387
1039 0.344114
1040 0.369665
1041 0.170416
1042 0.399847
1043 0.448883
1044 -0.033096
1045 0.501387
1046 0.382501
1047 0.440083
1048 0.511905
1049 0.501067
1050 0.318979
1051 0.428112
1052 0.229340
1053 0.374103
1054 0.417556
1055 0.511394
1056 0.545352
1057 0.604450
1058 0.617628
1059 0.235911
1060 0.311074
1061 0.463361
1062 0.557782
1063 0.582865
1064 0.030773
1065 0.289734
1066 0.211020
1067 0.327790
1068 0.506199
1069 0.354840
1070 0.321748
1071 0.156290
1072 0.201459
1073 0.428482
1074 0.470165
1075 0.046063
1076 0.051542
1077 0.202670
1078 -0.184504
1079 0.428321
1080 0.288976
1081 0.322675
1082 0.367256
1083 0.126281
1084 0.332160
1085 0.150989
1086 0.410682
1087 0.523911
1088 0.507039
1089 0.609002
1090 0.404158
1091 0.702938
1092 0.291812
1093 0.297032
1094 0.495074
1095 0.499709
1096 0.519575
1097 0.392343
1098 0.609833
1099 0.250114
1100 0.381851
1101 -0.114461
1102 0.359648
1103 0.244530
1104 0.383186
1105 0.655037
1106 0.659989
1107 0.490100
1108 0.667667
1109 0.603766
1110 0.582003
1111 0.234930
1112 0.460432
1113 0.517768
1114 0.253008
1115 0.463578
1116 0.609843
1117 0.223031
1118 0.381541
1119 0.425396
1120 0.400655
1121 0.336684
1122 0.476911
1123 0.360960
1124 0.472004
1125 0.516330
1126 0.490910
1127 0.184008
1128 0.334936
1129 0.477153
1130 0.520332
1131 0.475967
1132 0.601317
1133 0.368336
1134 0.409105
1135 0.045596
1136 0.449536
1137 0.078635
1138 0.142559
1139 0.532261
1140 0.591223
1141 0.605178
1142 0.478627
1143 0.210916
1144 0.110853
1145 0.521820
1146 0.624805
1147 0.461416
1148 0.657474
1149 0.372218
1150 0.445875
1151 0.135790
1152 0.523308
1153 0.017202
1154 0.454878
1155 0.395903
1156 0.471160
1157 0.555302
1158 0.415135
1159 0.559243
1160 0.403951
1161 0.213455
1162 0.143089
1163 0.357942
1164 0.482722
1165 0.495426
1166 0.266912
1167 0.373580
1168 0.414331
1169 0.683885
1170 0.048633
1171 0.319270
1172 0.389756
1173 0.625032
1174 0.477649
1175 0.234715
1176 0.676723
1177 0.214465
1178 0.578746
1179 0.406812
1180 0.502981
1181 0.591561
1182 0.124784
1183 0.181251
1184 0.475333
1185 0.548444
1186 0.597787
1187 0.718619
1188 0.488010
1189 0.145501
1190 0.499524
1191 0.326462
1192 0.336864
1193 0.199239
1194 0.469790
1195 0.144605
1196 0.513942
1197 0.428926
1198 0.509499
1199 0.266734
1200 0.725194
1201 0.186410
1202 0.544462
1203 0.394759
1204 0.166853
1205 0.200494
1206 0.496122
1207 0.354210
1208 0.421734
1209 0.247953
1210 0.324064
1211 0.469871
1212 0.024076
1213 0.270241
1214 0.397594
1215 0.456287
0 -0.499343
1 -0.248851
2 0.009447
3 0.133377
4 0.044379
5 -0.292754
6 -0.073218
7 0.151339
8 0.473020
9 0.439159
10 0.315721
11 0.589669
12 0.476648
13 0.403677
14 0.646918
15 0.494672
16 0.330906
17 0.479224
18 0.795570
19 0.426867
20 0.503677
21 0.301517
22 0.534526
23 0.525691
24 0.565825
25 0.616451
26 0.757610
27 0.667603
28 0.444994
29 0.494642
30 0.591971
31 0.809692
32 0.597254
33 0.589308
34 0.686369
35 0.427107
36 0.750009
37 0.499221
38 0.412099
39 0.627938
40 0.586804
41 0.541054
42 0.464413
43 0.234241
44 0.559770
45 0.662875
46 0.619871
47 0.762725
48 0.463182
49 0.409578
50 0.501525
51 0.294808
52 0.623457
53 0.748809
54 0.635977
55 0.540261
56 0.701800
57 0.463686
58 0.840853
59 0.485882
60 0.482533
61 0.304932
62 0.381221
63 0.605235
64 0.744474
65 0.477662
66 0.670281
67 0.249829
68 0.602912
69 0.411471
70 0.488757
71 0.565256
72 0.471438
73 0.620894
74 0.414781
75 0.542608
76 0.539159
77 0.571017
78 0.855648
79 0.656379
80 0.517082
81 0.490062
82 0.539987
83 0.259748
84 0.480790
85 0.412912
86 0.353474
87 0.416696
88 0.560862
89 0.564972
90 0.361804
91 0.762755
92 0.468188
93 0.636849
94 0.372536
95 0.292502
96 0.544337
97 0.472466
98 0.356065
99 0.644314
100 0.539290
101 0.373257
102 0.483337
103 0.261808
104 0.518420
105 0.529687
106 0.684139
107 0.613269
108 0.603146
109 0.468145
110 0.737085
111 0.487272
112 0.594674
113 0.458102
114 0.133912
115 0.664583
116 0.550160
117 0.426891
118 0.375191
119 0.344649
120 0.578357
121 0.636613
122 0.564565
123 0.500326
124 0.506886
125 0.624532
126 -0.023294
127 0.564146
128 0.227589
129 0.480291
130 0.749758
131 0.620226
132 0.609703
133 0.628469
134 0.447770
135 0.573764
136 0.284696
137 0.215948
138 0.473446
139 0.592090
140 0.605906
141 0.478291
142 0.410737
143 0.393444
144 0.517537
145 0.591309
146 0.447035
147 0.676511
148 0.652524
149 0.606860
150 0.639669
151 0.744433
152 0.484840
153 0.290961
154 0.725331
155 0.493056
156 0.423637
157 0.363770
158 0.188494
159 0.603857
160 0.550094
161 0.506261
162 0.333776
163 0.567448
164 0.070292
165 0.541590
166 0.612342
167 0.528767
168 0.269192
169 0.309798
170 0.623817
171 0.494733
172 0.495011
173 0.442067
174 0.547479
175 0.328691
176 0.341339
177 0.770491
178 0.700854
179 0.818183
180 0.124618
181 0.342612
182 0.481921
183 0.739566
184 0.688219
185 0.574777
186 0.598719
187 0.698258
188 0.678637
189 0.752538
190 0.830787
191 0.792699
192 0.676982
193 0.705128
194 0.853704
195 0.706961
196 0.684062
197 0.665589
198 0.676655
199 0.701292
200 0.597791
201 0.686455
202 0.581367
203 0.716141
204 0.520556
205 0.625652
206 0.668859
207 0.722434
208 0.483565
209 0.614912
210 0.680337
211 0.476048
212 0.344118
213 0.634813
214 0.630374
215 0.627205
216 0.439123
217 0.621670
218 0.665339
219 0.642486
220 0.420232
221 0.525366
222 0.633237
223 0.840908
224 0.253265
225 0.419670
226 0.553714
227 0.685219
228 0.406200
229 0.395083
230 0.373288
231 0.468794
232 0.348377
233 0.498212
234 0.483343
235 0.499330
236 0.393806
237 0.483702
238 0.433068
239 0.357020
240 0.479717
241 0.387706
242 0.430469
243 0.317219
244 0.510566
245 0.396500
246 0.551191
247 0.394097
248 0.516290
249 0.396334
250 0.543639
251 0.391577
252 0.537341
253 0.326319
254 0.526387
255 0.482903
256 0.575218
257 0.434701
258 0.475783
259 0.701382
260 0.467875
261 0.417631
262 0.418609
263 0.541632
264 0.515089
265 0.523735
266 0.422862
267 0.637657
268 0.611135
269 0.444811
270 0.313422
271 0.416960
272 0.544060
273 0.711013
274 0.448118
275 0.408957
276 0.747657
277 0.600314
278 0.381413
279 0.443625
280 0.705848
281 0.590854
282 0.408794
283 0.282879
284 0.426852
285 0.552208
286 0.241455
287 0.392843
288 0.508411
289 0.525275
290 0.559040
291 0.397980
292 0.465590
293 0.522600
294 0.603131
295 0.355561
296 0.351745
297 0.288214
298 0.586174
299 0.387712
300 0.374999
301 0.492137
302 0.540815
303 0.365643
304 0.298486
305 0.482837
306 0.536683
307 0.409371
308 0.381445
309 0.521001
310 0.327775
311 0.346940
312 0.356235
313 0.524494
314 0.404475
315 0.382905
316 0.378901
317 0.361997
318 0.431864
319 0.420258
320 0.358065
321 0.472760
322 0.413605
323 0.246700
324 0.362059
325 0.437450
326 0.401759
327 0.432838
328 0.245916
329 0.392910
330 0.399799
331 0.461096
332 0.393799
333 0.383674
334 0.464206
335 0.343988
336 0.464686
337 0.291246
338 0.525937
339 0.469732
340 0.537925
341 0.244639
342 0.280207
343 0.522235
344 0.580359
345 0.376858
346 0.371576
347 0.535822
348 0.475817
349 0.354008
350 0.352767
351 0.526766
352 0.579272
353 0.395460
354 0.216038
355 0.463082
356 0.526275
357 0.493057
358 0.352657
359 0.421373
360 0.527719
361 0.388334
362 0.293518
363 0.376381
364 0.519715
365 0.540518
366 0.350909
367 0.290983
368 0.453972
369 0.488574
370 0.376228
371 0.430251
372 0.671592
373 0.469701
374 0.439093
375 0.237165
376 0.660885
377 0.542447
378 0.525907
379 0.314671
380 0.570929
381 0.690329
382 0.553649
383 0.343956
384 0.394723
385 0.569714
386 0.397902
387 0.405386
388 0.346258
389 0.575406
390 0.574798
391 0.489903
392 0.329170
393 0.545286
394 0.669880
395 0.367431
396 0.241709
397 0.374842
398 0.580346
399 0.479658
400 0.341332
401 0.258402
402 0.450283
403 0.454709
404 0.431510
405 0.299707
406 0.444103
407 0.621430
408 0.410019
409 0.396497
410 0.309578
411 0.719429
412 0.356232
413 0.333136
414 0.337169
415 0.516770
416 0.454137
417 0.483105
418 0.348570
419 0.352720
420 0.519665
421 0.444006
422 0.497909
423 0.357077
424 0.534408
425 0.540304
426 0.567597
427 0.356035
428 0.464988
429 0.561928
430 0.465049
431 0.540007
432 0.356655
433 0.526571
434 0.590018
435 0.727268
436 0.366403
437 0.501226
438 0.642724
439 0.495071
440 0.505285
441 0.377185
442 0.619626
443 0.674273
444 0.504432
445 0.374253
446 0.406625
447 0.650829
448 0.487307
449 0.559682
450 0.435438
451 0.438676
452 0.618520
453 0.657707
454 0.663243
455 0.484891
456 0.580912
457 0.607334
458 0.714301
459 0.603947
460 0.417049
461 0.494031
462 0.463851
463 0.523389
464 0.423942
465 0.499189
466 0.635889
467 0.624130
468 0.581670
469 0.542530
470 0.585149
471 0.586772
472 0.617594
473 0.580609
474 0.541056
475 0.622609
476 0.632373
477 0.568960
478 0.641379
479 0.672712
480 0.757725
481 0.763582
482 0.543679
483 0.673981
484 0.674710
485 0.664139
486 0.498864
487 0.564036
488 0.634340
489 0.563871
490 0.526863
491 0.719516
492 0.652954
493 0.613100
494 0.684659
495 0.552195
496 0.756887
497 0.490511
498 0.457362
499 0.735223
500 0.559825
501 0.691678
502 0.744265
503 0.626690
504 0.709964
505 0.575464
506 0.669174
507 0.662380
508 0.776310
509 0.705843
510 0.667559
511 0.573782
512 0.779503
513 0.736232
514 0.725126
515 0.859310
516 0.584723
517 0.675126
518 0.866910
519 0.786538
520 0.803287
521 0.684989
522 0.622992
523 0.700853
524 0.832602
525 0.785900
526 0.824331
527 0.688464
528 0.735115
529 0.830828
530 0.849773
531 0.843784
532 0.835343
533 0.738800
534 0.810048
535 0.864052
536 0.831044
537 0.898861
538 0.900667
539 0.838799
540 0.812239
541 0.846607
542 0.828213
543 0.812061
544 0.855850
545 0.856480
546 0.825275
547 0.713673
548 0.828343
549 0.879538
550 0.823440
551 0.828832
552 0.869795
553 0.899000
554 0.746108
555 0.887805
556 0.844674
557 0.821074
558 0.861014
559 0.792692
560 0.916761
561 0.923893
562 0.897676
563 0.894199
564 0.843057
565 0.827460
566 0.870608
567 0.834400
568 0.877943
569 0.778900
570 0.850631
571 0.797811
572 0.903120
573 0.931874
574 0.862820
575 0.862001
576 0.911780
577 0.858956
578 0.697409
579 0.755169
580 0.844858
581 0.771788
582 0.823635
583 0.863198
584 0.875635
585 0.748168
586 0.633263
587 0.890503
588 0.853851
589 0.844482
590 0.872632
591 0.847299
592 0.825480
593 0.874956
594 0.898161
595 0.871986
596 0.922304
597 0.865468
598 0.834906
599 0.911053
600 0.937955
601 0.905688
602 0.883953
603 0.716227
604 0.862073
605 0.883068
606 0.793986
607 0.869931
608 0.836005
609 0.868709
610 0.685742
611 0.856874
612 0.719493
613 0.784032
614 0.896274
615 0.910209
616 0.906804
617 0.805491
618 0.871664
619 0.850711
620 0.861604
621 0.867580
622 0.850084
623 0.901349
624 0.915534
625 0.859589
626 0.814963
627 0.928872
628 0.892022
629 0.901162
630 0.943714
631 0.925992
632 0.895633
633 0.876955
634 0.914707
635 0.884412
636 0.715872
637 0.807806
638 0.819921
639 0.936958
640 0.920725
641 0.676426
642 0.886753
643 0.851515
644 0.844890
645 0.819266
646 0.742560
647 0.507262
648 0.899993
649 0.922596
650 0.838063
651 0.882296
652 0.927178
653 0.804858
654 0.884157
655 0.878113
656 0.684644
657 0.844860
658 0.765317
659 0.870347
660 0.875436
661 0.907198
662 0.909911
663 0.773599
664 0.848717
665 0.881418
666 0.878617
667 0.674456
668 0.754013
669 0.879448
670 0.895832
671 0.912952
672 0.848525
673 0.849213
674 0.734467
675 0.822248
676 0.850517
677 0.677122
678 0.840921
679 0.850480
680 0.871677
681 0.760361
682 0.912182
683 0.852004
684 0.695394
685 0.757038
686 0.876552
687 0.899101
688 0.854943
689 0.661664
690 0.909029
691 0.902441
692 0.672301
693 0.781442
694 0.619016
695 0.864608
696 0.836613
697 0.887368
698 0.521461
699 0.738492
700 0.701597
701 0.689689
702 0.610582
703 0.672680
704 0.707975
705 0.727096
706 0.750143
707 0.801926
708 0.847097
709 0.572322
710 0.717501
711 0.782300
712 0.845134
713 0.710998
714 0.723750
715 0.438779
716 0.717180
717 0.692925
718 0.720751
719 0.467774
720 0.566346
721 0.505255
722 0.531184
723 0.470175
724 0.676805
725 0.811585
726 0.712619
727 0.462955
728 0.708980
729 0.514294
730 0.493022
731 0.607486
732 0.729607
733 0.848648
734 0.817770
735 0.589823
736 0.474556
737 0.406188
738 0.029264
739 0.674606
740 0.425987
741 0.501128
742 0.592101
743 0.612611
744 0.757367
745 0.761578
746 0.652678
747 0.673894
748 0.637144
749 0.602837
750 0.631193
751 0.256564
752 0.688094
753 0.777392
754 0.704978
755 0.706634
756 0.576987
757 0.692536
758 0.491532
759 0.215745
760 0.828054
761 0.573665
762 0.513695
763 0.500690
764 0.442051
765 0.697736
766 0.379861
767 0.446128
768 0.618673
769 0.654096
770 0.405260
771 0.258597
772 0.347702
773 0.497728
774 0.196183
775 0.436523
776 0.257467
777 0.699518
778 0.630068
779 0.528592
780 0.498152
781 0.473930
782 0.247218
783 0.364942
784 0.483598
785 0.518639
786 0.120463
787 0.225413
788 0.649036
789 0.733211
790 0.244962
791 0.604865
792 0.281340
793 0.193512
794 0.583695
795 0.559689
796 0.570869
797 0.325942
798 0.638237
799 0.296773
800 0.374671
801 0.540976
802 0.721251
803 0.734718
804 0.569229
805 0.588289
806 0.085716
807 0.438221
808 0.400120
809 0.356732
810 0.560520
811 0.446146
812 0.249402
813 0.423083
814 0.263408
815 0.351474
816 0.613457
817 0.323246
818 0.664928
819 0.119396
820 0.393269
821 0.480717
822 0.500504
823 0.481161
824 0.238814
825 0.334391
826 0.298305
827 0.524667
828 0.465397
829 0.447006
830 0.220298
831 0.529276
832 0.616562
833 0.406498
834 0.523610
835 0.358315
836 0.614686
837 0.239242
838 0.396735
839 0.366159
840 0.509924
841 0.389430
842 0.252535
843 0.637071
844 0.394689
845 0.475436
846 0.325890
847 0.436263
848 0.099522
849 0.374895
850 0.364354
851 0.614029
852 0.526195
853 0.362871
854 0.517585
855 -0.254907
856 0.597665
857 0.568679
858 0.204379
859 0.333050
860 0.429220
861 -0.046641
862 0.428330
863 0.369004
864 0.425356
865 0.245290
866 0.292536
867 0.383285
868 0.199366
869 0.129220
870 0.489652
871 0.493920
872 0.487625
873 0.073868
874 0.075650
875 0.199825
876 0.498798
877 0.265148
878 0.470742
879 0.367320
880 0.142597
881 0.097102
882 0.142753
883 0.272414
884 0.111179
885 0.516280
886 0.178788
887 0.068416
888 0.624754
889 0.523852
890 0.247363
891 0.503412
892 0.320918
893 0.513889
894 0.334589
895 0.447544
896 0.425133
897 0.279708
898 0.428570
899 0.126148
900 0.602761
901 0.363263
902 0.534198
903 0.396976
904 0.214883
905 0.336645
906 0.241997
907 -0.008937
908 0.347102
909 0.529318
910 0.299421
911 0.266368
912 0.609352
913 0.396317
914 0.051413
915 0.099214
916 0.225387
917 0.426058
918 0.476796
919 0.113420
920 0.085889
921 0.340720
922 0.442734
923 0.617692
924 0.391665
925 0.039971
926 0.367238
927 0.370664
928 0.587718
929 0.540811
930 0.312476
931 0.195932
932 0.436980
933 0.485552
934 0.477967
935 0.281638
936 0.331837
937 0.231138
938 -0.017610
939 0.165993
940 0.152625
941 0.124763
942 0.292915
943 0.239388
944 0.228077
945 0.519640
946 0.155442
947 0.255449
948 0.387104
949 0.468722
950 0.093645
951 0.310964
952 0.242155
953 0.463096
954 0.580803
955 0.163893
956 0.453943
957 0.497630
958 0.542406
959 0.550754
960 0.589118
961 0.530763
962 0.140460
963 0.113392
964 0.112844
965 0.385306
966 0.522383
967 0.517422
968 -0.018377
969 0.194359
970 0.403273
971 0.214512
972 0.339089
973 0.101622
974 0.445931
975 0.596119
976 0.407714
977 0.471530
978 0.229543
979 0.331761
980 0.294621
981 0.383661
982 0.361258
983 0.673126
984 0.323641
985 0.173400
986 0.433390
987 0.295648
988 0.674753
989 0.702975
990 0.532476
991 0.474498
992 0.487345
993 0.246275
994 0.663920
995 0.289276
996 0.325656
997 0.133635
998 -0.029146
999 0.305260
1000 -0.069880
1001 0.133246
1002 0.076768
1003 0.218520
1004 0.229170
1005 0.420702
1006 0.310708
1007 0.503177
1008 0.144154
1009 0.258998
1010 0.529237
1011 0.098389
1012 0.168361
1013 0.505915
1014 0.532891
1015 0.233199
1016 0.344590
1017 0.455960
1018 0.471785
1019 0.645742
1020 0.262164
1021 -0.055817
1022 0.230703
1023 0.486747
1024 0.041821
1025 0.330510
1026 0.398394
1027 0.605491
1028 0.060779
1029 0.254293
1030 0.247923
1031 0.391853
1032 0.479452
1033 0.305758
1034 0.102015
1035 0.567732
1036 0.433661
1037 0.565898
1038 0.159387
1039 0.344114
1040 0.369665
1041 0.170416
1042 0.399847
1043 0.448883
1044 -0.033096
1045 0.501387
1046 0.382501
1047 0.440083
1048 0.511905
1049 0.501067
1050 0.318979
1051 0.428112
1052 0.229340
1053 0.374103
1054 0.417556
1055 0.511394
1056 0.545352
1057 0.604450
1058 0.617628
1059 0.235911
1060 0.311074
1061 0.463361
1062 0.557782
1063 0.582865
1064 0.030773
1065 0.289734
1066 0.211020
1067 0.327790
1068 0.506199
1069 0.354840
1070 0.321748
1071 0.156290
1072 0.201459
1073 0.428482
1074 0.470165
1075 0.046063
1076 0.051542
1077 0.202670
1078 -0.184504
1079 0.428321
1080 0.288976
1081 0.322675
1082 0.367256
1083 0.126281
1084 0.332160
1085 0.150989
1086 0.410682
1087 0.523911
1088 0.507039
1089 0.609002
1090 0.404158
1091 0.702938
1092 0.291812
1093 0.297032
1094 0.495074
1095 0.499709
1096 0.519575
1097 0.392343
1098 0.609833
1099 0.250114
1100 0.381851
1101 -0.114461
1102 0.359648
1103 0.244530
1104 0.383186
1105 0.655037
1106 0.659989
1107 0.490100
1108 0.667667
1109 0.603766
1110 0.582003
1111 0.234930
1112 0.460432
1113 0.517768
1114 0.253008
1115 0.463578
1116 0.609843
1117 0.223031
1118 0.381541
1119 0.425396
1120 0.400655
1121 0.336684
1122 0.476911
1123 0.360960
1124 0.472004
1125 0.516330
1126 0.490910
1127 0.184008
1128 0.334936
1129 0.477153
1130 0.520332
1131 0.475967
1132 0.601317
1133 0.368336
1134 0.409105
1135 0.045596
1136 0.449536
1137 0.078635
1138 0.142559
1139 0.532261
1140 0.591223
1141 0.605178
1142 0.478627
1143 0.210916
1144 0.110853
1145 0.521820
1146 0.624805
1147 0.461416
1148 0.657474
1149 0.372218
1150 0.445875
1151 0.135790
1152 0.523308
1153 0.017202
1154 0.454878
1155 0.395903
1156 0.471160
1157 0.555302
1158 0.415135
1159 0.559243
1160 0.403951
1161 0.213455
1162 0.143089
1163 0.357942
1164 0.482722
1165 0.495426
1166 0.266912
1167 0.373580
1168 0.414331
1169 0.683885
1170 0.048633
1171 0.319270
1172 0.389756
1173 0.625032
1174 0.477649
1175 0.234715
1176 0.676723
1177 0.214465
1178 0.578746
1179 0.406812
1180 0.502981
1181 0.591561
1182 0.124784
1183 0.181251
1184 0.475333
1185 0.548444
1186 0.597787
1187 0.718619
1188 0.488010
1189 0.145501
1190 0.499524
1191 0.326462
1192 0.336864
1193 0.199239
1194 0.469790
1195 0.144605
1196 0.513942
1197 0.428926
1198 0.509499
1199 0.266734
1200 0.725194
1201 0.186410
1202 0.544462
1203 0.394759
1204 0.166853
1205 0.200494
1206 0.496122
1207 0.354210
1208 0.421734
1209 0.247953
1210 0.324064
1211 0.469871
1212 0.024076
1213 0.270241
1214 0.397594
1215 0.456287
0 -0.499343
1 -0.499343
2 -0.499343
3 -0.164917
4 -0.262684
5 -0.335211
6 0.296675
7 0.223709
8 0.726712
9 0.720863
10 0.781456
11 0.904133
12 0.796737
13 0.884157
14 0.718068
15 0.723165
16 0.766628
17 0.540975
18 0.651274
19 0.845540
20 0.796325
21 0.798752
22 0.840087
23 0.848998
24 0.814854
25 0.730474
26 0.827537
27 0.863831
28 0.721081
29 0.854453
30 0.903037
31 0.817214
32 0.882613
33 0.874717
34 0.882758
35 0.820394
36 0.863462
37 0.903413
38 0.729826
39 0.863792
40 0.894685
41 0.906242
42 0.755545
43 0.845837
44 0.789679
45 0.873798
46 0.851902
47 0.846065
48 0.917799
49 0.867239
50 0.885256
51 0.783901
52 0.822460
53 0.846076
54 0.816922
55 0.896659
56 0.885344
57 0.919808
58 0.875105
59 0.811615
60 0.848585
61 0.706566
62 0.470535
63 0.728669
64 0.786065
65 0.868388
66 0.798956
67 0.908901
68 0.811463
69 0.862799
70 0.624360
71 0.779140
72 0.878411
73 0.872742
74 0.792777
75 0.793846
76 0.892436
77 0.897882
78 0.943581
79 0.878640
80 0.729169
81 0.914091
82 0.914292
83 0.931677
84 0.810067
85 0.699999
86 0.823326
87 0.765494
88 0.817621
89 0.799253
90 0.752712
91 0.841409
92 0.863856
93 0.862142
94 0.748631
95 0.689518
96 0.799600
97 0.747677
98 0.887151
99 0.838265
100 0.813957
101 0.777887
102 0.751854
103 0.741246
104 0.742763
105 0.830089
106 0.892700
107 0.860912
108 0.923920
109 0.868680
110 0.872958
111 0.936657
112 0.839430
113 0.859547
114 0.854707
115 0.745682
116 0.906035
117 0.949639
118 0.748454
119 0.864255
120 0.829239
121 0.800741
122 0.826131
123 0.785640
124 0.764658
125 0.867275
126 0.865415
127 0.828766
128 0.713651
129 0.673547
130 0.719562
131 0.879007
132 0.846984
133 0.828689
134 0.807226
135 0.899963
136 0.886745
137 0.896096
138 0.844735
139 0.878788
140 0.871599
141 0.860873
142 0.895309
143 0.894965
144 0.867125
145 0.883613
146 0.869832
147 0.802889
148 0.787563
149 0.863585
150 0.571212
151 0.627216
152 0.860149
153 0.694041
154 0.736435
155 0.857477
156 0.872271
157 0.596224
158 0.888413
159 0.843152
160 0.879736
161 0.753233
162 0.785423
163 0.794358
164 0.626891
165 0.831192
166 0.835169
167 0.734484
168 0.858325
169 0.875907
170 0.910264
171 0.837399
172 0.774308
173 0.842956
174 0.731350
175 0.910995
176 0.896048
177 0.875952
178 0.807045
179 0.863056
180 0.821415
181 0.805244
182 0.788926
183 0.789210
184 0.867933
185 0.844998
186 0.913017
187 0.842593
188 0.721297
189 0.786986
190 0.815098
191 0.929539
192 0.901754
193 0.831174
194 0.900966
195 0.815110
196 0.914100
197 0.951856
198 0.796002
199 0.814277
200 0.782937
201 0.906094
202 0.899482
203 0.947724
204 0.823241
205 0.774166
206 0.879068
207 0.798416
208 0.930580
209 0.881704
210 0.672151
211 0.828648
212 0.896613
213 0.923565
214 0.843256
215 0.832699
216 0.778881
217 0.909258
218 0.912647
219 0.918851
220 0.909865
221 0.896554
222 0.887450
223 0.726145
224 0.848110
225 0.870502
226 0.851265
227 0.717722
228 0.489109
229 0.724335
230 0.745198
231 0.738129
232 0.772004
233 0.694685
234 0.722674
235 0.806720
236 0.794313
237 0.808468
238 0.835233
239 0.828219
240 0.790657
241 0.827481
242 0.807591
243 0.802434
244 0.845724
245 0.649546
246 0.808148
247 0.824731
248 0.787279
249 0.563805
250 0.303502
251 0.889236
252 0.671573
253 0.643430
254 0.636901
255 0.657245
256 0.669713
257 0.689852
258 0.739644
259 0.770258
260 0.587292
261 0.418572
262 0.731363
263 0.774573
264 0.660218
265 0.556436
266 0.683896
267 0.777913
268 0.511950
269 0.586849
270 0.792533
271 0.780472
272 0.727045
273 0.698986
274 0.826291
275 0.742472
276 0.770638
277 0.799472
278 0.730046
279 0.727286
280 0.646975
281 0.780805
282 0.630905
283 0.793549
284 0.727289
285 0.786945
286 0.791419
287 0.832502
288 0.737257
289 0.381890
290 0.738757
291 0.739351
292 0.835545
293 0.759553
294 0.738819
295 0.630984
296 0.800076
297 0.746823
298 0.769395
299 0.830712
300 0.805330
301 0.819388
302 0.619757
303 0.814042
304 0.575715
305 0.852135
306 0.732779
307 0.795253
308 0.730161
309 0.801839
310 0.740791
311 0.791994
312 0.810002
313 0.604450
314 0.747340
315 0.671542
316 0.796448
317 0.720675
318 0.794346
319 0.669973
320 0.762061
321 0.822391
322 0.759114
323 0.831946
324 0.807046
325 0.820536
326 0.600672
327 0.834649
328 0.743196
329 0.677049
330 0.674025
331 0.801728
332 0.613742
333 0.494422
334 0.848874
335 0.755758
336 0.745191
337 0.886796
338 0.755934
339 0.746294
340 0.837053
341 0.853748
342 0.803314
343 0.870400
344 0.686339
345 0.906491
346 0.914284
347 0.820297
348 0.851652
349 0.833062
350 0.849577
351 0.894417
352 0.793196
353 0.783919
354 0.877331
355 0.775275
356 0.649095
357 0.786865
358 0.737550
359 0.847951
360 0.807823
361 0.872096
362 0.873181
363 0.799127
364 0.823736
365 0.677096
366 0.840457
367 0.874077
368 0.840109
369 0.779934
370 0.774809
371 0.844191
372 0.770393
373 0.846199
374 0.786825
375 0.856791
376 0.857625
377 0.769263
378 0.897919
379 0.862513
380 0.685360
381 0.835947
382 0.843272
383 0.857783
384 0.804583
385 0.768978
386 0.850547
387 0.708701
388 0.814462
389 0.801760
390 0.756598
391 0.842621
392 0.656736
393 0.814943
394 0.740302
395 0.721544
396 0.826423
397 0.618740
398 0.775137
399 0.813702
400 0.503586
401 0.818735
402 0.666396
403 0.828376
404 0.879943
405 0.801720
406 0.831515
407 0.699385
408 0.800835
409 0.843280
410 0.749596
411 0.774944
412 0.841134
413 0.822300
414 0.876859
415 0.896316
416 0.764825
417 0.723023
418 0.782075
419 0.824289
420 0.747435
421 0.816736
422 0.846879
423 0.523796
424 0.819601
425 0.842113
426 0.739651
427 0.788721
428 0.760862
429 0.867580
430 0.884572
431 0.873195
432 0.817171
433 0.846877
434 0.605281
435 0.860305
436 0.897668
437 0.844017
438 0.772245
439 0.673148
440 0.868258
441 0.796293
442 0.748101
443 0.859198
444 0.858968
445 0.845627
446 0.896940
447 0.761929
448 0.826733
449 0.890750
450 0.839738
451 0.728574
452 0.889639
453 0.844261
454 0.889749
455 0.721935
456 0.850918
457 0.755692
458 0.794986
459 0.830359
460 0.798209
461 0.760398
462 0.847713
463 0.744747
464 0.894815
465 0.712512
466 0.851414
467 0.853622
468 0.765200
469 0.883032
470 0.701053
471 0.856065
472 0.853559
473 0.889207
474 0.893935
475 0.772165
476 0.819203
477 0.891485
478 0.730540
479 0.902081
480 0.847661
481 0.892053
482 0.904159
483 0.779493
484 0.868521
485 0.789808
486 0.758901
487 0.816965
488 0.763695
489 0.879956
490 0.862064
491 0.902931
492 0.651238
493 0.820362
494 0.807728
495 0.916581
496 0.915153
497 0.811448
498 0.751558
499 0.802132
500 0.844030
501 0.866248
502 0.873032
503 0.889948
504 0.917313
505 0.870852
506 0.865288
507 0.879937
508 0.808046
509 0.896167
510 0.909859
511 0.879168
512 0.873511
513 0.799702
514 0.827098
515 0.869733
516 0.839529
517 0.809874
518 0.798867
519 0.886941
520 0.813093
521 0.868569
522 0.782419
523 0.885513
524 0.820173
525 0.864683
526 0.888705
527 0.842095
528 0.702051
529 0.847416
530 0.806189
531 0.859304
532 0.782645
533 0.792715
534 0.902818
535 0.845748
536 0.731490
537 0.871544
538 0.879163
539 0.939605
540 0.945591
541 0.949339
542 0.878869
543 0.867349
544 0.804001
545 0.885735
546 0.760320
547 0.820030
548 0.861947
549 0.857492
550 0.792901
551 0.869677
552 0.884142
553 0.900739
554 0.799955
555 0.933191
556 0.916018
557 0.780637
558 0.897489
559 0.853109
560 0.845464
561 0.801076
562 0.829687
563 0.629727
564 0.842940
565 0.809873
566 0.887707
567 0.845293
568 0.915899
569 0.824110
570 0.797489
571 0.815766
572 0.862028
573 0.863221
574 0.709549
575 0.848478
576 0.841143
577 0.905305
578 0.867706
579 0.888011
580 0.913975
581 0.896726
582 0.868562
583 0.858302
584 0.899896
585 0.856447
586 0.861601
587 0.797582
588 0.839896
589 0.895654
590 0.932603
591 0.936922
592 0.945958
593 0.857581
594 0.862984
595 0.846707
596 0.880704
597 0.849934
598 0.862950
599 0.839203
600 0.798515
601 0.763530
602 0.781416
603 0.624862
604 0.304818
605 0.786111
606 0.761718
607 0.767242
608 0.846145
609 0.916084
610 0.936233
611 0.874638
612 0.646309
613 0.772879
614 0.828294
615 0.830293
616 0.873302
617 0.633453
618 0.900350
619 0.865320
620 0.715247
621 0.687702
622 0.764972
623 0.737995
624 0.824620
625 0.897730
626 0.918078
627 0.949784
628 0.822241
629 0.864769
630 0.838316
631 0.754104
632 0.813140
633 0.834651
634 0.775336
635 0.812831
636 0.822483
637 0.520863
638 0.718402
639 0.693812
640 0.668908
641 0.630169
642 0.819697
643 0.783593
644 0.873435
645 0.625201
646 0.673912
647 0.373364
648 0.783902
649 0.573658
650 0.080021
651 0.277276
652 0.198295
653 0.273700
654 0.771093
655 0.773744
656 0.670552
657 0.240466
658 0.779776
659 0.790083
660 0.694741
661 0.722086
662 0.591099
663 0.857576
664 0.678750
665 0.577572
666 0.233865
667 0.753083
668 0.722129
669 0.312034
670 0.715793
671 0.785335
672 0.625280
673 0.700134
674 0.117214
675 0.711165
676 0.581273
677 0.756068
678 0.709868
679 0.597034
680 0.676014
681 0.655314
682 0.747509
683 0.247911
684 0.394853
685 0.703615
686 0.666648
687 0.620564
688 0.348647
689 0.428715
690 0.673250
691 0.621677
692 0.740701
693 0.696017
694 0.574444
695 0.672810
696 0.780029
697 0.322972
698 0.620616
699 0.358417
700 0.658000
701 0.539022
702 0.702436
703 0.700763
704 0.551263
705 0.677584
706 0.416114
707 0.559262
708 0.500713
709 0.583927
710 0.467294
711 0.615160
712 0.637877
713 0.391319
714 0.717153
715 0.274555
716 0.657937
717 0.668643
718 0.623483
719 0.493328
720 0.536048
721 0.719431
722 0.815318
723 0.313305
724 0.340983
725 0.735912
726 0.608463
727 0.438812
728 0.150410
729 0.684439
730 0.503502
731 0.644406
732 0.798524
733 0.713811
734 0.670579
735 0.531009
736 0.843546
737 0.769391
738 0.701883
739 0.694954
740 0.807446
741 0.795530
742 0.812514
743 0.809636
744 0.702695
745 0.460299
746 0.600001
747 0.847241
748 0.566748
749 0.354295
750 0.784980
751 0.762288
752 0.846754
753 0.699348
754 0.759727
755 0.214968
756 0.253097
757 0.421136
758 0.485675
759 0.527182
760 0.570925
761 0.811362
762 0.720135
763 0.711985
764 0.726756
765 0.697648
766 0.450101
767 0.754029
768 0.634082
769 0.817785
770 0.287925
771 0.498807
772 0.589295
773 0.492896
774 0.506021
775 0.577894
776 0.489605
777 0.140856
778 0.831685
779 0.731957
780 0.850259
781 0.568253
782 0.747216
783 0.773729
784 0.763336
785 0.921461
786 0.805869
787 0.856681
788 0.764974
789 0.513500
790 0.696047
791 0.601882
792 0.804804
793 0.290169
794 0.680860
795 0.765828
796 0.639319
797 0.628090
798 0.556795
799 0.396377
800 0.694373
801 0.656476
802 0.034766
803 0.468926
804 0.036309
805 0.718479
806 0.580188
807 0.724516
808 0.489311
809 0.673914
810 0.352361
811 0.656416
812 0.129855
813 0.650899
814 0.855137
815 0.567694
816 0.440006
817 0.215894
818 0.417964
819 0.518919
820 0.075715
821 0.504245
822 0.532412
823 0.605916
824 0.331871
825 0.757350
826 0.537075
827 0.625611
828 0.433737
829 0.724650
830 0.709534
831 0.672407
832 0.573826
833 0.331649
834 0.564319
835 0.713204
836 0.757221
837 0.314222
838 0.629118
839 0.746101
840 0.232672
841 0.362608
842 0.391004
843 0.675536
844 0.202433
845 0.446847
846 0.660865
847 0.300172
848 0.793775
849 0.741664
850 0.733481
851 0.507151
852 0.769608
853 0.598527
854 0.383469
855 0.689890
856 0.832161
857 0.544398
858 0.359585
859 0.649155
860 0.411149
861 0.530030
862 0.717750
863 0.881760
864 0.141792
865 0.377875
866 0.437558
867 0.646334
868 0.497784
869 0.467079
870 0.536487
871 0.458534
872 0.612157
873 0.499878
874 0.627993
875 0.674382
876 0.719529
877 0.367174
878 0.821623
879 0.678693
880 0.369365
881 0.689572
882 0.341622
883 0.192728
884 0.462851
885 0.656314
886 0.360166
887 0.421067
888 0.746926
889 0.640109
890 0.661411
891 0.725930
892 0.415288
893 0.377983
894 0.562792
895 0.576483
896 0.725839
897 0.594741
898 -0.321164
899 0.341351
900 0.538030
901 0.177055
902 0.515385
903 0.274688
904 0.446999
905 0.242231
906 0.576068
907 0.573200
908 0.630347
909 0.407427
910 0.606172
911 0.312542
912 0.361934
913 0.545985
914 0.489954
915 0.402018
916 0.538777
917 0.103199
918 0.303465
919 0.465651
920 0.547924
921 0.021976
922 0.423790
923 0.703193
924 0.647927
925 0.336325
926 0.755308
927 0.452128
928 0.308966
929 0.782394
930 0.644045
931 0.627132
932 0.626006
933 0.272719
934 0.562915
935 0.694537
936 0.412816
937 0.633404
938 0.675294
939 0.839706
940 0.549047
941 0.624954
942 0.665190
943 0.450932
944 0.303103
945 0.616400
946 0.797628
947 0.550986
948 0.489196
949 0.757741
950 0.577110
951 0.707950
952 0.618968
953 0.253471
954 0.192530
955 0.575221
956 0.553933
957 0.299592
958 0.487609
959 0.566687
960 0.617981
961 0.477434
962 0.479129
963 0.585966
964 0.572770
965 0.710733
966 0.397855
967 0.465007
968 0.569266
969 0.665370
970 0.320792
971 0.107248
972 0.654812
973 0.757676
974 0.804567
975 0.586326
976 0.231185
977 0.463506
978 0.427695
979 0.524578
980 0.482746
981 0.584928
982 0.524115
983 0.139189
984 0.728402
985 0.611433
986 0.653611
987 0.650840
988 0.503843
989 0.798806
990 0.672811
991 0.579671
992 0.438372
993 0.536543
994 0.415271
995 0.433916
996 0.655241
997 0.384724
998 0.042201
999 0.655045
1000 0.806279
1001 0.227347
1002 0.696585
1003 0.419297
1004 0.430511
1005 0.691278
1006 0.560463
1007 0.516465
1008 0.684029
1009 0.309701
1010 0.628004
1011 0.561172
1012 0.497010
1013 0.723411
1014 0.611905
1015 0.662554
1016 0.303016
1017 0.551537
1018 0.538595
1019 0.662003
1020 0.552636
1021 0.649919
1022 0.490605
1023 0.698603
1024 0.565948
1025 0.494576
1026 0.800660
1027 0.593860
1028 0.531118
1029 0.360770
1030 0.609085
1031 0.362183
1032 0.525543
1033 0.757449
1034 0.461428
1035 0.716082
1036 0.254463
1037 0.651907
1038 0.642050
1039 0.798231
1040 0.697068
1041 0.704513
1042 0.554035
1043 0.583130
1044 0.773460
1045 0.636316
1046 0.316582
1047 0.713002
1048 0.660642
1049 0.707585
1050 0.719477
1051 0.643501
1052 0.040294
1053 -0.132481
1054 0.266821
1055 0.261540
1056 0.555687
1057 0.587317
1058 0.403272
1059 0.680351
1060 0.693830
1061 0.657895
1062 0.625327
1063 0.513389
1064 0.493091
1065 0.698238
1066 0.547947
1067 0.543843
1068 0.435947
1069 0.499407
1070 0.525043
1071 0.630544
1072 0.237370
1073 0.235566
1074 0.358588
1075 0.491623
1076 0.491243
1077 0.730612
1078 0.507974
1079 0.456242
1080 0.841980
1081 0.387606
1082 0.744806
1083 0.635491
1084 0.574533
1085 0.631191
1086 0.720158
1087 0.217719
1088 0.276888
1089 0.614049
1090 0.478158
1091 0.347045
1092 0.901989
1093 0.617338
1094 0.751296
1095 0.859710
1096 0.716576
1097 0.845443
1098 0.817833
1099 0.878326
1100 0.676859
1101 0.611419
1102 0.584481
1103 0.485495
1104 0.485258
1105 0.300051
1106 0.296755
1107 0.480337
1108 0.365033
1109 0.817235
1110 0.840015
1111 0.570410
1112 0.798412
1113 0.508247
1114 0.535559
1115 0.569109
1116 0.638163
1117 0.589237
1118 0.584399
1119 0.451328
1120 0.692294
1121 0.627423
1122 0.409460
1123 0.663595
1124 0.608756
1125 0.713170
1126 0.766052
1127 0.848030
1128 0.573599
1129 0.434128
1130 0.290220
1131 0.717704
1132 0.225115
1133 0.315515
1134 0.488000
1135 0.562730
1136 0.357957
1137 0.416527
1138 0.617748
1139 0.610477
1140 0.699558
1141 0.625685
1142 0.602629
1143 0.758594
1144 0.734779
1145 0.768136
1146 0.630744
1147 0.756853
1148 0.683945
1149 0.684332
1150 0.734171
1151 0.712246
1152 0.626522
1153 0.790365
1154 0.770585
1155 0.695276
1156 0.516468
1157 0.555395
1158 0.476710
1159 0.643901
1160 0.699786
1161 0.626428
1162 0.471620
1163 0.483877
1164 0.355091
1165 0.756794
1166 0.374916
1167 0.267950
1168 0.650642
1169 0.739211
1170 0.761641
1171 0.620092
1172 0.707643
1173 0.696675
1174 0.541994
1175 0.577278
1176 0.607450
1177 0.785029
1178 0.568533
1179 0.550309
1180 0.647472
1181 0.496402
1182 0.721753
1183 0.707681
1184 0.439549
1185 0.856527
1186 0.852696
1187 0.784263
1188 0.571297
1189 0.454298
1190 0.503346
1191 0.671748
1192 0.757240
1193 0.723670
1194 0.772140
1195 0.805337
1196 0.573200
1197 0.399369
1198 0.613311
1199 0.331571
1200 0.473456
1201 0.811422
1202 0.683288
1203 0.558406
1204 0.732743
1205 0.250061
1206 0.591518
1207 0.464954
1208 0.594278
1209 0.657318
1210 0.596751
1211 0.483856
1212 0.643548
1213 0.757806
1214 0.282622
1215 0.729844
1216 0.501265
1217 0.545839
1218 0.430574
1219 0.563935
1220 0.748182
1221 0.550759
1222 0.271415
1223 0.282772
0 -0.499343
1 -0.499343
2 -0.499343
3 -0.164917
4 -0.262684
5 -0.335211
6 0.296675
7 0.223709
8 0.726712
9 0.720863
10 0.781456
11 0.904133
12 0.796737
13 0.884157
14 0.718068
15 0.723165
16 0.766628
17 0.540975
18 0.651274
19 0.845540
20 0.796325
21 0.798752
22 0.840087
23 0.848998
24 0.814854
25 0.730474
26 0.827537
27 0.863831
28 0.721081
29 0.854453
30 0.903037
31 0.817214
32 0.882613
33 0.874717
34 0.882758
35 0.820394
36 0.863462
37 0.903413
38 0.729826
39 0.863792
40 0.894685
41 0.906242
42 0.755545
43 0.845837
44 0.789679
45 0.873798
46 0.851902
47 0.846065
48 0.917799
49 0.867239
50 0.885256
51 0.783901
52 0.822460
53 0.846076
54 0.816922
55 0.896659
56 0.885344
57 0.919808
58 0.875105
59 0.811615
60 0.848585
61 0.706566
62 0.470535
63 0.728669
64 0.786065
65 0.868388
66 0.798956
67 0.908901
68 0.811463
69 0.862799
70 0.624360
71 0.779140
72 0.878411
73 0.872742
74 0.792777
75 0.793846
76 0.892436
77 0.897882
78 0.943581
79 0.878640
80 0.729169
81 0.914091
82 0.914292
83 0.931677
84 0.810067
85 0.699999
86 0.823326
87 0.765494
88 0.817621
89 0.799253
90 0.752712
91 0.841409
92 0.863856
93 0.862142
94 0.748631
95 0.689518
96 0.799600
97 0.747677
98 0.887151
99 0.838265
100 0.813957
101 0.777887
102 0.751854
103 0.741246
104 0.742763
105 0.830089
106 0.892700
107 0.860912
108 0.923920
109 0.868680
110 0.872958
111 0.936657
112 0.839430
113 0.859547
114 0.854707
115 0.745682
116 0.906035
117 0.949639
118 0.748454
119 0.864255
120 0.829239
121 0.800741
122 0.826131
123 0.785640
124 0.764658
125 0.867275
126 0.865415
127 0.828766
128 0.713651
129 0.673547
130 0.719562
131 0.879007
132 0.846984
133 0.828689
134 0.807226
135 0.899963
136 0.886745
137 0.896096
138 0.844735
139 0.878788
140 0.871599
141 0.860873
142 0.895309
143 0.894965
144 0.867125
145 0.883613
146 0.869832
147 0.802889
148 0.787563
149 0.863585
150 0.571212
151 0.627216
152 0.860149
153 0.694041
154 0.736435
155 0.857477
156 0.872271
157 0.596224
158 0.888413
159 0.843152
160 0.879736
161 0.753233
162 0.785423
163 0.794358
164 0.626891
165 0.831192
166 0.835169
167 0.734484
168 0.858325
169 0.875907
170 0.910264
171 0.837399
172 0.774308
173 0.842956
174 0.731350
175 0.910995
176 0.896048
177 0.875952
178 0.807045
179 0.863056
180 0.821415
181 0.805244
182 0.788926
183 0.789210
184 0.867933
185 0.844998
186 0.913017
187 0.842593
188 0.721297
189 0.786986
190 0.815098
191 0.929539
192 0.901754
193 0.831174
194 0.900966
195 0.815110
196 0.914100
197 0.951856
198 0.796002
199 0.814277
200 0.782937
201 0.906094
202 0.899482
203 0.947724
204 0.823241
205 0.774166
206 0.879068
207 0.798416
208 0.930580
209 0.881704
210 0.672151
211 0.828648
212 0.896613
213 0.923565
214 0.843256
215 0.832699
216 0.778881
217 0.909258
218 0.912647
219 0.918851
220 0.909865
221 0.896554
222 0.887450
223 0.726145
224 0.848110
225 0.870502
226 0.851265
227 0.717722
228 0.489109
229 0.724335
230 0.745198
231 0.738129
232 0.772004
233 0.694685
234 0.722674
235 0.806720
236 0.794313
237 0.808468
238 0.835233
239 0.828219
240 0.790657
241 0.827481
242 0.807591
243 0.802434
244 0.845724
245 0.649546
246 0.808148
247 0.824731
248 0.787279
249 0.563805
250 0.303502
251 0.889236
252 0.671573
253 0.643430
254 0.636901
255 0.657245
256 0.669713
257 0.689852
258 0.739644
259 0.770258
260 0.587292
261 0.418572
262 0.731363
263 0.774573
264 0.660218
265 0.556436
266 0.683896
267 0.777913
268 0.511950
269 0.586849
270 0.792533
271 0.780472
272 0.727045
273 0.698986
274 0.826291
275 0.742472
276 0.770638
277 0.799472
278 0.730046
279 0.727286
280 0.646975
281 0.780805
282 0.630905
283 0.793549
284 0.727289
285 0.786945
286 0.791419
287 0.832502
288 0.737257
289 0.381890
290 0.738757
291 0.739351
292 0.835545
293 0.759553
294 0.738819
295 0.630984
296 0.800076
297 0.746823
298 0.769395
299 0.830712
300 0.805330
301 0.819388
302 0.619757
303 0.814042
304 0.575715
305 0.852135
306 0.732779
307 0.795253
308 0.730161
309 0.801839
310 0.740791
311 0.791994
312 0.810002
313 0.604450
314 0.747340
315 0.671542
316 0.796448
317 0.720675
318 0.794346
319 0.669973
320 0.762061
321 0.822391
322 0.759114
323 0.831946
324 0.807046
325 0.820536
326 0.600672
327 0.834649
328 0.743196
329 0.677049
330 0.674025
331 0.801728
332 0.613742
333 0.494422
334 0.848874
335 0.755758
336 0.745191
337 0.886796
338 0.755934
339 0.746294
340 0.837053
341 0.853748
342 0.803314
343 0.870400
344 0.686339
345 0.906491
346 0.914284
347 0.820297
348 0.851652
349 0.833062
350 0.849577
351 0.894417
352 0.793196
353 0.783919
354 0.877331
355 0.775275
356 0.649095
357 0.786865
358 0.737550
359 0.847951
360 0.807823
361 0.872096
362 0.873181
363 0.799127
364 0.823736
365 0.677096
366 0.840457
367 0.874077
368 0.840109
369 0.779934
370 0.774809
371 0.844191
372 0.770393
373 0.846199
374 0.786825
375 0.856791
376 0.857625
377 0.769263
378 0.897919
379 0.862513
380 0.685360
381 0.835947
382 0.843272
383 0.857783
384 0.804583
385 0.768978
386 0.850547
387 0.708701
388 0.814462
389 0.801760
390 0.756598
391 0.842621
392 0.656736
393 0.814943
394 0.740302
395 0.721544
396 0.826423
397 0.618740
398 0.775137
399 0.813702
400 0.503586
401 0.818735
402 0.666396
403 0.828376
404 0.879943
405 0.801720
406 0.831515
407 0.699385
408 0.800835
409 0.843280
410 0.749596
411 0.774944
412 0.841134
413 0.822300
414 0.876859
415 0.896316
416 0.764825
417 0.723023
418 0.782075
419 0.824289
420 0.747435
421 0.816736
422 0.846879
423 0.523796
424 0.819601
425 0.842113
426 0.739651
427 0.788721
428 0.760862
429 0.867580
430 0.884572
431 0.873195
432 0.817171
433 0.846877
434 0.605281
435 0.860305
436 0.897668
437 0.844017
438 0.772245
439 0.673148
440 0.868258
441 0.796293
442 0.748101
443 0.859198
444 0.858968
445 0.845627
446 0.896940
447 0.761929
448 0.826733
449 0.890750
450 0.839738
451 0.728574
452 0.889639
453 0.844261
454 0.889749
455 0.721935
456 0.850918
457 0.755692
458 0.794986
459 0.830359
460 0.798209
461 0.760398
462 0.847713
463 0.744747
464 0.894815
465 0.712512
466 0.851414
467 0.853622
468 0.765200
469 0.883032
470 0.701053
471 0.856065
472 0.853559
473 0.889207
474 0.893935
475 0.772165
476 0.819203
477 0.891485
478 0.730540
479 0.902081
480 0.847661
481 0.892053
482 0.904159
483 0.779493
484 0.868521
485 0.789808
486 0.758901
487 0.816965
488 0.763695
489 0.879956
490 0.862064
491 0.902931
492 0.651238
493 0.820362
494 0.807728
495 0.916581
496 0.915153
497 0.811448
498 0.751558
499 0.802132
500 0.844030
501 0.866248
502 0.873032
503 0.889948
504 0.917313
505 0.870852
506 0.865288
507 0.879937
508 0.808046
509 0.896167
510 0.909859
511 0.879168
512 0.873511
513 0.799702
514 0.827098
515 0.869733
516 0.839529
517 0.809874
518 0.798867
519 0.886941
520 0.813093
521 0.868569
522 0.782419
523 0.885513
524 0.820173
525 0.864683
526 0.888705
527 0.842095
528 0.702051
529 0.847416
530 0.806189
531 0.859304
532 0.782645
533 0.792715
534 0.902818
535 0.845748
536 0.731490
537 0.871544
538 0.879163
539 0.939605
540 0.945591
541 0.949339
542 0.878869
543 0.867349
544 0.804001
545 0.885735
546 0.760320
547 0.820030
548 0.861947
549 0.857492
550 0.792901
551 0.869677
552 0.884142
553 0.900739
554 0.799955
555 0.933191
556 0.916018
557 0.780637
558 0.897489
559 0.853109
560 0.845464
561 0.801076
562 0.829687
563 0.629727
564 0.842940
565 0.809873
566 0.887707
567 0.845293
568 0.915899
569 0.824110
570 0.797489
571 0.815766
572 0.862028
573 0.863221
574 0.709549
575 0.848478
576 0.841143
577 0.905305
578 0.867706
579 0.888011
580 0.913975
581 0.896726
582 0.868562
583 0.858302
584 0.899896
585 0.856447
586 0.861601
587 0.797582
588 0.839896
589 0.895654
590 0.932603
591 0.936922
592 0.945958
593 0.857581
594 0.862984
595 0.846707
596 0.880704
597 0.849934
598 0.862950
599 0.839203
600 0.798515
601 0.763530
602 0.781416
603 0.624862
604 0.304818
605 0.786111
606 0.761718
607 0.767242
608 0.846145
609 0.916084
610 0.936233
611 0.874638
612 0.646309
613 0.772879
614 0.828294
615 0.830293
616 0.873302
617 0.633453
618 0.900350
619 0.865320
620 0.715247
621 0.687702
622 0.764972
623 0.737995
624 0.824620
625 0.897730
626 0.918078
627 0.949784
628 0.822241
629 0.864769
630 0.838316
631 0.754104
632 0.813140
633 0.834651
634 0.775336
635 0.812831
636 0.822483
637 0.520863
638 0.718402
639 0.693812
640 0.668908
641 0.630169
642 0.819697
643 0.783593
644 0.873435
645 0.625201
646 0.673912
647 0.373364
648 0.783902
649 0.573658
650 0.080021
651 0.277276
652 0.198295
653 0.273700
654 0.771093
655 0.773744
656 0.670552
657 0.240466
658 0.779776
659 0.790083
660 0.694741
661 0.722086
662 0.591099
663 0.857576
664 0.678750
665 0.577572
666 0.233865
667 0.753083
668 0.722129
669 0.312034
670 0.715793
671 0.785335
672 0.625280
673 0.700134
674 0.117214
675 0.711165
676 0.581273
677 0.756068
678 0.709868
679 0.597034
680 0.676014
681 0.655314
682 0.747509
683 0.247911
684 0.394853
685 0.703615
686 0.666648
687 0.620564
688 0.348647
689 0.428715
690 0.673250
691 0.621677
692 0.740701
693 0.696017
694 0.574444
695 0.672810
696 0.780029
697 0.322972
698 0.620616
699 0.358417
700 0.658000
701 0.539022
702 0.702436
703 0.700763
704 0.551263
705 0.677584
706 0.416114
707 0.559262
708 0.500713
709 0.583927
710 0.467294
711 0.615160
712 0.637877
713 0.391319
714 0.717153
715 0.274555
716 0.657937
717 0.668643
718 0.623483
719 0.493328
720 0.536048
721 0.719431
722 0.815318
723 0.313305
724 0.340983
725 0.735912
726 0.608463
727 0.438812
728 0.150410
729 0.684439
730 0.503502
731 0.644406
732 0.798524
733 0.713811
734 0.670579
735 0.531009
736 0.843546
737 0.769391
738 0.701883
739 0.694954
740 0.807446
741 0.795530
742 0.812514
743 0.809636
744 0.702695
745 0.460299
746 0.600001
747 0.847241
748 0.566748
749 0.354295
750 0.784980
751 0.762288
752 0.846754
753 0.699348
754 0.759727
755 0.214968
756 0.253097
757 0.421136
758 0.485675
759 0.527182
760 0.570925
761 0.811362
762 0.720135
763 0.711985
764 0.726756
765 0.697648
766 0.450101
767 0.754029
768 0.634082
769 0.817785
770 0.287925
771 0.498807
772 0.589295
773 0.492896
774 0.506021
775 0.577894
776 0.489605
777 0.140856
778 0.831685
779 0.731957
780 0.850259
781 0.568253
782 0.747216
783 0.773729
784 0.763336
785 0.921461
786 0.805869
787 0.856681
788 0.764974
789 0.513500
790 0.696047
791 0.601882
792 0.804804
793 0.290169
794 0.680860
795 0.765828
796 0.639319
797 0.628090
798 0.556795
799 0.396377
800 0.694373
801 0.656476
802 0.034766
803 0.468926
804 0.036309
805 0.718479
806 0.580188
807 0.724516
808 0.489311
809 0.673914
810 0.352361
811 0.656416
812 0.129855
813 0.650899
814 0.855137
815 0.567694
816 0.440006
817 0.215894
818 0.417964
819 0.518919
820 0.075715
821 0.504245
822 0.532412
823 0.605916
824 0.331871
825 0.757350
826 0.537075
827 0.625611
828 0.433737
829 0.724650
830 0.709534
831 0.672407
832 0.573826
833 0.331649
834 0.564319
835 0.713204
836 0.757221
837 0.314222
838 0.629118
839 0.746101
840 0.232672
841 0.362608
842 0.391004
843 0.675536
844 0.202433
845 0.446847
846 0.660865
847 0.300172
848 0.793775
849 0.741664
850 0.733481
851 0.507151
852 0.769608
853 0.598527
854 0.383469
855 0.689890
856 0.832161
857 0.544398
858 0.359585
859 0.649155
860 0.411149
861 0.530030
862 0.717750
863 0.881760
864 0.141792
865 0.377875
866 0.437558
867 0.646334
868 0.497784
869 0.467079
870 0.536487
871 0.458534
872 0.612157
873 0.499878
874 0.627993
875 0.674382
876 0.719529
877 0.367174
878 0.821623
879 0.678693
880 0.369365
881 0.689572
882 0.341622
883 0.192728
884 0.462851
885 0.656314
886 0.360166
887 0.421067
888 0.746926
889 0.640109
890 0.661411
891 0.725930
892 0.415288
893 0.377983
894 0.562792
895 0.576483
896 0.725839
897 0.594741
898 -0.321164
899 0.341351
900 0.538030
901 0.177055
902 0.515385
903 0.274688
904 0.446999
905 0.242231
906 0.576068
907 0.573200
908 0.630347
909 0.407427
910 0.606172
911 0.312542
912 0.361934
913 0.545985
914 0.489954
915 0.402018
916 0.538777
917 0.103199
918 0.303465
919 0.465651
920 0.547924
921 0.021976
922 0.423790
923 0.703193
924 0.647927
925 0.336325
926 0.755308
927 0.452128
928 0.308966
929 0.782394
930 0.644045
931 0.627132
932 0.626006
933 0.272719
934 0.562915
935 0.694537
936 0.412816
937 0.633404
938 0.675294
939 0.839706
940 0.549047
941 0.624954
942 0.665190
943 0.450932
944 0.303103
945 0.616400
946 0.797628
947 0.550986
948 0.489196
949 0.757741
950 0.577110
951 0.707950
952 0.618968
953 0.253471
954 0.192530
955 0.575221
956 0.553933
957 0.299592
958 0.487609
959 0.566687
960 0.617981
961 0.477434
962 0.479129
963 0.585966
964 0.572770
965 0.710733
966 0.397855
967 0.465007
968 0.569266
969 0.665370
970 0.320792
971 0.107248
972 0.654812
973 0.757676
974 0.804567
975 0.586326
976 0.231185
977 0.463506
978 0.427695
979 0.524578
980 0.482746
981 0.584928
982 0.524115
983 0.139189
984 0.728402
985 0.611433
986 0.653611
987 0.650840
988 0.503843
989 0.798806
990 0.672811
991 0.579671
992 0.438372
993 0.536543
994 0.415271
995 0.433916
996 0.655241
997 0.384724
998 0.042201
999 0.655045
1000 0.806279
1001 0.227347
1002 0.696585
1003 0.419297
1004 0.430511
1005 0.691278
1006 0.560463
1007 0.516465
1008 0.684029
1009 0.309701
1010 0.628004
1011 0.561172
1012 0.497010
1013 0.723411
1014 0.611905
1015 0.662554
1016 0.303016
1017 0.551537
1018 0.538595
1019 0.662003
1020 0.552636
1021 0.649919
1022 0.490605
1023 0.698603
1024 0.565948
1025 0.494576
1026 0.800660
1027 0.593860
1028 0.531118
1029 0.360770
1030 0.609085
1031 0.362183
1032 0.525543
1033 0.757449
1034 0.461428
1035 0.716082
1036 0.254463
1037 0.651907
1038 0.642050
1039 0.798231
1040 0.697068
1041 0.704513
1042 0.554035
1043 0.583130
1044 0.773460
1045 0.636316
1046 0.316582
1047 0.713002
1048 0.660642
1049 0.707585
1050 0.719477
1051 0.643501
1052 0.040294
1053 -0.132481
1054 0.266821
1055 0.261540
1056 0.555687
1057 0.587317
1058 0.403272
1059 0.680351
1060 0.693830
1061 0.657895
1062 0.625327
1063 0.513389
1064 0.493091
1065 0.698238
1066 0.547947
1067 0.543843
1068 0.435947
1069 0.499407
1070 0.525043
1071 0.630544
1072 0.237370
1073 0.235566
1074 0.358588
1075 0.491623
1076 0.491243
1077 0.730612
1078 0.507974
1079 0.456242
1080 0.841980
1081 0.387606
1082 0.744806
1083 0.635491
1084 0.574533
1085 0.631191
1086 0.720158
1087 0.217719
1088 0.276888
1089 0.614049
1090 0.478158
1091 0.347045
1092 0.901989
1093 0.617338
1094 0.751296
1095 0.859710
1096 0.716576
1097 0.845443
1098 0.817833
1099 0.878326
1100 0.676859
1101 0.611419
1102 0.584481
1103 0.485495
1104 0.485258
1105 0.300051
1106 0.296755
1107 0.480337
1108 0.365033
1109 0.817235
1110 0.840015
1111 0.570410
1112 0.798412
1113 0.508247
1114 0.535559
1115 0.569109
1116 0.638163
1117 0.589237
1118 0.584399
1119 0.451328
1120 0.692294
1121 0.627423
1122 0.409460
1123 0.663595
1124 0.608756
1125 0.713170
1126 0.766052
1127 0.848030
1128 0.573599
1129 0.434128
1130 0.290220
1131 0.717704
1132 0.225115
1133 0.315515
1134 0.488000
1135 0.562730
1136 0.357957
1137 0.416527
1138 0.617748
1139 0.610477
1140 0.699558
1141 0.625685
1142 0.602629
1143 0.758594
1144 0.734779
1145 0.768136
1146 0.630744
1147 0.756853
1148 0.683945
1149 0.684332
1150 0.734171
1151 0.712246
1152 0.626522
1153 0.790365
1154 0.770585
1155 0.695276
1156 0.516468
1157 0.555395
1158 0.476710
1159 0.643901
1160 0.699786
1161 0.626428
1162 0.471620
1163 0.483877
1164 0.355091
1165 0.756794
1166 0.374916
1167 0.267950
1168 0.650642
1169 0.739211
1170 0.761641
1171 0.620092
1172 0.707643
1173 0.696675
1174 0.541994
1175 0.577278
1176 0.607450
1177 0.785029
1178 0.568533
1179 0.550309
1180 0.647472
1181 0.496402
1182 0.721753
1183 0.707681
1184 0.439549
1185 0.856527
1186 0.852696
1187 0.784263
1188 0.571297
1189 0.454298
1190 0.503346
1191 0.671748
1192 0.757240
1193 0.723670
1194 0.772140
1195 0.805337
1196 0.573200
1197 0.399369
1198 0.613311
1199 0.331571
1200 0.473456
1201 0.811422
1202 0.683288
1203 0.558406
1204 0.732743
1205 0.250061
1206 0.591518
1207 0.464954
1208 0.594278
1209 0.657318
1210 0.596751
1211 0.483856
1212 0.643548
1213 0.757806
1214 0.282622
1215 0.729844
1216 0.501265
1217 0.545839
1218 0.430574
1219 0.563935
1220 0.748182
1221 0.550759
1222 0.271415
1223 0.282772
0 -0.499343
1 -0.499343
2 -0.499343
3 -0.164917
4 -0.262684
5 -0.335211
6 0.296675
7 0.223709
8 0.726712
9 0.720863
10 0.781456
11 0.904133
12 0.796737
13 0.884157
14 0.718068
15 0.723165
16 0.766628
17 0.540975
18 0.651274
19 0.845540
20 0.796325
21 0.798752
22 0.840087
23 0.848998
24 0.814854
25 0.730474
26 0.827537
27 0.863831
28 0.721081
29 0.854453
30 0.903037
31 0.817214
32 0.882613
33 0.874717
34 0.882758
35 0.820394
36 0.863462
37 0.903413
38 0.729826
39 0.863792
40 0.894685
41 0.906242
42 0.755545
43 0.845837
44 0.789679
45 0.873798
46 0.851902
47 0.846065
48 0.917799
49 0.867239
50 0.885256
51 0.783901
52 0.822460
53 0.846076
54 0.816922
55 0.896659
56 0.885344
57 0.919808
58 0.875105
59 0.811615
60 0.848585
61 0.706566
62 0.470535
63 0.728669
64 0.786065
65 0.868388
66 0.798956
67 0.908901
68 0.811463
69 0.862799
70 0.624360
71 0.779140
72 0.878411
73 0.872742
74 0.792777
75 0.793846
76 0.892436
77 0.897882
78 0.943581
79 0.878640
80 0.729169
81 0.914091
82 0.914292
83 0.931677
84 0.810067
85 0.699999
86 0.823326
87 0.765494
88 0.817621
89 0.799253
90 0.752712
91 0.841409
92 0.863856
93 0.862142
94 0.748631
95 0.689518
96 0.799600
97 0.747677
98 0.887151
99 0.838265
100 0.813957
101 0.777887
102 0.751854
103 0.741246
104 0.742763
105 0.830089
106 0.892700
107 0.860912
108 0.923920
109 0.868680
110 0.872958
111 0.936657
112 0.839430
113 0.859547
114 0.854707
115 0.745682
116 0.906035
117 0.949639
118 0.748454
119 0.864255
120 0.829239
121 0.800741
122 0.826131
123 0.785640
124 0.764658
125 0.867275
126 0.865415
127 0.828766
128 0.713651
129 0.673547
130 0.719562
131 0.879007
132 0.846984
133 0.828689
134 0.807226
135 0.899963
136 0.886745
137 0.896096
138 0.844735
139 0.878788
140 0.871599
141 0.860873
142 0.895309
143 0.894965
144 0.867125
145 0.883613
146 0.869832
147 0.802889
148 0.787563
149 0.863585
150 0.571212
151 0.627216
152 0.860149
153 0.694041
154 0.736435
155 0.857477
156 0.872271
157 0.596224
158 0.888413
159 0.843152
160 0.879736
161 0.753233
162 0.785423
163 0.794358
164 0.626891
165 0.831192
166 0.835169
167 0.734484
168 0.858325
169 0.875907
170 0.910264
171 0.837399
172 0.774308
173 0.842956
174 0.731350
175 0.910995
176 0.896048
177 0.875952
178 0.807045
179 0.863056
180 0.821415
181 0.805244
182 0.788926
183 0.789210
184 0.867933
185 0.844998
186 0.913017
187 0.842593
188 0.721297
189 0.786986
190 0.815098
191 0.929539
192 0.901754
193 0.831174
194 0.900966
195 0.815110
196 0.914100
197 0.951856
198 0.796002
199 0.814277
200 0.782937
201 0.906094
202 0.899482
203 0.947724
204 0.823241
205 0.774166
206 0.879068
207 0.798416
208 0.930580
209 0.881704
210 0.672151
211 0.828648
212 0.896613
213 0.923565
214 0.843256
215 0.832699
216 0.778881
217 0.909258
218 0.912647
219 0.918851
220 0.909865
221 0.896554
222 0.887450
223 0.726145
224 0.848110
225 0.870502
226 0.851265
227 0.717722
228 0.489109
229 0.724335
230 0.745198
231 0.738129
232 0.772004
233 0.694685
234 0.722674
235 0.806720
236 0.794313
237 0.808468
238 0.835233
239 0.828219
240 0.790657
241 0.827481
242 0.807591
243 0.802434
244 0.845724
245 0.649546
246 0.808148
247 0.824731
248 0.787279
249 0.563805
250 0.303502
251 0.889236
252 0.671573
253 0.643430
254 0.636901
255 0.657245
256 0.669713
257 0.689852
258 0.739644
259 0.770258
260 0.587292
261 0.418572
262 0.731363
263 0.774573
264 0.660218
265 0.556436
266 0.683896
267 0.777913
268 0.511950
269 0.586849
270 0.792533
271 0.780472
272 0.727045
273 0.698986
274 0.826291
275 0.742472
276 0.770638
277 0.799472
278 0.730046
279 0.727286
280 0.646975
281 0.780805
282 0.630905
283 0.793549
284 0.727289
285 0.786945
286 0.791419
287 0.832502
288 0.737257
289 0.381890
290 0.738757
291 0.739351
292 0.835545
293 0.759553
294 0.738819
295 0.630984
296 0.800076
297 0.746823
298 0.769395
299 0.830712
300 0.805330
301 0.819388
302 0.619757
303 0.814042
304 0.575715
305 0.852135
306 0.732779
307 0.795253
308 0.730161
309 0.801839
310 0.740791
311 0.791994
312 0.810002
313 0.604450
314 0.747340
315 0.671542
316 0.796448
317 0.720675
318 0.794346
319 0.669973
320 0.762061
321 0.822391
322 0.759114
323 0.831946
324 0.807046
325 0.820536
326 0.600672
327 0.834649
328 0.743196
329 0.677049
330 0.674025
331 0.801728
332 0.613742
333 0.494422
334 0.848874
335 0.755758
336 0.745191
337 0.886796
338 0.755934
339 0.746294
340 0.837053
341 0.853748
342 0.803314
343 0.870400
344 0.686339
345 0.906491
346 0.914284
347 0.820297
348 0.851652
349 0.833062
350 0.849577
351 0.894417
352 0.793196
353 0.783919
354 0.877331
355 0.775275
356 0.649095
357 0.786865
358 0.737550
359 0.847951
360 0.807823
361 0.872096
362 0.873181
363 0.799127
364 0.823736
365 0.677096
366 0.840457
367 0.874077
368 0.840109
369 0.779934
370 0.774809
371 0.844191
372 0.770393
373 0.846199
374 0.786825
375 0.856791
376 0.857625
377 0.769263
378 0.897919
379 0.862513
380 0.685360
381 0.835947
382 0.843272
383 0.857783
384 0.804583
385 0.768978
386 0.850547
387 0.708701
388 0.814462
389 0.801760
390 0.756598
391 0.842621
392 0.656736
393 0.814943
394 0.740302
395 0.721544
396 0.826423
397 0.618740
398 0.775137
399 0.813702
400 0.503586
401 0.818735
402 0.666396
403 0.828376
404 0.879943
405 0.801720
406 0.831515
407 0.699385
408 0.800835
409 0.843280
410 0.749596
411 0.774944
412 0.841134
413 0.822300
414 0.876859
415 0.896316
416 0.764825
417 0.723023
418 0.782075
419 0.824289
420 0.747435
421 0.816736
422 0.846879
423 0.523796
424 0.819601
425 0.842113
426 0.739651
427 0.788721
428 0.760862
429 0.867580
430 0.884572
431 0.873195
432 0.817171
433 0.846877
434 0.605281
435 0.860305
436 0.897668
437 0.844017
438 0.772245
439 0.673148
440 0.868258
441 0.796293
442 0.748101
443 0.859198
444 0.858968
445 0.845627
446 0.896940
447 0.761929
448 0.826733
449 0.890750
450 0.839738
451 0.728574
452 0.889639
453 0.844261
454 0.889749
455 0.721935
456 0.850918
457 0.755692
458 0.794986
459 0.830359
460 0.798209
461 0.760398
462 0.847713
463 0.744747
464 0.894815
465 0.712512
466 0.851414
467 0.853622
468 0.765200
469 0.883032
470 0.701053
471 0.856065
472 0.853559
473 0.889207
474 0.893935
475 0.772165
476 0.819203
477 0.891485
478 0.730540
479 0.902081
480 0.847661
481 0.892053
482 0.904159
483 0.779493
484 0.868521
485 0.789808
486 0.758901
487 0.816965
488 0.763695
489 0.879956
490 0.862064
491 0.902931
492 0.651238
493 0.820362
494 0.807728
495 0.916581
496 0.915153
497 0.811448
498 0.751558
499 0.802132
500 0.844030
501 0.866248
502 0.873032
503 0.889948
504 0.917313
505 0.870852
506 0.865288
507 0.879937
508 0.808046
509 0.896167
510 0.909859
511 0.879168
512 0.873511
513 0.799702
514 0.827098
515 0.869733
516 0.839529
517 0.809874
518 0.798867
519 0.886941
520 0.813093
521 0.868569
522 0.782419
523 0.885513
524 0.820173
525 0.864683
526 0.888705
527 0.842095
528 0.702051
529 0.847416
530 0.806189
531 0.859304
532 0.782645
533 0.792715
534 0.902818
535 0.845748
536 0.731490
537 0.871544
538 0.879163
539 0.939605
540 0.945591
541 0.949339
542 0.878869
543 0.867349
544 0.804001
545 0.885735
546 0.760320
547 0.820030
548 0.861947
549 0.857492
550 0.792901
551 0.869677
552 0.884142
553 0.900739
554 0.799955
555 0.933191
556 0.916018
557 0.780637
558 0.897489
559 0.853109
560 0.845464
561 0.801076
562 0.829687
563 0.629727
564 0.842940
565 0.809873
566 0.887707
567 0.845293
568 0.915899
569 0.824110
570 0.797489
571 0.815766
572 0.862028
573 0.863221
574 0.709549
575 0.848478
576 0.841143
577 0.905305
578 0.867706
579 0.888011
580 0.913975
581 0.896726
582 0.868562
583 0.858302
584 0.899896
585 0.856447
586 0.861601
587 0.797582
588 0.839896
589 0.895654
590 0.932603
591 0.936922
592 0.945958
593 0.857581
594 0.862984
595 0.846707
596 0.880704
597 0.849934
598 0.862950
599 0.839203
600 0.798515
601 0.763530
602 0.781416
603 0.624862
604 0.304818
605 0.786111
606 0.761718
607 0.767242
608 0.846145
609 0.916084
610 0.936233
611 0.874638
612 0.646309
613 0.772879
614 0.828294
615 0.830293
616 0.873302
617 0.633453
618 0.900350
619 0.865320
620 0.715247
621 0.687702
622 0.764972
623 0.737995
624 0.824620
625 0.897730
626 0.918078
627 0.949784
628 0.822241
629 0.864769
630 0.838316
631 0.754104
632 0.813140
633 0.834651
634 0.775336
635 0.812831
636 0.822483
637 0.520863
638 0.718402
639 0.693812
640 0.668908
641 0.630169
642 0.819697
643 0.783593
644 0.873435
645 0.625201
646 0.673912
647 0.373364
648 0.783902
649 0.573658
650 0.080021
651 0.277276
652 0.198295
653 0.273700
654 0.771093
655 0.773744
656 0.670552
657 0.240466
658 0.779776
659 0.790083
660 0.694741
661 0.722086
662 0.591099
663 0.857576
664 0.678750
665 0.577572
666 0.233865
667 0.753083
668 0.722129
669 0.312034
670 0.715793
671 0.785335
672 0.625280
673 0.700134
674 0.117214
675 0.711165
676 0.581273
677 0.756068
678 0.709868
679 0.597034
680 0.676014
681 0.655314
682 0.747509
683 0.247911
684 0.394853
685 0.703615
686 0.666648
687 0.620564
688 0.348647
689 0.428715
690 0.673250
691 0.621677
692 0.740701
693 0.696017
694 0.574444
695 0.672810
696 0.780029
697 0.322972
698 0.620616
699 0.358417
700 0.658000
701 0.539022
702 0.702436
703 0.700763
704 0.551263
705 0.677584
706 0.416114
707 0.559262
708 0.500713
709 0.583927
710 0.467294
711 0.615160
712 0.637877
713 0.391319
714 0.717153
715 0.274555
716 0.657937
717 0.668643
718 0.623483
719 0.493328
720 0.536048
721 0.719431
722 0.815318
723 0.313305
724 0.340983
725 0.735912
726 0.608463
727 0.438812
728 0.150410
729 0.684439
730 0.503502
731 0.644406
732 0.798524
733 0.713811
734 0.670579
735 0.531009
736 0.843546
737 0.769391
738 0.701883
739 0.694954
740 0.807446
741 0.795530
742 0.812514
743 0.809636
744 0.702695
745 0.460299
746 0.600001
747 0.847241
748 0.566748
749 0.354295
750 0.784980
751 0.762288
752 0.846754
753 0.699348
754 0.759727
755 0.214968
756 0.253097
757 0.421136
758 0.485675
759 0.527182
760 0.570925
761 0.811362
762 0.720135
763 0.711985
764 0.726756
765 0.697648
766 0.450101
767 0.754029
768 0.634082
769 0.817785
770 0.287925
771 0.498807
772 0.589295
773 0.492896
774 0.506021
775 0.577894
776 0.489605
777 0.140856
778 0.831685
779 0.731957
780 0.850259
781 0.568253
782 0.747216
783 0.773729
784 0.763336
785 0.921461
786 0.805869
787 0.856681
788 0.764974
789 0.513500
790 0.696047
791 0.601882
792 0.804804
793 0.290169
794 0.680860
795 0.765828
796 0.639319
797 0.628090
798 0.556795
799 0.396377
800 0.694373
801 0.656476
802 0.034766
803 0.468926
804 0.036309
805 0.718479
806 0.580188
807 0.724516
808 0.489311
809 0.673914
810 0.352361
811 0.656416
812 0.129855
813 0.650899
814 0.855137
815 0.567694
816 0.440006
817 0.215894
818 0.417964
819 0.518919
820 0.075715
821 0.504245
822 0.532412
823 0.605916
824 0.331871
825 0.757350
826 0.537075
827 0.625611
828 0.433737
829 0.724650
830 0.709534
831 0.672407
832 0.573826
833 0.331649
834 0.564319
835 0.713204
836 0.757221
837 0.314222
838 0.629118
839 0.746101
840 0.232672
841 0.362608
842 0.391004
843 0.675536
844 0.202433
845 0.446847
846 0.660865
847 0.300172
848 0.793775
849 0.741664
850 0.733481
851 0.507151
852 0.769608
853 0.598527
854 0.383469
855 0.689890
856 0.832161
857 0.544398
858 0.359585
859 0.649155
860 0.411149
861 0.530030
862 0.717750
863 0.881760
864 0.141792
865 0.377875
866 0.437558
867 0.646334
868 0.497784
869 0.467079
870 0.536487
871 0.458534
872 0.612157
873 0.499878
874 0.627993
875 0.674382
876 0.719529
877 0.367174
878 0.821623
879 0.678693
880 0.369365
881 0.689572
882 0.341622
883 0.192728
884 0.462851
885 0.656314
886 0.360166
887 0.421067
888 0.746926
889 0.640109
890 0.661411
891 0.725930
892 0.415288
893 0.377983
894 0.562792
895 0.576483
896 0.725839
897 0.594741
898 -0.321164
899 0.341351
900 0.538030
901 0.177055
902 0.515385
903 0.274688
904 0.446999
905 0.242231
906 0.576068
907 0.573200
908 0.630347
909 0.407427
910 0.606172
911 0.312542
912 0.361934
913 0.545985
914 0.489954
915 0.402018
916 0.538777
917 0.103199
918 0.303465
919 0.465651
920 0.547924
921 0.021976
922 0.423790
923 0.703193
924 0.647927
925 0.336325
926 0.755308
927 0.452128
928 0.308966
929 0.782394
930 0.644045
931 0.627132
932 0.626006
933 0.272719
934 0.562915
935 0.694537
936 0.412816
937 0.633404
938 0.675294
939 0.839706
940 0.549047
941 0.624954
942 0.665190
943 0.450932
944 0.303103
945 0.616400
946 0.797628
947 0.550986
948 0.489196
949 0.757741
950 0.577110
951 0.707950
952 0.618968
953 0.253471
954 0.192530
955 0.575221
956 0.553933
957 0.299592
958 0.487609
959 0.566687
960 0.617981
961 0.477434
962 0.479129
963 0.585966
964 0.572770
965 0.710733
966 0.397855
967 0.465007
968 0.569266
969 0.665370
970 0.320792
971 0.107248
972 0.654812
973 0.757676
974 0.804567
975 0.586326
976 0.231185
977 0.463506
978 0.427695
979 0.524578
980 0.482746
981 0.584928
982 0.524115
983 0.139189
984 0.728402
985 0.611433
986 0.653611
987 0.650840
988 0.503843
989 0.798806
990 0.672811
991 0.579671
992 0.438372
993 0.536543
994 0.415271
995 0.433916
996 0.655241
997 0.384724
998 0.042201
999 0.655045
1000 0.806279
1001 0.227347
1002 0.696585
1003 0.419297
1004 0.430511
1005 0.691278
1006 0.560463
1007 0.516465
1008 0.684029
1009 0.309701
1010 0.628004
1011 0.561172
1012 0.497010
1013 0.723411
1014 0.611905
1015 0.662554
1016 0.303016
1017 0.551537
1018 0.538595
1019 0.662003
1020 0.552636
1021 0.649919
1022 0.490605
1023 0.698603
1024 0.565948
1025 0.494576
1026 0.800660
1027 0.593860
1028 0.531118
1029 0.360770
1030 0.609085
1031 0.362183
1032 0.525543
1033 0.757449
1034 0.461428
1035 0.716082
1036 0.254463
1037 0.651907
1038 0.642050
1039 0.798231
1040 0.697068
1041 0.704513
1042 0.554035
1043 0.583130
1044 0.773460
1045 0.636316
1046 0.316582
1047 0.713002
1048 0.660642
1049 0.707585
1050 0.719477
1051 0.643501
1052 0.040294
1053 -0.132481
1054 0.266821
1055 0.261540
1056 0.555687
1057 0.587317
1058 0.403272
1059 0.680351
1060 0.693830
1061 0.657895
1062 0.625327
1063 0.513389
1064 0.493091
1065 0.698238
1066 0.547947
1067 0.543843
1068 0.435947
1069 0.499407
1070 0.525043
1071 0.630544
1072 0.237370
1073 0.235566
1074 0.358588
1075 0.491623
1076 0.491243
1077 0.730612
1078 0.507974
1079 0.456242
1080 0.841980
1081 0.387606
1082 0.744806
1083 0.635491
1084 0.574533
1085 0.631191
1086 0.720158
1087 0.217719
1088 0.276888
1089 0.614049
1090 0.478158
1091 0.347045
1092 0.901989
1093 0.617338
1094 0.751296
1095 0.859710
1096 0.716576
1097 0.845443
1098 0.817833
1099 0.878326
1100 0.676859
1101 0.611419
1102 0.584481
1103 0.485495
1104 0.485258
1105 0.300051
1106 0.296755
1107 0.480337
1108 0.365033
1109 0.817235
1110 0.840015
1111 0.570410
1112 0.798412
1113 0.508247
1114 0.535559
1115 0.569109
1116 0.638163
1117 0.589237
1118 0.584399
1119 0.451328
1120 0.692294
1121 0.627423
1122 0.409460
1123 0.663595
1124 0.608756
1125 0.713170
1126 0.766052
1127 0.848030
1128 0.573599
1129 0.434128
1130 0.290220
1131 0.717704
1132 0.225115
1133 0.315515
1134 0.488000
1135 0.562730
1136 0.357957
1137 0.416527
1138 0.617748
1139 0.610477
1140 0.699558
1141 0.625685
1142 0.602629
1143 0.758594
1144 0.734779
1145 0.768136
1146 0.630744
1147 0.756853
1148 0.683945
1149 0.684332
1150 0.734171
1151 0.712246
1152 0.626522
1153 0.790365
1154 0.770585
1155 0.695276
1156 0.516468
1157 0.555395
1158 0.476710
1159 0.643901
1160 0.699786
1161 0.626428
1162 0.471620
1163 0.483877
1164 0.355091
1165 0.756794
1166 0.374916
1167 0.267950
1168 0.650642
1169 0.739211
1170 0.761641
1171 0.620092
1172 0.707643
1173 0.696675
1174 0.541994
1175 0.577278
1176 0.607450
1177 0.785029
1178 0.568533
1179 0.550309
1180 0.647472
1181 0.496402
1182 0.721753
1183 0.707681
1184 0.439549
1185 0.856527
1186 0.852696
1187 0.784263
1188 0.571297
1189 0.454298
1190 0.503346
1191 0.671748
1192 0.757240
1193 0.723670
1194 0.772140
1195 0.805337
1196 0.573200
1197 0.399369
1198 0.613311
1199 0.331571
1200 0.473456
1201 0.811422
1202 0.683288
1203 0.558406
1204 0.732743
1205 0.250061
1206 0.591518
1207 0.464954
1208 0.594278
1209 0.657318
1210 0.596751
1211 0.483856
1212 0.643548
1213 0.757806
1214 0.282622
1215 0.729844
1216 0.501265
1217 0.545839
1218 0.430574
1219 0.563935
1220 0.748182
1221 0.550759
1222 0.271415
1223 0.282772
