0 -0.067477
1 -0.015539
2 0.070600
3 0.040540
4 -0.000254
5 0.090906
6 0.189724
7 -0.032914
8 -0.125976
9 -0.010285
10 0.167496
11 0.030878
12 -0.191969
13 -0.159135
14 -0.135497
15 0.091981
16 -0.215002
17 0.165771
18 0.115527
19 -0.135825
20 0.195245
21 0.148792
22 0.063871
23 -0.148129
24 0.129693
25 -0.056936
26 -0.154225
27 0.021338
28 0.108528
29 -0.112136
30 0.001710
31 -0.228190
32 -0.003334
33 0.050286
34 0.102395
35 -0.041597
36 0.058703
37 0.035166
38 0.187252
39 0.187503
40 0.110931
41 0.026453
42 0.183262
43 0.139409
44 0.195129
45 0.253572
46 -0.065929
47 0.194152
48 -0.098986
49 -0.156198
50 0.049099
51 -0.047032
52 0.180264
53 -0.295415
54 0.176895
55 0.256867
56 0.001277
57 0.129905
58 -0.235689
59 0.033181
60 -0.033857
61 -0.116384
62 -0.115690
63 0.051570
64 0.044602
65 0.046615
66 0.119099
67 0.003848
68 0.042000
69 0.178171
70 -0.011315
71 0.101165
72 -0.197235
73 -0.005563
74 0.007735
75 0.105694
76 -0.022641
77 0.044812
78 0.206231
79 0.048529
80 0.065458
81 -0.148883
82 -0.119259
83 0.031409
84 0.083199
85 -0.061740
86 0.185342
87 -0.006842
88 -0.162343
89 0.152675
90 0.038028
91 -0.160588
92 -0.074329
93 0.025472
94 0.121164
95 -0.014271
96 -0.034898
97 -0.068579
98 0.175217
99 -0.057968
100 -0.019777
101 0.327126
102 -0.047889
103 0.015818
104 -0.013685
105 0.230879
106 0.068368
107 0.139513
108 0.066859
109 0.093253
110 -0.214118
111 -0.063675
112 0.115307
113 0.026984
114 -0.065193
115 0.128329
116 0.123819
117 0.188588
118 0.105743
119 -0.006379
120 0.068032
121 0.050198
122 -0.188435
123 0.000089
124 -0.097280
125 0.095875
126 -0.102633
127 -0.013995
128 -0.235829
129 0.059991
130 0.067639
131 -0.212897
132 0.117437
133 -0.072404
134 -0.105058
135 0.058137
136 0.062780
137 0.023913
138 0.002630
139 0.088488
140 -0.167269
141 -0.078793
142 0.133512
143 -0.085290
144 0.298324
145 -0.153507
146 0.246598
147 -0.115681
148 -0.176748
149 0.068322
150 0.025108
151 0.109551
152 -0.054734
153 0.075788
154 -0.028025
155 -0.041565
156 0.070937
157 -0.003917
158 -0.103845
159 0.019776
160 -0.340120
161 0.185499
162 0.043386
163 0.187656
164 0.196287
165 0.120065
166 -0.011966
167 -0.133245
168 0.221056
169 -0.165471
170 -0.000381
171 -0.035072
172 -0.047946
173 0.141025
174 -0.058909
175 0.002261
176 0.112512
177 -0.127448
178 -0.078199
179 0.015898
180 0.032137
181 0.084514
182 0.070454
183 0.082673
184 -0.165125
185 0.188164
186 0.038341
187 -0.016165
188 -0.153400
189 -0.174236
190 0.102951
191 -0.093084
192 0.025903
193 -0.197419
194 -0.044358
195 -0.041618
196 -0.250159
197 -0.122871
198 0.031136
199 0.050048
200 0.033393
201 0.001623
202 -0.071116
203 -0.180909
204 -0.025102
205 -0.100377
206 0.115191
207 0.036772
208 0.031481
209 0.128050
210 -0.014256
211 0.107177
212 0.058354
213 0.091560
214 -0.136529
215 -0.014991
216 -0.234405
217 0.029769
218 0.043441
219 -0.044561
220 -0.033924
221 0.006175
222 -0.122300
223 0.089721
224 0.018705
225 -0.087582
226 0.077579
227 0.049112
228 0.088946
229 -0.034295
230 0.224103
231 -0.077073
232 0.056294
233 -0.107852
234 0.182450
235 -0.051876
236 0.041728
237 -0.176222
238 0.096076
239 -0.053417
240 -0.197608
241 -0.022740
242 -0.039422
243 -0.152790
244 -0.012223
245 -0.043954
246 0.143507
247 -0.107685
248 0.105716
249 0.031305
250 -0.119391
251 -0.219525
252 0.141326
253 -0.008905
254 -0.213005
255 -0.240394
256 0.077218
257 0.089297
258 0.010827
259 0.033248
260 0.057533
261 0.033158
262 -0.003549
263 0.118490
264 0.055953
265 -0.214747
266 0.046370
267 0.002386
268 0.066190
269 0.072634
270 -0.000882
271 -0.086274
272 -0.019770
273 -0.200778
274 0.072980
275 0.097593
276 0.221347
277 -0.118031
278 0.128953
279 0.132930
280 0.176201
281 0.049199
282 0.061447
283 -0.066472
284 -0.022317
285 -0.071963
286 -0.082018
287 0.078433
288 0.046720
289 -0.006699
290 0.127965
291 -0.012936
292 -0.021415
293 -0.000805
294 0.114938
295 -0.015093
296 0.079147
297 -0.042322
298 0.082281
299 -0.002552
300 0.013145
301 0.111488
302 0.073944
303 -0.011259
304 0.006384
305 0.138530
306 0.114905
307 0.021697
308 0.000576
309 -0.077012
310 -0.019115
311 0.006728
312 0.007477
313 -0.354381
314 0.003689
315 0.104841
316 -0.003663
317 -0.287859
318 -0.029029
319 0.088963
320 0.003681
321 0.071370
322 0.054242
323 0.022603
324 -0.006593
325 0.049390
326 0.078461
327 0.037958
328 -0.090594
329 0.121098
330 0.009781
331 0.080906
332 -0.016700
333 0.070475
334 -0.020739
335 -0.023944
336 0.027276
337 0.011982
338 -0.300989
339 -0.061048
340 0.077254
341 -0.029832
342 -0.154532
343 -0.048477
344 -0.067811
345 0.042383
346 -0.101550
347 0.097944
348 0.041539
349 0.113002
350 -0.026453
351 0.059519
352 -0.002873
353 0.004479
354 -0.102430
355 -0.075875
356 0.000974
357 -0.191464
358 -0.049632
359 0.003671
360 0.098300
361 -0.158819
362 0.005424
363 -0.182125
364 0.031876
365 -0.062020
366 0.089970
367 -0.099047
368 -0.037325
369 -0.010291
370 0.068526
371 -0.089291
372 0.009773
373 -0.016646
374 -0.170758
375 -0.036967
376 -0.012236
377 0.017005
378 0.068460
379 0.028047
380 0.128448
381 -0.060752
382 0.060372
383 0.023989
384 0.017796
385 -0.022430
386 0.014057
387 0.007573
388 0.039508
389 -0.097083
390 -0.065700
391 -0.026039
392 0.007372
393 -0.026517
394 0.188280
395 0.020274
396 -0.037663
397 -0.095560
398 0.013258
399 0.033236
400 -0.050440
401 0.019226
402 -0.076843
403 0.173314
404 0.035673
405 -0.030565
406 -0.190262
407 0.023683
408 0.010785
409 -0.055616
410 0.009345
411 0.120934
412 0.015039
413 0.016833
414 -0.050025
415 0.124738
416 -0.067836
417 -0.087412
418 0.006557
419 -0.052263
420 -0.153114
421 0.102843
422 -0.008107
423 -0.029534
424 0.133551
425 -0.031842
426 0.145485
427 -0.006181
428 -0.045021
429 -0.124447
430 -0.214655
431 -0.178811
432 0.024677
433 -0.132949
434 0.031685
435 -0.005628
436 0.001990
437 0.155670
438 -0.197730
439 0.046147
440 0.122671
441 0.028464
442 -0.064310
443 0.069888
444 0.076778
445 0.018341
446 0.088005
447 0.000104
448 0.103213
449 0.001901
450 0.027140
451 -0.101998
452 -0.181997
453 -0.140306
454 -0.132264
455 0.029419
456 -0.020601
457 0.212909
458 -0.222634
459 0.235662
460 -0.056621
461 -0.036356
462 -0.019019
463 0.075498
464 -0.099981
465 0.029383
466 -0.105316
467 0.022160
468 0.011494
469 0.085459
470 0.070407
471 -0.096082
472 -0.195002
473 -0.029060
474 0.009803
475 -0.078255
476 -0.210842
477 0.023391
478 0.127206
479 0.025144
480 0.123812
481 -0.092975
482 0.007661
483 0.052053
484 0.092021
485 -0.085146
486 -0.019772
487 0.013903
488 -0.025199
489 0.164408
490 0.058952
491 -0.029836
492 -0.033657
493 -0.095563
494 0.062283
495 0.042495
496 0.065323
497 -0.150496
498 -0.064727
499 0.024952
500 0.067242
501 -0.124277
502 -0.022603
503 -0.053221
504 -0.119103
505 0.093284
506 0.049209
507 -0.100830
508 0.103493
509 -0.101861
510 0.000687
511 -0.044142
512 -0.210401
513 -0.017188
514 0.038684
515 0.099839
516 0.013568
517 -0.081822
518 -0.130923
519 -0.091737
520 -0.162530
521 0.044390
522 -0.113792
523 0.195546
524 -0.027132
525 -0.115512
526 -0.004907
527 -0.045341
528 -0.178148
529 -0.172365
530 -0.002215
531 -0.063665
532 -0.063195
533 -0.044977
534 0.027718
535 -0.024033
536 -0.048613
537 -0.020312
538 -0.114025
539 -0.122847
540 -0.118856
541 -0.067326
542 -0.209427
543 -0.082870
544 -0.011367
545 -0.030080
546 -0.031479
547 0.017826
548 -0.047648
549 -0.137401
550 0.063997
551 -0.046202
552 -0.058212
553 0.085579
554 -0.066418
555 -0.067085
556 0.050681
557 -0.177040
558 0.062884
559 -0.113191
560 -0.294936
561 -0.028548
562 -0.056803
563 0.008936
564 0.001254
565 -0.014769
566 -0.070674
567 0.019142
568 -0.086638
569 -0.045196
570 -0.033545
571 -0.085632
572 0.133027
573 -0.149582
574 -0.084764
575 -0.082282
576 0.003189
577 -0.156197
578 0.027622
579 -0.080915
580 -0.116799
581 -0.074026
582 -0.091334
583 -0.134663
584 -0.113449
585 -0.140518
586 -0.029367
587 -0.310312
588 -0.122322
589 -0.159740
590 -0.055065
591 0.014132
592 0.023407
593 -0.005670
594 -0.100652
595 0.081983
596 0.063597
597 -0.121564
598 -0.129511
599 -0.092186
600 0.061322
601 -0.080514
602 -0.045892
603 -0.008095
604 -0.146989
605 -0.080815
606 -0.070552
607 -0.060140
608 -0.066470
609 -0.019848
610 -0.046703
611 -0.107623
612 -0.085215
613 -0.032084
614 -0.126983
615 -0.110653
616 -0.071683
617 -0.029759
618 -0.139175
619 -0.024852
620 -0.107433
621 -0.045890
622 -0.082704
623 -0.060996
624 0.004074
625 0.033671
626 -0.025287
627 -0.030002
628 0.017317
629 -0.056667
630 -0.109567
631 -0.062053
632 0.013140
633 0.015961
634 0.153201
635 -0.122173
636 0.034723
637 -0.121489
638 0.017171
639 -0.086523
640 -0.053362
641 -0.239186
642 -0.084999
643 -0.039814
644 -0.011311
645 -0.006685
646 -0.154938
647 -0.138948
648 0.152633
649 -0.164613
650 -0.110905
651 -0.216936
652 -0.168401
653 -0.099955
654 -0.096324
655 -0.039425
656 -0.002417
657 -0.046122
658 0.004261
659 0.024267
660 0.084180
661 -0.065751
662 0.051839
663 -0.187443
664 0.045390
665 0.198671
666 -0.088169
667 -0.048389
668 -0.288976
669 0.088687
670 -0.313507
671 -0.087828
672 -0.195391
673 0.083607
674 0.136123
675 0.008987
676 0.024257
677 -0.101622
678 -0.006879
679 -0.260285
680 0.037176
681 -0.070708
682 -0.159463
683 -0.188903
684 -0.031882
685 -0.232063
686 -0.052084
687 -0.074520
688 -0.146562
689 0.068790
690 0.006525
691 -0.034552
692 0.191089
693 -0.012838
694 -0.132413
695 -0.153762
696 -0.027403
697 -0.036912
698 0.177442
699 -0.152271
700 0.062679
701 0.155919
702 -0.015149
703 -0.126101
704 -0.167097
705 0.199597
706 -0.194464
707 0.053205
708 -0.011500
709 0.028220
710 -0.046821
711 0.073149
712 -0.092223
713 0.078038
714 0.333862
715 0.036844
716 -0.118698
717 -0.010838
718 -0.107794
719 -0.063515
720 0.065811
721 0.119723
722 0.150946
723 0.204478
724 -0.020874
725 0.040799
726 -0.074653
727 -0.154151
728 -0.012290
729 0.063044
730 0.074330
731 -0.023384
732 -0.180631
733 -0.062080
734 -0.079050
735 0.019744
736 0.208628
737 -0.049860
738 0.036888
739 -0.000508
740 -0.095068
741 -0.014327
742 0.099853
743 0.143703
744 0.108462
745 0.021585
746 -0.020390
747 -0.094042
748 -0.152588
749 -0.071277
750 0.092970
751 -0.040081
752 0.038709
753 -0.045695
754 0.087050
755 0.068437
756 -0.006244
757 -0.025947
758 -0.222664
759 0.006327
760 0.097289
761 -0.083286
762 0.109850
763 0.086902
764 0.092100
765 0.065106
766 0.087337
767 -0.040288
768 -0.141580
769 0.040274
770 0.173438
771 0.059701
772 0.069428
773 -0.034285
774 -0.050111
775 0.018917
776 0.105796
777 0.103621
778 -0.010853
779 -0.183065
780 -0.099808
781 0.248940
782 0.129240
783 0.077849
784 -0.072202
785 0.103909
786 0.151318
787 -0.142198
788 0.151903
789 -0.092922
790 0.036838
791 -0.034128
792 -0.014504
793 0.003951
794 0.077476
795 0.131232
796 -0.041113
797 0.012005
798 -0.092392
799 -0.078819
800 0.064143
801 0.277969
802 0.035070
803 -0.064955
804 0.071207
805 0.028064
806 0.186948
807 -0.242165
808 0.023907
809 0.193221
810 -0.080793
811 0.019683
812 -0.051840
813 -0.103189
814 -0.034793
815 0.138477
816 -0.064867
817 0.105195
818 -0.069901
819 0.006348
820 0.087578
821 0.012910
822 0.008785
823 0.185737
824 -0.064355
825 0.267723
826 0.007563
827 -0.076477
828 0.055997
829 0.015565
830 0.014291
831 0.033334
832 -0.046197
833 -0.018644
834 -0.256803
835 0.129044
836 0.207600
837 -0.110767
838 0.068380
839 0.102692
840 0.067290
841 0.136565
842 0.143632
843 -0.006074
844 0.044698
845 -0.024403
846 0.017493
847 0.065139
848 0.049317
849 0.093840
850 0.017880
851 0.193776
852 0.130950
853 0.055443
854 0.222572
855 0.109208
856 -0.193340
857 0.082516
858 -0.042208
859 -0.000686
860 0.060733
861 -0.064851
862 0.009520
863 0.058706
864 0.210507
865 0.048311
866 0.032620
867 0.243774
868 0.095826
869 0.008159
870 -0.043925
871 -0.029969
872 0.034450
873 0.008587
874 0.068760
875 0.197732
876 0.028383
877 -0.144749
878 -0.101515
879 -0.124470
880 -0.008854
881 0.096182
882 0.165962
883 -0.110242
884 0.017848
885 0.035107
886 -0.023906
887 0.068158
888 -0.035273
889 0.202024
890 0.074614
891 0.062380
892 -0.069164
893 -0.121177
894 0.293849
895 -0.069567
896 -0.044638
897 -0.207865
898 0.029235
899 -0.139248
900 0.091665
901 0.005442
902 0.223269
903 0.181689
904 0.190820
905 0.104901
906 0.010099
907 0.007799
908 0.164143
909 -0.175285
910 0.097584
911 0.128443
912 -0.141348
913 -0.072649
914 0.025432
915 -0.164040
916 -0.036921
917 0.083881
918 -0.181094
919 0.158191
920 -0.072452
921 -0.184040
922 0.111293
923 0.107594
924 0.054733
925 0.118902
926 -0.026072
927 -0.135846
928 -0.045740
929 -0.196714
930 -0.044281
931 -0.016651
932 -0.028369
933 0.137101
934 -0.125321
935 -0.009827
936 -0.034393
937 -0.087420
938 0.259086
939 0.063849
940 -0.008116
941 0.084320
942 0.102735
943 -0.102274
944 -0.027470
945 -0.013011
946 0.021601
947 -0.137068
948 -0.142658
949 0.025387
950 -0.032790
951 0.077896
952 0.159572
953 0.101850
954 0.295506
955 -0.077206
956 0.117509
957 0.132633
958 0.030626
959 0.051551
960 -0.249303
961 0.058561
962 0.084828
963 0.064964
964 -0.106237
965 -0.149507
966 0.071623
967 -0.096388
968 0.070406
969 0.030191
970 -0.004372
971 -0.134431
972 0.048975
973 -0.080676
974 -0.042018
975 -0.053108
976 0.166774
977 -0.006319
978 0.078705
979 -0.070160
980 -0.050214
981 0.046486
982 -0.136094
983 0.007462
984 -0.041110
985 0.087071
986 0.065665
987 0.084394
988 0.067693
989 0.101774
990 0.191336
991 0.015979
992 -0.009494
993 -0.149118
994 0.088837
995 -0.204170
996 0.012066
997 0.089632
998 -0.084391
999 -0.023011
1000 -0.029137
1001 0.074048
1002 0.209332
1003 -0.205224
1004 -0.130178
1005 -0.029134
1006 -0.006945
1007 0.104520
1008 0.164393
1009 0.065593
1010 0.008851
1011 0.175353
1012 0.207430
1013 0.139129
1014 0.071629
1015 0.018254
1016 -0.053591
1017 0.088330
1018 -0.090869
1019 -0.043657
1020 0.048398
1021 -0.037848
1022 0.155510
1023 0.171889
1024 0.083215
1025 -0.075852
1026 -0.050190
1027 -0.037532
1028 -0.061575
1029 0.059298
1030 -0.223256
1031 -0.060025
1032 0.127546
1033 0.161318
1034 -0.062822
1035 0.261518
1036 0.016946
1037 0.057868
1038 0.327247
1039 0.046332
1040 -0.066554
1041 -0.006273
1042 0.174004
1043 0.208082
1044 -0.046399
1045 -0.095580
1046 -0.144628
1047 0.163785
1048 0.227939
1049 -0.240000
1050 -0.069618
1051 -0.131416
1052 -0.008618
1053 -0.009508
1054 -0.040149
1055 0.119629
1056 0.043905
1057 -0.144356
1058 -0.064454
1059 0.131178
1060 -0.216128
1061 -0.041993
1062 0.196581
1063 -0.038089
1064 0.063405
1065 0.248105
1066 0.052414
1067 0.140653
1068 -0.108827
1069 -0.023358
1070 -0.022689
1071 -0.042829
1072 -0.223955
1073 0.104162
1074 0.054672
1075 -0.095517
1076 0.086017
1077 0.061121
1078 0.237543
1079 0.104830
1080 0.109915
1081 -0.003819
1082 -0.051762
1083 -0.113179
1084 0.010803
1085 -0.015728
1086 -0.146297
1087 -0.155671
1088 -0.004112
1089 0.037870
1090 0.193844
1091 0.086698
1092 -0.234378
1093 0.043073
1094 -0.070336
1095 -0.076413
1096 -0.088977
1097 -0.141703
1098 0.087263
1099 0.057706
1100 -0.029987
1101 -0.063160
1102 -0.017487
1103 -0.012709
1104 0.007235
1105 0.046487
1106 -0.030988
1107 0.059004
1108 -0.108604
1109 -0.053525
1110 -0.049022
1111 0.027513
1112 0.069261
1113 -0.126897
1114 -0.044582
1115 -0.000675
1116 -0.034437
1117 -0.034031
1118 0.150072
1119 0.159964
1120 -0.210698
1121 0.168483
1122 0.263279
1123 -0.019515
1124 -0.003648
1125 -0.117940
1126 0.132221
1127 -0.057908
1128 -0.242107
1129 0.147629
1130 0.158449
1131 -0.108362
1132 -0.101384
1133 0.005846
1134 0.025897
1135 -0.140748
1136 0.161179
1137 -0.056393
1138 0.074582
1139 0.051640
1140 0.025493
1141 -0.052873
1142 0.028354
1143 -0.097094
1144 -0.035157
1145 0.016598
1146 0.039445
1147 0.143455
1148 0.116078
1149 -0.000767
1150 -0.126472
1151 0.089850
1152 0.056432
1153 0.054820
1154 0.000672
1155 0.020062
1156 -0.204121
1157 -0.104782
1158 -0.122983
1159 0.119817
1160 0.104994
1161 0.017357
1162 -0.249445
1163 0.050874
1164 -0.062584
1165 0.093008
1166 0.154348
1167 -0.068899
1168 -0.083933
1169 -0.063616
1170 0.050982
1171 -0.134987
1172 0.028726
1173 -0.080593
1174 -0.126613
1175 0.024894
1176 -0.001770
1177 -0.247826
1178 0.192055
1179 0.133801
1180 0.034563
1181 0.080136
1182 -0.060197
1183 -0.070724
1184 -0.134370
1185 0.023227
1186 -0.018702
1187 -0.009363
1188 0.103411
1189 0.069416
1190 -0.219973
1191 0.160165
1192 0.032609
1193 -0.128304
1194 0.053256
1195 -0.021471
1196 0.058115
1197 0.094952
1198 -0.059609
1199 0.019662
1200 -0.091916
1201 -0.167160
1202 -0.054556
1203 0.017212
1204 0.005098
1205 0.038221
1206 -0.185774
1207 -0.063546
1208 -0.082356
1209 -0.065428
1210 -0.158942
1211 -0.088471
1212 0.030486
1213 -0.092205
1214 0.023594
1215 -0.186093
0 -0.067477
1 -0.015539
2 0.070600
3 0.040540
4 -0.000254
5 0.090906
6 0.189724
7 -0.032914
8 -0.125976
9 -0.010285
10 0.167496
11 0.030878
12 -0.191969
13 -0.159135
14 -0.135497
15 0.091981
16 -0.215002
17 0.165771
18 0.115527
19 -0.135825
20 0.195245
21 0.148792
22 0.063871
23 -0.148129
24 0.129693
25 -0.056936
26 -0.154225
27 0.021338
28 0.108528
29 -0.112136
30 0.001710
31 -0.228190
32 -0.003334
33 0.050286
34 0.102395
35 -0.041597
36 0.058703
37 0.035166
38 0.187252
39 0.187503
40 0.110931
41 0.026453
42 0.183262
43 0.139409
44 0.195129
45 0.253572
46 -0.065929
47 0.194152
48 -0.098986
49 -0.156198
50 0.049099
51 -0.047032
52 0.180264
53 -0.295415
54 0.176895
55 0.256867
56 0.001277
57 0.129905
58 -0.235689
59 0.033181
60 -0.033857
61 -0.116384
62 -0.115690
63 0.051570
64 0.044602
65 0.046615
66 0.119099
67 0.003848
68 0.042000
69 0.178171
70 -0.011315
71 0.101165
72 -0.197235
73 -0.005563
74 0.007735
75 0.105694
76 -0.022641
77 0.044812
78 0.206231
79 0.048529
80 0.065458
81 -0.148883
82 -0.119259
83 0.031409
84 0.083199
85 -0.061740
86 0.185342
87 -0.006842
88 -0.162343
89 0.152675
90 0.038028
91 -0.160588
92 -0.074329
93 0.025472
94 0.121164
95 -0.014271
96 -0.034898
97 -0.068579
98 0.175217
99 -0.057968
100 -0.019777
101 0.327126
102 -0.047889
103 0.015818
104 -0.013685
105 0.230879
106 0.068368
107 0.139513
108 0.066859
109 0.093253
110 -0.214118
111 -0.063675
112 0.115307
113 0.026984
114 -0.065193
115 0.128329
116 0.123819
117 0.188588
118 0.105743
119 -0.006379
120 0.068032
121 0.050198
122 -0.188435
123 0.000089
124 -0.097280
125 0.095875
126 -0.102633
127 -0.013995
128 -0.235829
129 0.059991
130 0.067639
131 -0.212897
132 0.117437
133 -0.072404
134 -0.105058
135 0.058137
136 0.062780
137 0.023913
138 0.002630
139 0.088488
140 -0.167269
141 -0.078793
142 0.133512
143 -0.085290
144 0.298324
145 -0.153507
146 0.246598
147 -0.115681
148 -0.176748
149 0.068322
150 0.025108
151 0.109551
152 -0.054734
153 0.075788
154 -0.028025
155 -0.041565
156 0.070937
157 -0.003917
158 -0.103845
159 0.019776
160 -0.340120
161 0.185499
162 0.043386
163 0.187656
164 0.196287
165 0.120065
166 -0.011966
167 -0.133245
168 0.221056
169 -0.165471
170 -0.000381
171 -0.035072
172 -0.047946
173 0.141025
174 -0.058909
175 0.002261
176 0.112512
177 -0.127448
178 -0.078199
179 0.015898
180 0.032137
181 0.084514
182 0.070454
183 0.082673
184 -0.165125
185 0.188164
186 0.038341
187 -0.016165
188 -0.153400
189 -0.174236
190 0.102951
191 -0.093084
192 0.025903
193 -0.197419
194 -0.044358
195 -0.041618
196 -0.250159
197 -0.122871
198 0.031136
199 0.050048
200 0.033393
201 0.001623
202 -0.071116
203 -0.180909
204 -0.025102
205 -0.100377
206 0.115191
207 0.036772
208 0.031481
209 0.128050
210 -0.014256
211 0.107177
212 0.058354
213 0.091560
214 -0.136529
215 -0.014991
216 -0.234405
217 0.029769
218 0.043441
219 -0.044561
220 -0.033924
221 0.006175
222 -0.122300
223 0.089721
224 0.018705
225 -0.087582
226 0.077579
227 0.049112
228 0.088946
229 -0.034295
230 0.224103
231 -0.077073
232 0.056294
233 -0.107852
234 0.182450
235 -0.051876
236 0.041728
237 -0.176222
238 0.096076
239 -0.053417
240 -0.197608
241 -0.022740
242 -0.039422
243 -0.152790
244 -0.012223
245 -0.043954
246 0.143507
247 -0.107685
248 0.105716
249 0.031305
250 -0.119391
251 -0.219525
252 0.141326
253 -0.008905
254 -0.213005
255 -0.240394
256 0.077218
257 0.089297
258 0.010827
259 0.033248
260 0.057533
261 0.033158
262 -0.003549
263 0.118490
264 0.055953
265 -0.214747
266 0.046370
267 0.002386
268 0.066190
269 0.072634
270 -0.000882
271 -0.086274
272 -0.019770
273 -0.200778
274 0.072980
275 0.097593
276 0.221347
277 -0.118031
278 0.128953
279 0.132930
280 0.176201
281 0.049199
282 0.061447
283 -0.066472
284 -0.022317
285 -0.071963
286 -0.082018
287 0.078433
288 0.046720
289 -0.006699
290 0.127965
291 -0.012936
292 -0.021415
293 -0.000805
294 0.114938
295 -0.015093
296 0.079147
297 -0.042322
298 0.082281
299 -0.002552
300 0.013145
301 0.111488
302 0.073944
303 -0.011259
304 0.006384
305 0.138530
306 0.114905
307 0.021697
308 0.000576
309 -0.077012
310 -0.019115
311 0.006728
312 0.007477
313 -0.354381
314 0.003689
315 0.104841
316 -0.003663
317 -0.287859
318 -0.029029
319 0.088963
320 0.003681
321 0.071370
322 0.054242
323 0.022603
324 -0.006593
325 0.049390
326 0.078461
327 0.037958
328 -0.090594
329 0.121098
330 0.009781
331 0.080906
332 -0.016700
333 0.070475
334 -0.020739
335 -0.023944
336 0.027276
337 0.011982
338 -0.300989
339 -0.061048
340 0.077254
341 -0.029832
342 -0.154532
343 -0.048477
344 -0.067811
345 0.042383
346 -0.101550
347 0.097944
348 0.041539
349 0.113002
350 -0.026453
351 0.059519
352 -0.002873
353 0.004479
354 -0.102430
355 -0.075875
356 0.000974
357 -0.191464
358 -0.049632
359 0.003671
360 0.098300
361 -0.158819
362 0.005424
363 -0.182125
364 0.031876
365 -0.062020
366 0.089970
367 -0.099047
368 -0.037325
369 -0.010291
370 0.068526
371 -0.089291
372 0.009773
373 -0.016646
374 -0.170758
375 -0.036967
376 -0.012236
377 0.017005
378 0.068460
379 0.028047
380 0.128448
381 -0.060752
382 0.060372
383 0.023989
384 0.017796
385 -0.022430
386 0.014057
387 0.007573
388 0.039508
389 -0.097083
390 -0.065700
391 -0.026039
392 0.007372
393 -0.026517
394 0.188280
395 0.020274
396 -0.037663
397 -0.095560
398 0.013258
399 0.033236
400 -0.050440
401 0.019226
402 -0.076843
403 0.173314
404 0.035673
405 -0.030565
406 -0.190262
407 0.023683
408 0.010785
409 -0.055616
410 0.009345
411 0.120934
412 0.015039
413 0.016833
414 -0.050025
415 0.124738
416 -0.067836
417 -0.087412
418 0.006557
419 -0.052263
420 -0.153114
421 0.102843
422 -0.008107
423 -0.029534
424 0.133551
425 -0.031842
426 0.145485
427 -0.006181
428 -0.045021
429 -0.124447
430 -0.214655
431 -0.178811
432 0.024677
433 -0.132949
434 0.031685
435 -0.005628
436 0.001990
437 0.155670
438 -0.197730
439 0.046147
440 0.122671
441 0.028464
442 -0.064310
443 0.069888
444 0.076778
445 0.018341
446 0.088005
447 0.000104
448 0.103213
449 0.001901
450 0.027140
451 -0.101998
452 -0.181997
453 -0.140306
454 -0.132264
455 0.029419
456 -0.020601
457 0.212909
458 -0.222634
459 0.235662
460 -0.056621
461 -0.036356
462 -0.019019
463 0.075498
464 -0.099981
465 0.029383
466 -0.105316
467 0.022160
468 0.011494
469 0.085459
470 0.070407
471 -0.096082
472 -0.195002
473 -0.029060
474 0.009803
475 -0.078255
476 -0.210842
477 0.023391
478 0.127206
479 0.025144
480 0.123812
481 -0.092975
482 0.007661
483 0.052053
484 0.092021
485 -0.085146
486 -0.019772
487 0.013903
488 -0.025199
489 0.164408
490 0.058952
491 -0.029836
492 -0.033657
493 -0.095563
494 0.062283
495 0.042495
496 0.065323
497 -0.150496
498 -0.064727
499 0.024952
500 0.067242
501 -0.124277
502 -0.022603
503 -0.053221
504 -0.119103
505 0.093284
506 0.049209
507 -0.100830
508 0.103493
509 -0.101861
510 0.000687
511 -0.044142
512 -0.210401
513 -0.017188
514 0.038684
515 0.099839
516 0.013568
517 -0.081822
518 -0.130923
519 -0.091737
520 -0.162530
521 0.044390
522 -0.113792
523 0.195546
524 -0.027132
525 -0.115512
526 -0.004907
527 -0.045341
528 -0.178148
529 -0.172365
530 -0.002215
531 -0.063665
532 -0.063195
533 -0.044977
534 0.027718
535 -0.024033
536 -0.048613
537 -0.020312
538 -0.114025
539 -0.122847
540 -0.118856
541 -0.067326
542 -0.209427
543 -0.082870
544 -0.011367
545 -0.030080
546 -0.031479
547 0.017826
548 -0.047648
549 -0.137401
550 0.063997
551 -0.046202
552 -0.058212
553 0.085579
554 -0.066418
555 -0.067085
556 0.050681
557 -0.177040
558 0.062884
559 -0.113191
560 -0.294936
561 -0.028548
562 -0.056803
563 0.008936
564 0.001254
565 -0.014769
566 -0.070674
567 0.019142
568 -0.086638
569 -0.045196
570 -0.033545
571 -0.085632
572 0.133027
573 -0.149582
574 -0.084764
575 -0.082282
576 0.003189
577 -0.156197
578 0.027622
579 -0.080915
580 -0.116799
581 -0.074026
582 -0.091334
583 -0.134663
584 -0.113449
585 -0.140518
586 -0.029367
587 -0.310312
588 -0.122322
589 -0.159740
590 -0.055065
591 0.014132
592 0.023407
593 -0.005670
594 -0.100652
595 0.081983
596 0.063597
597 -0.121564
598 -0.129511
599 -0.092186
600 0.061322
601 -0.080514
602 -0.045892
603 -0.008095
604 -0.146989
605 -0.080815
606 -0.070552
607 -0.060140
608 -0.066470
609 -0.019848
610 -0.046703
611 -0.107623
612 -0.085215
613 -0.032084
614 -0.126983
615 -0.110653
616 -0.071683
617 -0.029759
618 -0.139175
619 -0.024852
620 -0.107433
621 -0.045890
622 -0.082704
623 -0.060996
624 0.004074
625 0.033671
626 -0.025287
627 -0.030002
628 0.017317
629 -0.056667
630 -0.109567
631 -0.062053
632 0.013140
633 0.015961
634 0.153201
635 -0.122173
636 0.034723
637 -0.121489
638 0.017171
639 -0.086523
640 -0.053362
641 -0.239186
642 -0.084999
643 -0.039814
644 -0.011311
645 -0.006685
646 -0.154938
647 -0.138948
648 0.152633
649 -0.164613
650 -0.110905
651 -0.216936
652 -0.168401
653 -0.099955
654 -0.096324
655 -0.039425
656 -0.002417
657 -0.046122
658 0.004261
659 0.024267
660 0.084180
661 -0.065751
662 0.051839
663 -0.187443
664 0.045390
665 0.198671
666 -0.088169
667 -0.048389
668 -0.288976
669 0.088687
670 -0.313507
671 -0.087828
672 -0.195391
673 0.083607
674 0.136123
675 0.008987
676 0.024257
677 -0.101622
678 -0.006879
679 -0.260285
680 0.037176
681 -0.070708
682 -0.159463
683 -0.188903
684 -0.031882
685 -0.232063
686 -0.052084
687 -0.074520
688 -0.146562
689 0.068790
690 0.006525
691 -0.034552
692 0.191089
693 -0.012838
694 -0.132413
695 -0.153762
696 -0.027403
697 -0.036912
698 0.177442
699 -0.152271
700 0.062679
701 0.155919
702 -0.015149
703 -0.126101
704 -0.167097
705 0.199597
706 -0.194464
707 0.053205
708 -0.011500
709 0.028220
710 -0.046821
711 0.073149
712 -0.092223
713 0.078038
714 0.333862
715 0.036844
716 -0.118698
717 -0.010838
718 -0.107794
719 -0.063515
720 0.065811
721 0.119723
722 0.150946
723 0.204478
724 -0.020874
725 0.040799
726 -0.074653
727 -0.154151
728 -0.012290
729 0.063044
730 0.074330
731 -0.023384
732 -0.180631
733 -0.062080
734 -0.079050
735 0.019744
736 0.208628
737 -0.049860
738 0.036888
739 -0.000508
740 -0.095068
741 -0.014327
742 0.099853
743 0.143703
744 0.108462
745 0.021585
746 -0.020390
747 -0.094042
748 -0.152588
749 -0.071277
750 0.092970
751 -0.040081
752 0.038709
753 -0.045695
754 0.087050
755 0.068437
756 -0.006244
757 -0.025947
758 -0.222664
759 0.006327
760 0.097289
761 -0.083286
762 0.109850
763 0.086902
764 0.092100
765 0.065106
766 0.087337
767 -0.040288
768 -0.141580
769 0.040274
770 0.173438
771 0.059701
772 0.069428
773 -0.034285
774 -0.050111
775 0.018917
776 0.105796
777 0.103621
778 -0.010853
779 -0.183065
780 -0.099808
781 0.248940
782 0.129240
783 0.077849
784 -0.072202
785 0.103909
786 0.151318
787 -0.142198
788 0.151903
789 -0.092922
790 0.036838
791 -0.034128
792 -0.014504
793 0.003951
794 0.077476
795 0.131232
796 -0.041113
797 0.012005
798 -0.092392
799 -0.078819
800 0.064143
801 0.277969
802 0.035070
803 -0.064955
804 0.071207
805 0.028064
806 0.186948
807 -0.242165
808 0.023907
809 0.193221
810 -0.080793
811 0.019683
812 -0.051840
813 -0.103189
814 -0.034793
815 0.138477
816 -0.064867
817 0.105195
818 -0.069901
819 0.006348
820 0.087578
821 0.012910
822 0.008785
823 0.185737
824 -0.064355
825 0.267723
826 0.007563
827 -0.076477
828 0.055997
829 0.015565
830 0.014291
831 0.033334
832 -0.046197
833 -0.018644
834 -0.256803
835 0.129044
836 0.207600
837 -0.110767
838 0.068380
839 0.102692
840 0.067290
841 0.136565
842 0.143632
843 -0.006074
844 0.044698
845 -0.024403
846 0.017493
847 0.065139
848 0.049317
849 0.093840
850 0.017880
851 0.193776
852 0.130950
853 0.055443
854 0.222572
855 0.109208
856 -0.193340
857 0.082516
858 -0.042208
859 -0.000686
860 0.060733
861 -0.064851
862 0.009520
863 0.058706
864 0.210507
865 0.048311
866 0.032620
867 0.243774
868 0.095826
869 0.008159
870 -0.043925
871 -0.029969
872 0.034450
873 0.008587
874 0.068760
875 0.197732
876 0.028383
877 -0.144749
878 -0.101515
879 -0.124470
880 -0.008854
881 0.096182
882 0.165962
883 -0.110242
884 0.017848
885 0.035107
886 -0.023906
887 0.068158
888 -0.035273
889 0.202024
890 0.074614
891 0.062380
892 -0.069164
893 -0.121177
894 0.293849
895 -0.069567
896 -0.044638
897 -0.207865
898 0.029235
899 -0.139248
900 0.091665
901 0.005442
902 0.223269
903 0.181689
904 0.190820
905 0.104901
906 0.010099
907 0.007799
908 0.164143
909 -0.175285
910 0.097584
911 0.128443
912 -0.141348
913 -0.072649
914 0.025432
915 -0.164040
916 -0.036921
917 0.083881
918 -0.181094
919 0.158191
920 -0.072452
921 -0.184040
922 0.111293
923 0.107594
924 0.054733
925 0.118902
926 -0.026072
927 -0.135846
928 -0.045740
929 -0.196714
930 -0.044281
931 -0.016651
932 -0.028369
933 0.137101
934 -0.125321
935 -0.009827
936 -0.034393
937 -0.087420
938 0.259086
939 0.063849
940 -0.008116
941 0.084320
942 0.102735
943 -0.102274
944 -0.027470
945 -0.013011
946 0.021601
947 -0.137068
948 -0.142658
949 0.025387
950 -0.032790
951 0.077896
952 0.159572
953 0.101850
954 0.295506
955 -0.077206
956 0.117509
957 0.132633
958 0.030626
959 0.051551
960 -0.249303
961 0.058561
962 0.084828
963 0.064964
964 -0.106237
965 -0.149507
966 0.071623
967 -0.096388
968 0.070406
969 0.030191
970 -0.004372
971 -0.134431
972 0.048975
973 -0.080676
974 -0.042018
975 -0.053108
976 0.166774
977 -0.006319
978 0.078705
979 -0.070160
980 -0.050214
981 0.046486
982 -0.136094
983 0.007462
984 -0.041110
985 0.087071
986 0.065665
987 0.084394
988 0.067693
989 0.101774
990 0.191336
991 0.015979
992 -0.009494
993 -0.149118
994 0.088837
995 -0.204170
996 0.012066
997 0.089632
998 -0.084391
999 -0.023011
1000 -0.029137
1001 0.074048
1002 0.209332
1003 -0.205224
1004 -0.130178
1005 -0.029134
1006 -0.006945
1007 0.104520
1008 0.164393
1009 0.065593
1010 0.008851
1011 0.175353
1012 0.207430
1013 0.139129
1014 0.071629
1015 0.018254
1016 -0.053591
1017 0.088330
1018 -0.090869
1019 -0.043657
1020 0.048398
1021 -0.037848
1022 0.155510
1023 0.171889
1024 0.083215
1025 -0.075852
1026 -0.050190
1027 -0.037532
1028 -0.061575
1029 0.059298
1030 -0.223256
1031 -0.060025
1032 0.127546
1033 0.161318
1034 -0.062822
1035 0.261518
1036 0.016946
1037 0.057868
1038 0.327247
1039 0.046332
1040 -0.066554
1041 -0.006273
1042 0.174004
1043 0.208082
1044 -0.046399
1045 -0.095580
1046 -0.144628
1047 0.163785
1048 0.227939
1049 -0.240000
1050 -0.069618
1051 -0.131416
1052 -0.008618
1053 -0.009508
1054 -0.040149
1055 0.119629
1056 0.043905
1057 -0.144356
1058 -0.064454
1059 0.131178
1060 -0.216128
1061 -0.041993
1062 0.196581
1063 -0.038089
1064 0.063405
1065 0.248105
1066 0.052414
1067 0.140653
1068 -0.108827
1069 -0.023358
1070 -0.022689
1071 -0.042829
1072 -0.223955
1073 0.104162
1074 0.054672
1075 -0.095517
1076 0.086017
1077 0.061121
1078 0.237543
1079 0.104830
1080 0.109915
1081 -0.003819
1082 -0.051762
1083 -0.113179
1084 0.010803
1085 -0.015728
1086 -0.146297
1087 -0.155671
1088 -0.004112
1089 0.037870
1090 0.193844
1091 0.086698
1092 -0.234378
1093 0.043073
1094 -0.070336
1095 -0.076413
1096 -0.088977
1097 -0.141703
1098 0.087263
1099 0.057706
1100 -0.029987
1101 -0.063160
1102 -0.017487
1103 -0.012709
1104 0.007235
1105 0.046487
1106 -0.030988
1107 0.059004
1108 -0.108604
1109 -0.053525
1110 -0.049022
1111 0.027513
1112 0.069261
1113 -0.126897
1114 -0.044582
1115 -0.000675
1116 -0.034437
1117 -0.034031
1118 0.150072
1119 0.159964
1120 -0.210698
1121 0.168483
1122 0.263279
1123 -0.019515
1124 -0.003648
1125 -0.117940
1126 0.132221
1127 -0.057908
1128 -0.242107
1129 0.147629
1130 0.158449
1131 -0.108362
1132 -0.101384
1133 0.005846
1134 0.025897
1135 -0.140748
1136 0.161179
1137 -0.056393
1138 0.074582
1139 0.051640
1140 0.025493
1141 -0.052873
1142 0.028354
1143 -0.097094
1144 -0.035157
1145 0.016598
1146 0.039445
1147 0.143455
1148 0.116078
1149 -0.000767
1150 -0.126472
1151 0.089850
1152 0.056432
1153 0.054820
1154 0.000672
1155 0.020062
1156 -0.204121
1157 -0.104782
1158 -0.122983
1159 0.119817
1160 0.104994
1161 0.017357
1162 -0.249445
1163 0.050874
1164 -0.062584
1165 0.093008
1166 0.154348
1167 -0.068899
1168 -0.083933
1169 -0.063616
1170 0.050982
1171 -0.134987
1172 0.028726
1173 -0.080593
1174 -0.126613
1175 0.024894
1176 -0.001770
1177 -0.247826
1178 0.192055
1179 0.133801
1180 0.034563
1181 0.080136
1182 -0.060197
1183 -0.070724
1184 -0.134370
1185 0.023227
1186 -0.018702
1187 -0.009363
1188 0.103411
1189 0.069416
1190 -0.219973
1191 0.160165
1192 0.032609
1193 -0.128304
1194 0.053256
1195 -0.021471
1196 0.058115
1197 0.094952
1198 -0.059609
1199 0.019662
1200 -0.091916
1201 -0.167160
1202 -0.054556
1203 0.017212
1204 0.005098
1205 0.038221
1206 -0.185774
1207 -0.063546
1208 -0.082356
1209 -0.065428
1210 -0.158942
1211 -0.088471
1212 0.030486
1213 -0.092205
1214 0.023594
1215 -0.186093
0 -0.067477
1 -0.015539
2 0.070600
3 0.040540
4 -0.000254
5 0.090906
6 0.189724
7 -0.032914
8 -0.125976
9 -0.010285
10 0.167496
11 0.030878
12 -0.191969
13 -0.159135
14 -0.135497
15 0.091981
16 -0.215002
17 0.165771
18 0.115527
19 -0.135825
20 0.195245
21 0.148792
22 0.063871
23 -0.148129
24 0.129693
25 -0.056936
26 -0.154225
27 0.021338
28 0.108528
29 -0.112136
30 0.001710
31 -0.228190
32 -0.003334
33 0.050286
34 0.102395
35 -0.041597
36 0.058703
37 0.035166
38 0.187252
39 0.187503
40 0.110931
41 0.026453
42 0.183262
43 0.139409
44 0.195129
45 0.253572
46 -0.065929
47 0.194152
48 -0.098986
49 -0.156198
50 0.049099
51 -0.047032
52 0.180264
53 -0.295415
54 0.176895
55 0.256867
56 0.001277
57 0.129905
58 -0.235689
59 0.033181
60 -0.033857
61 -0.116384
62 -0.115690
63 0.051570
64 0.044602
65 0.046615
66 0.119099
67 0.003848
68 0.042000
69 0.178171
70 -0.011315
71 0.101165
72 -0.197235
73 -0.005563
74 0.007735
75 0.105694
76 -0.022641
77 0.044812
78 0.206231
79 0.048529
80 0.065458
81 -0.148883
82 -0.119259
83 0.031409
84 0.083199
85 -0.061740
86 0.185342
87 -0.006842
88 -0.162343
89 0.152675
90 0.038028
91 -0.160588
92 -0.074329
93 0.025472
94 0.121164
95 -0.014271
96 -0.034898
97 -0.068579
98 0.175217
99 -0.057968
100 -0.019777
101 0.327126
102 -0.047889
103 0.015818
104 -0.013685
105 0.230879
106 0.068368
107 0.139513
108 0.066859
109 0.093253
110 -0.214118
111 -0.063675
112 0.115307
113 0.026984
114 -0.065193
115 0.128329
116 0.123819
117 0.188588
118 0.105743
119 -0.006379
120 0.068032
121 0.050198
122 -0.188435
123 0.000089
124 -0.097280
125 0.095875
126 -0.102633
127 -0.013995
128 -0.235829
129 0.059991
130 0.067639
131 -0.212897
132 0.117437
133 -0.072404
134 -0.105058
135 0.058137
136 0.062780
137 0.023913
138 0.002630
139 0.088488
140 -0.167269
141 -0.078793
142 0.133512
143 -0.085290
144 0.298324
145 -0.153507
146 0.246598
147 -0.115681
148 -0.176748
149 0.068322
150 0.025108
151 0.109551
152 -0.054734
153 0.075788
154 -0.028025
155 -0.041565
156 0.070937
157 -0.003917
158 -0.103845
159 0.019776
160 -0.340120
161 0.185499
162 0.043386
163 0.187656
164 0.196287
165 0.120065
166 -0.011966
167 -0.133245
168 0.221056
169 -0.165471
170 -0.000381
171 -0.035072
172 -0.047946
173 0.141025
174 -0.058909
175 0.002261
176 0.112512
177 -0.127448
178 -0.078199
179 0.015898
180 0.032137
181 0.084514
182 0.070454
183 0.082673
184 -0.165125
185 0.188164
186 0.038341
187 -0.016165
188 -0.153400
189 -0.174236
190 0.102951
191 -0.093084
192 0.025903
193 -0.197419
194 -0.044358
195 -0.041618
196 -0.250159
197 -0.122871
198 0.031136
199 0.050048
200 0.033393
201 0.001623
202 -0.071116
203 -0.180909
204 -0.025102
205 -0.100377
206 0.115191
207 0.036772
208 0.031481
209 0.128050
210 -0.014256
211 0.107177
212 0.058354
213 0.091560
214 -0.136529
215 -0.014991
216 -0.234405
217 0.029769
218 0.043441
219 -0.044561
220 -0.033924
221 0.006175
222 -0.122300
223 0.089721
224 0.018705
225 -0.087582
226 0.077579
227 0.049112
228 0.088946
229 -0.034295
230 0.224103
231 -0.077073
232 0.056294
233 -0.107852
234 0.182450
235 -0.051876
236 0.041728
237 -0.176222
238 0.096076
239 -0.053417
240 -0.197608
241 -0.022740
242 -0.039422
243 -0.152790
244 -0.012223
245 -0.043954
246 0.143507
247 -0.107685
248 0.105716
249 0.031305
250 -0.119391
251 -0.219525
252 0.141326
253 -0.008905
254 -0.213005
255 -0.240394
256 0.077218
257 0.089297
258 0.010827
259 0.033248
260 0.057533
261 0.033158
262 -0.003549
263 0.118490
264 0.055953
265 -0.214747
266 0.046370
267 0.002386
268 0.066190
269 0.072634
270 -0.000882
271 -0.086274
272 -0.019770
273 -0.200778
274 0.072980
275 0.097593
276 0.221347
277 -0.118031
278 0.128953
279 0.132930
280 0.176201
281 0.049199
282 0.061447
283 -0.066472
284 -0.022317
285 -0.071963
286 -0.082018
287 0.078433
288 0.046720
289 -0.006699
290 0.127965
291 -0.012936
292 -0.021415
293 -0.000805
294 0.114938
295 -0.015093
296 0.079147
297 -0.042322
298 0.082281
299 -0.002552
300 0.013145
301 0.111488
302 0.073944
303 -0.011259
304 0.006384
305 0.138530
306 0.114905
307 0.021697
308 0.000576
309 -0.077012
310 -0.019115
311 0.006728
312 0.007477
313 -0.354381
314 0.003689
315 0.104841
316 -0.003663
317 -0.287859
318 -0.029029
319 0.088963
320 0.003681
321 0.071370
322 0.054242
323 0.022603
324 -0.006593
325 0.049390
326 0.078461
327 0.037958
328 -0.090594
329 0.121098
330 0.009781
331 0.080906
332 -0.016700
333 0.070475
334 -0.020739
335 -0.023944
336 0.027276
337 0.011982
338 -0.300989
339 -0.061048
340 0.077254
341 -0.029832
342 -0.154532
343 -0.048477
344 -0.067811
345 0.042383
346 -0.101550
347 0.097944
348 0.041539
349 0.113002
350 -0.026453
351 0.059519
352 -0.002873
353 0.004479
354 -0.102430
355 -0.075875
356 0.000974
357 -0.191464
358 -0.049632
359 0.003671
360 0.098300
361 -0.158819
362 0.005424
363 -0.182125
364 0.031876
365 -0.062020
366 0.089970
367 -0.099047
368 -0.037325
369 -0.010291
370 0.068526
371 -0.089291
372 0.009773
373 -0.016646
374 -0.170758
375 -0.036967
376 -0.012236
377 0.017005
378 0.068460
379 0.028047
380 0.128448
381 -0.060752
382 0.060372
383 0.023989
384 0.017796
385 -0.022430
386 0.014057
387 0.007573
388 0.039508
389 -0.097083
390 -0.065700
391 -0.026039
392 0.007372
393 -0.026517
394 0.188280
395 0.020274
396 -0.037663
397 -0.095560
398 0.013258
399 0.033236
400 -0.050440
401 0.019226
402 -0.076843
403 0.173314
404 0.035673
405 -0.030565
406 -0.190262
407 0.023683
408 0.010785
409 -0.055616
410 0.009345
411 0.120934
412 0.015039
413 0.016833
414 -0.050025
415 0.124738
416 -0.067836
417 -0.087412
418 0.006557
419 -0.052263
420 -0.153114
421 0.102843
422 -0.008107
423 -0.029534
424 0.133551
425 -0.031842
426 0.145485
427 -0.006181
428 -0.045021
429 -0.124447
430 -0.214655
431 -0.178811
432 0.024677
433 -0.132949
434 0.031685
435 -0.005628
436 0.001990
437 0.155670
438 -0.197730
439 0.046147
440 0.122671
441 0.028464
442 -0.064310
443 0.069888
444 0.076778
445 0.018341
446 0.088005
447 0.000104
448 0.103213
449 0.001901
450 0.027140
451 -0.101998
452 -0.181997
453 -0.140306
454 -0.132264
455 0.029419
456 -0.020601
457 0.212909
458 -0.222634
459 0.235662
460 -0.056621
461 -0.036356
462 -0.019019
463 0.075498
464 -0.099981
465 0.029383
466 -0.105316
467 0.022160
468 0.011494
469 0.085459
470 0.070407
471 -0.096082
472 -0.195002
473 -0.029060
474 0.009803
475 -0.078255
476 -0.210842
477 0.023391
478 0.127206
479 0.025144
480 0.123812
481 -0.092975
482 0.007661
483 0.052053
484 0.092021
485 -0.085146
486 -0.019772
487 0.013903
488 -0.025199
489 0.164408
490 0.058952
491 -0.029836
492 -0.033657
493 -0.095563
494 0.062283
495 0.042495
496 0.065323
497 -0.150496
498 -0.064727
499 0.024952
500 0.067242
501 -0.124277
502 -0.022603
503 -0.053221
504 -0.119103
505 0.093284
506 0.049209
507 -0.100830
508 0.103493
509 -0.101861
510 0.000687
511 -0.044142
512 -0.210401
513 -0.017188
514 0.038684
515 0.099839
516 0.013568
517 -0.081822
518 -0.130923
519 -0.091737
520 -0.162530
521 0.044390
522 -0.113792
523 0.195546
524 -0.027132
525 -0.115512
526 -0.004907
527 -0.045341
528 -0.178148
529 -0.172365
530 -0.002215
531 -0.063665
532 -0.063195
533 -0.044977
534 0.027718
535 -0.024033
536 -0.048613
537 -0.020312
538 -0.114025
539 -0.122847
540 -0.118856
541 -0.067326
542 -0.209427
543 -0.082870
544 -0.011367
545 -0.030080
546 -0.031479
547 0.017826
548 -0.047648
549 -0.137401
550 0.063997
551 -0.046202
552 -0.058212
553 0.085579
554 -0.066418
555 -0.067085
556 0.050681
557 -0.177040
558 0.062884
559 -0.113191
560 -0.294936
561 -0.028548
562 -0.056803
563 0.008936
564 0.001254
565 -0.014769
566 -0.070674
567 0.019142
568 -0.086638
569 -0.045196
570 -0.033545
571 -0.085632
572 0.133027
573 -0.149582
574 -0.084764
575 -0.082282
576 0.003189
577 -0.156197
578 0.027622
579 -0.080915
580 -0.116799
581 -0.074026
582 -0.091334
583 -0.134663
584 -0.113449
585 -0.140518
586 -0.029367
587 -0.310312
588 -0.122322
589 -0.159740
590 -0.055065
591 0.014132
592 0.023407
593 -0.005670
594 -0.100652
595 0.081983
596 0.063597
597 -0.121564
598 -0.129511
599 -0.092186
600 0.061322
601 -0.080514
602 -0.045892
603 -0.008095
604 -0.146989
605 -0.080815
606 -0.070552
607 -0.060140
608 -0.066470
609 -0.019848
610 -0.046703
611 -0.107623
612 -0.085215
613 -0.032084
614 -0.126983
615 -0.110653
616 -0.071683
617 -0.029759
618 -0.139175
619 -0.024852
620 -0.107433
621 -0.045890
622 -0.082704
623 -0.060996
624 0.004074
625 0.033671
626 -0.025287
627 -0.030002
628 0.017317
629 -0.056667
630 -0.109567
631 -0.062053
632 0.013140
633 0.015961
634 0.153201
635 -0.122173
636 0.034723
637 -0.121489
638 0.017171
639 -0.086523
640 -0.053362
641 -0.239186
642 -0.084999
643 -0.039814
644 -0.011311
645 -0.006685
646 -0.154938
647 -0.138948
648 0.152633
649 -0.164613
650 -0.110905
651 -0.216936
652 -0.168401
653 -0.099955
654 -0.096324
655 -0.039425
656 -0.002417
657 -0.046122
658 0.004261
659 0.024267
660 0.084180
661 -0.065751
662 0.051839
663 -0.187443
664 0.045390
665 0.198671
666 -0.088169
667 -0.048389
668 -0.288976
669 0.088687
670 -0.313507
671 -0.087828
672 -0.195391
673 0.083607
674 0.136123
675 0.008987
676 0.024257
677 -0.101622
678 -0.006879
679 -0.260285
680 0.037176
681 -0.070708
682 -0.159463
683 -0.188903
684 -0.031882
685 -0.232063
686 -0.052084
687 -0.074520
688 -0.146562
689 0.068790
690 0.006525
691 -0.034552
692 0.191089
693 -0.012838
694 -0.132413
695 -0.153762
696 -0.027403
697 -0.036912
698 0.177442
699 -0.152271
700 0.062679
701 0.155919
702 -0.015149
703 -0.126101
704 -0.167097
705 0.199597
706 -0.194464
707 0.053205
708 -0.011500
709 0.028220
710 -0.046821
711 0.073149
712 -0.092223
713 0.078038
714 0.333862
715 0.036844
716 -0.118698
717 -0.010838
718 -0.107794
719 -0.063515
720 0.065811
721 0.119723
722 0.150946
723 0.204478
724 -0.020874
725 0.040799
726 -0.074653
727 -0.154151
728 -0.012290
729 0.063044
730 0.074330
731 -0.023384
732 -0.180631
733 -0.062080
734 -0.079050
735 0.019744
736 0.208628
737 -0.049860
738 0.036888
739 -0.000508
740 -0.095068
741 -0.014327
742 0.099853
743 0.143703
744 0.108462
745 0.021585
746 -0.020390
747 -0.094042
748 -0.152588
749 -0.071277
750 0.092970
751 -0.040081
752 0.038709
753 -0.045695
754 0.087050
755 0.068437
756 -0.006244
757 -0.025947
758 -0.222664
759 0.006327
760 0.097289
761 -0.083286
762 0.109850
763 0.086902
764 0.092100
765 0.065106
766 0.087337
767 -0.040288
768 -0.141580
769 0.040274
770 0.173438
771 0.059701
772 0.069428
773 -0.034285
774 -0.050111
775 0.018917
776 0.105796
777 0.103621
778 -0.010853
779 -0.183065
780 -0.099808
781 0.248940
782 0.129240
783 0.077849
784 -0.072202
785 0.103909
786 0.151318
787 -0.142198
788 0.151903
789 -0.092922
790 0.036838
791 -0.034128
792 -0.014504
793 0.003951
794 0.077476
795 0.131232
796 -0.041113
797 0.012005
798 -0.092392
799 -0.078819
800 0.064143
801 0.277969
802 0.035070
803 -0.064955
804 0.071207
805 0.028064
806 0.186948
807 -0.242165
808 0.023907
809 0.193221
810 -0.080793
811 0.019683
812 -0.051840
813 -0.103189
814 -0.034793
815 0.138477
816 -0.064867
817 0.105195
818 -0.069901
819 0.006348
820 0.087578
821 0.012910
822 0.008785
823 0.185737
824 -0.064355
825 0.267723
826 0.007563
827 -0.076477
828 0.055997
829 0.015565
830 0.014291
831 0.033334
832 -0.046197
833 -0.018644
834 -0.256803
835 0.129044
836 0.207600
837 -0.110767
838 0.068380
839 0.102692
840 0.067290
841 0.136565
842 0.143632
843 -0.006074
844 0.044698
845 -0.024403
846 0.017493
847 0.065139
848 0.049317
849 0.093840
850 0.017880
851 0.193776
852 0.130950
853 0.055443
854 0.222572
855 0.109208
856 -0.193340
857 0.082516
858 -0.042208
859 -0.000686
860 0.060733
861 -0.064851
862 0.009520
863 0.058706
864 0.210507
865 0.048311
866 0.032620
867 0.243774
868 0.095826
869 0.008159
870 -0.043925
871 -0.029969
872 0.034450
873 0.008587
874 0.068760
875 0.197732
876 0.028383
877 -0.144749
878 -0.101515
879 -0.124470
880 -0.008854
881 0.096182
882 0.165962
883 -0.110242
884 0.017848
885 0.035107
886 -0.023906
887 0.068158
888 -0.035273
889 0.202024
890 0.074614
891 0.062380
892 -0.069164
893 -0.121177
894 0.293849
895 -0.069567
896 -0.044638
897 -0.207865
898 0.029235
899 -0.139248
900 0.091665
901 0.005442
902 0.223269
903 0.181689
904 0.190820
905 0.104901
906 0.010099
907 0.007799
908 0.164143
909 -0.175285
910 0.097584
911 0.128443
912 -0.141348
913 -0.072649
914 0.025432
915 -0.164040
916 -0.036921
917 0.083881
918 -0.181094
919 0.158191
920 -0.072452
921 -0.184040
922 0.111293
923 0.107594
924 0.054733
925 0.118902
926 -0.026072
927 -0.135846
928 -0.045740
929 -0.196714
930 -0.044281
931 -0.016651
932 -0.028369
933 0.137101
934 -0.125321
935 -0.009827
936 -0.034393
937 -0.087420
938 0.259086
939 0.063849
940 -0.008116
941 0.084320
942 0.102735
943 -0.102274
944 -0.027470
945 -0.013011
946 0.021601
947 -0.137068
948 -0.142658
949 0.025387
950 -0.032790
951 0.077896
952 0.159572
953 0.101850
954 0.295506
955 -0.077206
956 0.117509
957 0.132633
958 0.030626
959 0.051551
960 -0.249303
961 0.058561
962 0.084828
963 0.064964
964 -0.106237
965 -0.149507
966 0.071623
967 -0.096388
968 0.070406
969 0.030191
970 -0.004372
971 -0.134431
972 0.048975
973 -0.080676
974 -0.042018
975 -0.053108
976 0.166774
977 -0.006319
978 0.078705
979 -0.070160
980 -0.050214
981 0.046486
982 -0.136094
983 0.007462
984 -0.041110
985 0.087071
986 0.065665
987 0.084394
988 0.067693
989 0.101774
990 0.191336
991 0.015979
992 -0.009494
993 -0.149118
994 0.088837
995 -0.204170
996 0.012066
997 0.089632
998 -0.084391
999 -0.023011
1000 -0.029137
1001 0.074048
1002 0.209332
1003 -0.205224
1004 -0.130178
1005 -0.029134
1006 -0.006945
1007 0.104520
1008 0.164393
1009 0.065593
1010 0.008851
1011 0.175353
1012 0.207430
1013 0.139129
1014 0.071629
1015 0.018254
1016 -0.053591
1017 0.088330
1018 -0.090869
1019 -0.043657
1020 0.048398
1021 -0.037848
1022 0.155510
1023 0.171889
1024 0.083215
1025 -0.075852
1026 -0.050190
1027 -0.037532
1028 -0.061575
1029 0.059298
1030 -0.223256
1031 -0.060025
1032 0.127546
1033 0.161318
1034 -0.062822
1035 0.261518
1036 0.016946
1037 0.057868
1038 0.327247
1039 0.046332
1040 -0.066554
1041 -0.006273
1042 0.174004
1043 0.208082
1044 -0.046399
1045 -0.095580
1046 -0.144628
1047 0.163785
1048 0.227939
1049 -0.240000
1050 -0.069618
1051 -0.131416
1052 -0.008618
1053 -0.009508
1054 -0.040149
1055 0.119629
1056 0.043905
1057 -0.144356
1058 -0.064454
1059 0.131178
1060 -0.216128
1061 -0.041993
1062 0.196581
1063 -0.038089
1064 0.063405
1065 0.248105
1066 0.052414
1067 0.140653
1068 -0.108827
1069 -0.023358
1070 -0.022689
1071 -0.042829
1072 -0.223955
1073 0.104162
1074 0.054672
1075 -0.095517
1076 0.086017
1077 0.061121
1078 0.237543
1079 0.104830
1080 0.109915
1081 -0.003819
1082 -0.051762
1083 -0.113179
1084 0.010803
1085 -0.015728
1086 -0.146297
1087 -0.155671
1088 -0.004112
1089 0.037870
1090 0.193844
1091 0.086698
1092 -0.234378
1093 0.043073
1094 -0.070336
1095 -0.076413
1096 -0.088977
1097 -0.141703
1098 0.087263
1099 0.057706
1100 -0.029987
1101 -0.063160
1102 -0.017487
1103 -0.012709
1104 0.007235
1105 0.046487
1106 -0.030988
1107 0.059004
1108 -0.108604
1109 -0.053525
1110 -0.049022
1111 0.027513
1112 0.069261
1113 -0.126897
1114 -0.044582
1115 -0.000675
1116 -0.034437
1117 -0.034031
1118 0.150072
1119 0.159964
1120 -0.210698
1121 0.168483
1122 0.263279
1123 -0.019515
1124 -0.003648
1125 -0.117940
1126 0.132221
1127 -0.057908
1128 -0.242107
1129 0.147629
1130 0.158449
1131 -0.108362
1132 -0.101384
1133 0.005846
1134 0.025897
1135 -0.140748
1136 0.161179
1137 -0.056393
1138 0.074582
1139 0.051640
1140 0.025493
1141 -0.052873
1142 0.028354
1143 -0.097094
1144 -0.035157
1145 0.016598
1146 0.039445
1147 0.143455
1148 0.116078
1149 -0.000767
1150 -0.126472
1151 0.089850
1152 0.056432
1153 0.054820
1154 0.000672
1155 0.020062
1156 -0.204121
1157 -0.104782
1158 -0.122983
1159 0.119817
1160 0.104994
1161 0.017357
1162 -0.249445
1163 0.050874
1164 -0.062584
1165 0.093008
1166 0.154348
1167 -0.068899
1168 -0.083933
1169 -0.063616
1170 0.050982
1171 -0.134987
1172 0.028726
1173 -0.080593
1174 -0.126613
1175 0.024894
1176 -0.001770
1177 -0.247826
1178 0.192055
1179 0.133801
1180 0.034563
1181 0.080136
1182 -0.060197
1183 -0.070724
1184 -0.134370
1185 0.023227
1186 -0.018702
1187 -0.009363
1188 0.103411
1189 0.069416
1190 -0.219973
1191 0.160165
1192 0.032609
1193 -0.128304
1194 0.053256
1195 -0.021471
1196 0.058115
1197 0.094952
1198 -0.059609
1199 0.019662
1200 -0.091916
1201 -0.167160
1202 -0.054556
1203 0.017212
1204 0.005098
1205 0.038221
1206 -0.185774
1207 -0.063546
1208 -0.082356
1209 -0.065428
1210 -0.158942
1211 -0.088471
1212 0.030486
1213 -0.092205
1214 0.023594
1215 -0.186093
0 -0.067477
1 -0.022089
2 -0.065669
3 0.070875
4 0.041297
5 -0.141452
6 0.262070
7 0.095144
8 0.064820
9 0.191220
10 0.151821
11 -0.241482
12 -0.007466
13 -0.079702
14 0.094689
15 0.056367
16 0.166815
17 -0.018894
18 0.047517
19 0.203717
20 -0.054083
21 -0.025850
22 -0.034154
23 -0.028626
24 -0.267511
25 0.018743
26 -0.137209
27 0.090543
28 0.088740
29 0.000615
30 -0.160947
31 0.044002
32 -0.293120
33 -0.136559
34 -0.080933
35 -0.079765
36 -0.205524
37 -0.026305
38 -0.081642
39 0.105080
40 0.126633
41 -0.071723
42 -0.146139
43 0.097291
44 0.011003
45 -0.043012
46 0.027552
47 0.030975
48 0.026189
49 -0.056625
50 0.041245
51 0.110921
52 -0.193040
53 -0.025348
54 0.035393
55 -0.101287
56 -0.020885
57 -0.146094
58 -0.091623
59 -0.078158
60 -0.067575
61 -0.010836
62 0.124183
63 -0.036867
64 -0.040040
65 0.030618
66 0.012182
67 0.044602
68 0.112406
69 0.050075
70 -0.053263
71 0.081626
72 -0.044428
73 -0.081222
74 -0.240609
75 0.098799
76 0.058158
77 -0.267129
78 0.004336
79 0.084708
80 -0.093173
81 0.031214
82 0.085258
83 0.027644
84 -0.172607
85 0.043435
86 0.058892
87 -0.260701
88 0.018029
89 -0.055450
90 -0.145397
91 0.030124
92 0.057407
93 0.079934
94 -0.074664
95 -0.004663
96 0.066995
97 0.098588
98 -0.261832
99 -0.026151
100 -0.042413
101 -0.155133
102 -0.047712
103 -0.181895
104 0.044468
105 -0.205075
106 -0.064211
107 0.119518
108 -0.061897
109 0.041861
110 -0.103908
111 -0.158623
112 0.062796
113 0.071953
114 0.143010
115 -0.107113
116 -0.027737
117 0.042224
118 0.035401
119 -0.121127
120 0.018036
121 -0.073875
122 -0.088629
123 -0.100716
124 -0.019210
125 -0.038238
126 -0.064547
127 -0.239624
128 -0.201062
129 0.058919
130 -0.077249
131 -0.002915
132 -0.190482
133 0.009497
134 -0.065346
135 -0.094383
136 0.105928
137 -0.193224
138 -0.134862
139 0.057455
140 0.061248
141 -0.068294
142 0.065453
143 -0.096163
144 -0.165030
145 -0.093469
146 0.075490
147 -0.031541
148 0.044864
149 -0.089802
150 0.001433
151 -0.042434
152 0.113209
153 -0.225031
154 -0.105580
155 -0.089840
156 0.055784
157 -0.029922
158 0.187073
159 -0.218006
160 -0.135040
161 -0.096997
162 -0.028507
163 -0.216839
164 0.137528
165 -0.087893
166 -0.153661
167 -0.071638
168 0.088076
169 0.065364
170 -0.110427
171 0.133491
172 -0.203030
173 0.182879
174 0.119068
175 0.026396
176 -0.147123
177 0.075654
178 -0.247206
179 0.149135
180 -0.003117
181 -0.005444
182 0.021156
183 -0.019242
184 0.115066
185 -0.055917
186 -0.034022
187 0.118391
188 0.027833
189 -0.134350
190 0.069425
191 -0.025830
192 0.063348
193 0.084399
194 -0.010387
195 -0.169361
196 0.096411
197 0.195672
198 -0.027276
199 0.090460
200 0.013006
201 -0.016063
202 -0.078310
203 -0.084067
204 -0.156739
205 0.065516
206 -0.159709
207 -0.061786
208 0.223073
209 -0.100443
210 0.039137
211 -0.122891
212 -0.002847
213 0.065776
214 -0.099640
215 -0.058082
216 0.087996
217 -0.000118
218 0.143579
219 -0.119647
220 -0.129906
221 0.197446
222 -0.113177
223 0.069244
224 -0.222778
225 0.050885
226 -0.053850
227 0.042478
228 0.162762
229 0.018641
230 -0.212332
231 -0.074793
232 0.032838
233 0.153134
234 -0.044238
235 -0.210711
236 -0.222308
237 0.038178
238 0.040238
239 0.038378
240 -0.084212
241 0.036231
242 0.002081
243 0.185505
244 -0.066651
245 0.029566
246 -0.048091
247 0.052627
248 -0.154411
249 -0.129331
250 0.022519
251 -0.222206
252 -0.100143
253 -0.056060
254 -0.027546
255 -0.166642
256 -0.136300
257 -0.070789
258 0.027848
259 -0.110937
260 -0.027150
261 -0.012272
262 -0.133609
263 -0.012863
264 0.180325
265 0.186446
266 -0.111632
267 0.007871
268 -0.018258
269 -0.045232
270 -0.114481
271 -0.194187
272 -0.026872
273 0.145458
274 -0.144924
275 -0.033008
276 0.000825
277 -0.145100
278 -0.179715
279 -0.044726
280 -0.062107
281 -0.068315
282 -0.081522
283 -0.173008
284 0.045374
285 0.027184
286 -0.206736
287 -0.221196
288 0.015676
289 -0.038720
290 -0.183038
291 -0.064040
292 -0.111873
293 -0.097392
294 -0.158115
295 -0.123743
296 -0.220805
297 -0.009814
298 -0.015606
299 -0.161318
300 -0.132159
301 -0.110715
302 -0.137820
303 -0.126117
304 -0.025769
305 -0.174055
306 -0.091629
307 -0.134807
308 -0.052273
309 -0.150881
310 -0.072342
311 -0.056396
312 -0.031938
313 0.037746
314 -0.175141
315 0.008395
316 -0.055638
317 0.013652
318 -0.081907
319 -0.150988
320 0.041898
321 -0.051620
322 0.028624
323 -0.072301
324 -0.078788
325 -0.076831
326 -0.037476
327 -0.171814
328 -0.166536
329 -0.134148
330 -0.132117
331 -0.084235
332 -0.062176
333 0.003956
334 -0.215891
335 0.001110
336 -0.206354
337 -0.127698
338 -0.109245
339 -0.161884
340 -0.007613
341 0.074829
342 0.008803
343 -0.129665
344 -0.033552
345 0.040445
346 -0.095741
347 0.002102
348 -0.158753
349 -0.205655
350 -0.094591
351 -0.042080
352 -0.047967
353 -0.056653
354 -0.000725
355 -0.091566
356 -0.158090
357 -0.165471
358 -0.015656
359 -0.004468
360 -0.266267
361 0.051717
362 0.021552
363 -0.048682
364 -0.046604
365 -0.067038
366 0.000251
367 -0.095674
368 -0.011598
369 -0.031720
370 0.033369
371 -0.063941
372 -0.125273
373 -0.181507
374 -0.103168
375 -0.081614
376 -0.064893
377 -0.075183
378 -0.147820
379 -0.168547
380 0.011710
381 -0.139167
382 0.032912
383 -0.075931
384 -0.019321
385 -0.114552
386 -0.009091
387 -0.150356
388 -0.147663
389 -0.056654
390 0.031131
391 -0.018879
392 -0.132483
393 -0.132790
394 -0.114184
395 -0.061230
396 0.008362
397 -0.171453
398 -0.160350
399 -0.085936
400 -0.023453
401 -0.161571
402 -0.116398
403 -0.024797
404 0.004345
405 -0.067836
406 -0.232591
407 -0.086256
408 -0.082099
409 -0.090013
410 -0.050288
411 -0.239096
412 -0.010023
413 -0.206096
414 0.069584
415 -0.010499
416 -0.040600
417 -0.216024
418 -0.071389
419 -0.001146
420 0.081157
421 0.017688
422 -0.113318
423 -0.189244
424 -0.057582
425 0.043336
426 0.048308
427 -0.137970
428 0.124921
429 -0.075173
430 -0.145948
431 -0.123994
432 -0.014944
433 -0.143944
434 -0.009177
435 -0.063562
436 -0.176618
437 -0.081233
438 -0.069801
439 -0.101809
440 0.031202
441 -0.008537
442 -0.096182
443 -0.117560
444 -0.029691
445 -0.116153
446 -0.054548
447 -0.023358
448 -0.126074
449 -0.071311
450 -0.096339
451 -0.152701
452 -0.182325
453 -0.010359
454 -0.163091
455 -0.058297
456 -0.116524
457 -0.106785
458 -0.153079
459 -0.019223
460 -0.176890
461 0.028172
462 -0.112262
463 -0.023827
464 0.035090
465 -0.246137
466 -0.087485
467 -0.024973
468 -0.020492
469 -0.143808
470 -0.102042
471 -0.144770
472 0.048396
473 0.009543
474 -0.059417
475 -0.102993
476 -0.010313
477 -0.086033
478 -0.045691
479 -0.035446
480 -0.071705
481 0.004200
482 -0.148381
483 -0.239081
484 -0.075485
485 -0.085185
486 0.071708
487 0.034695
488 0.053370
489 -0.220470
490 -0.077082
491 -0.149279
492 -0.036663
493 -0.039687
494 -0.202216
495 -0.140569
496 0.023839
497 -0.049243
498 0.068215
499 -0.097225
500 -0.012325
501 -0.074366
502 -0.004357
503 -0.030697
504 -0.117618
505 0.024080
506 -0.029238
507 -0.106871
508 0.046376
509 -0.018453
510 -0.031028
511 -0.108829
512 -0.109272
513 -0.080477
514 -0.111688
515 -0.107098
516 0.041080
517 -0.050378
518 -0.035473
519 -0.031064
520 0.000224
521 -0.001007
522 0.001322
523 -0.130731
524 0.031208
525 -0.073225
526 -0.189168
527 -0.110809
528 0.064640
529 0.022936
530 0.035047
531 -0.118536
532 0.013751
533 0.077710
534 0.012302
535 -0.140163
536 0.134437
537 -0.012933
538 0.012396
539 0.195680
540 -0.053583
541 0.024465
542 -0.000887
543 -0.055680
544 -0.067906
545 -0.176822
546 0.039015
547 -0.197171
548 0.015489
549 -0.112848
550 -0.054853
551 0.091550
552 -0.016949
553 0.131927
554 0.148479
555 0.092926
556 -0.035201
557 -0.080633
558 -0.143541
559 0.068127
560 -0.137571
561 -0.133670
562 0.053816
563 -0.224978
564 -0.021316
565 0.046825
566 -0.058431
567 -0.037767
568 -0.225221
569 -0.008065
570 0.053901
571 -0.094946
572 -0.074478
573 -0.081217
574 0.011090
575 0.021395
576 0.019702
577 -0.162688
578 0.014659
579 -0.142804
580 0.037253
581 0.028722
582 -0.020555
583 0.211769
584 -0.260953
585 0.031872
586 0.119153
587 -0.040170
588 -0.084555
589 -0.100449
590 -0.022351
591 -0.167474
592 0.030780
593 -0.012504
594 -0.165197
595 0.075867
596 -0.024699
597 0.176919
598 0.077329
599 -0.021000
600 0.220064
601 0.028668
602 0.012900
603 -0.014257
604 -0.148069
605 -0.062616
606 0.112347
607 -0.015105
608 -0.050478
609 -0.122838
610 0.042771
611 -0.177991
612 -0.176627
613 -0.106609
614 -0.086943
615 -0.178399
616 0.039877
617 0.040472
618 -0.164124
619 -0.222628
620 0.182746
621 -0.126824
622 0.056451
623 0.108812
624 -0.091636
625 0.094967
626 0.101913
627 -0.104245
628 -0.093503
629 0.004324
630 0.001668
631 -0.133974
632 0.120955
633 0.232904
634 -0.057430
635 -0.022358
636 -0.062374
637 0.094754
638 -0.256313
639 0.087006
640 -0.007638
641 0.228764
642 -0.005178
643 0.241952
644 0.038386
645 0.066359
646 0.011985
647 -0.056795
648 0.142544
649 -0.114949
650 0.116155
651 -0.222755
652 -0.026628
653 0.016554
654 -0.078154
655 0.057330
656 0.118219
657 0.048390
658 0.067205
659 0.251420
660 0.079984
661 -0.205365
662 -0.077076
663 0.126796
664 -0.247236
665 -0.120526
666 -0.021535
667 -0.021931
668 -0.089701
669 0.261098
670 0.106078
671 0.152629
672 0.130443
673 0.072080
674 0.023004
675 -0.119853
676 0.149979
677 0.068166
678 -0.058408
679 0.133766
680 -0.006085
681 0.087038
682 0.047398
683 0.021348
684 -0.073100
685 0.036013
686 0.077268
687 0.102104
688 0.038226
689 -0.029730
690 0.156286
691 -0.067658
692 0.231728
693 -0.102269
694 0.188122
695 -0.135130
696 -0.088128
697 0.046482
698 -0.014579
699 0.158290
700 -0.141963
701 -0.105196
702 -0.047462
703 -0.095333
704 -0.057251
705 -0.110656
706 0.195135
707 -0.147467
708 0.051532
709 0.024087
710 -0.051985
711 -0.039493
712 0.016316
713 0.143242
714 0.131300
715 0.001736
716 -0.122056
717 -0.086922
718 0.090528
719 0.219057
720 0.030909
721 0.049697
722 0.030953
723 -0.133254
724 -0.029055
725 -0.058231
726 0.007717
727 0.113530
728 0.179966
729 -0.170206
730 0.003544
731 -0.051400
732 -0.142576
733 -0.105362
734 -0.077788
735 -0.001011
736 -0.116839
737 0.065745
738 -0.136991
739 0.125539
740 0.067369
741 0.099876
742 -0.258425
743 0.061014
744 -0.030752
745 -0.228696
746 -0.109062
747 0.091396
748 -0.099741
749 -0.026594
750 0.150059
751 -0.142511
752 -0.045702
753 0.045474
754 0.083655
755 -0.066028
756 -0.052843
757 -0.059452
758 0.004396
759 -0.102144
760 -0.119866
761 0.145749
762 -0.009473
763 0.012580
764 0.203411
765 -0.036413
766 -0.095499
767 0.205321
768 0.173247
769 -0.023184
770 -0.109242
771 0.235065
772 0.005568
773 -0.066692
774 -0.017758
775 0.070988
776 -0.022012
777 -0.037275
778 0.314709
779 -0.005532
780 0.073848
781 0.059545
782 0.131150
783 0.022178
784 -0.007375
785 -0.038334
786 -0.038823
787 0.170260
788 -0.092100
789 -0.005659
790 0.003304
791 0.168210
792 0.159668
793 0.122859
794 -0.009658
795 0.051343
796 -0.168607
797 0.010832
798 -0.052274
799 -0.154720
800 -0.180159
801 0.288373
802 -0.214499
803 0.022250
804 0.156669
805 -0.071051
806 0.181641
807 0.223809
808 0.002886
809 0.120332
810 0.101638
811 -0.098322
812 -0.027273
813 0.394750
814 -0.071038
815 -0.093524
816 0.015396
817 0.081002
818 0.004318
819 0.108091
820 0.160721
821 0.064067
822 0.016684
823 0.281979
824 0.212146
825 -0.125095
826 -0.104085
827 0.066845
828 -0.170692
829 -0.145276
830 0.252877
831 -0.017701
832 0.066916
833 0.000291
834 0.109945
835 0.011996
836 0.129456
837 0.040342
838 -0.071238
839 0.148365
840 -0.011750
841 -0.032638
842 -0.066320
843 0.181884
844 0.049896
845 -0.053766
846 -0.069171
847 0.191121
848 0.017716
849 0.072481
850 -0.123147
851 -0.131626
852 -0.152450
853 0.048151
854 -0.052245
855 0.121350
856 -0.154124
857 0.040209
858 0.039542
859 -0.091645
860 0.040794
861 0.038212
862 0.023242
863 0.106692
864 0.027002
865 0.038397
866 -0.110278
867 0.073719
868 -0.089169
869 -0.052010
870 0.192167
871 -0.040994
872 -0.028503
873 0.069056
874 -0.031149
875 -0.103055
876 -0.088747
877 -0.147214
878 0.047901
879 0.120406
880 -0.105874
881 -0.172786
882 -0.045826
883 0.066700
884 -0.048846
885 -0.113313
886 0.300479
887 -0.004003
888 0.007144
889 -0.137844
890 -0.146907
891 -0.031621
892 0.136596
893 -0.112854
894 -0.061919
895 -0.038878
896 -0.076998
897 -0.004749
898 0.004400
899 0.008638
900 0.077217
901 0.079418
902 -0.127518
903 0.083165
904 0.054376
905 -0.044563
906 0.060097
907 0.015142
908 -0.000614
909 -0.076817
910 0.289559
911 -0.101381
912 -0.150688
913 0.135773
914 0.045154
915 0.058197
916 0.106854
917 0.133283
918 -0.082103
919 -0.045755
920 0.236851
921 0.293613
922 -0.161081
923 -0.084151
924 -0.092828
925 -0.115930
926 0.191444
927 0.072899
928 -0.153390
929 0.010440
930 0.140592
931 0.144526
932 -0.202515
933 0.047458
934 0.139420
935 0.167505
936 -0.024247
937 0.000864
938 0.014557
939 0.055032
940 0.123815
941 0.026894
942 0.043307
943 0.033259
944 -0.137543
945 0.051371
946 0.089845
947 -0.044252
948 0.023112
949 0.045226
950 0.125418
951 0.016250
952 -0.105335
953 0.364747
954 -0.017456
955 -0.145124
956 0.243656
957 0.152201
958 0.029467
959 0.008151
960 0.082642
961 -0.104888
962 0.062523
963 0.169296
964 -0.203201
965 0.129203
966 0.113250
967 0.024567
968 -0.028521
969 0.013140
970 0.166275
971 0.103076
972 -0.144795
973 -0.081041
974 0.031074
975 -0.182784
976 -0.033732
977 0.092821
978 -0.175690
979 -0.130661
980 -0.039292
981 0.217602
982 -0.074974
983 -0.089273
984 0.158382
985 -0.177329
986 0.004446
987 0.088800
988 -0.056147
989 0.094768
990 0.021599
991 -0.008083
992 0.010506
993 0.339890
994 -0.333460
995 -0.085703
996 -0.097463
997 -0.139751
998 0.152616
999 -0.027968
1000 0.060342
1001 0.011657
1002 0.132359
1003 0.002130
1004 0.357804
1005 -0.287136
1006 -0.155755
1007 0.192513
1008 -0.060846
1009 -0.191502
1010 -0.028903
1011 -0.181922
1012 0.140791
1013 -0.001372
1014 0.164379
1015 -0.035748
1016 0.079599
1017 0.176583
1018 -0.051443
1019 -0.076385
1020 0.321728
1021 -0.106522
1022 -0.083943
1023 0.207061
1024 -0.324425
1025 -0.066051
1026 -0.022337
1027 0.191786
1028 0.111702
1029 -0.187269
1030 -0.107272
1031 0.126756
1032 0.014578
1033 -0.024120
1034 0.026980
1035 0.124024
1036 -0.070305
1037 0.037861
1038 -0.145796
1039 -0.026291
1040 -0.323957
1041 0.091400
1042 0.309157
1043 -0.006522
1044 0.156756
1045 -0.055339
1046 0.171062
1047 -0.094201
1048 0.052895
1049 -0.112206
1050 0.057827
1051 0.068156
1052 0.026344
1053 0.162211
1054 0.181962
1055 -0.014638
1056 0.137286
1057 -0.056565
1058 0.122871
1059 0.206695
1060 -0.023201
1061 -0.044147
1062 -0.168680
1063 0.116295
1064 0.074696
1065 -0.193548
1066 0.171592
1067 0.123710
1068 -0.182322
1069 -0.197938
1070 0.001497
1071 0.171768
1072 0.187729
1073 0.119696
1074 0.072778
1075 -0.121241
1076 0.067024
1077 -0.056568
1078 -0.075837
1079 0.091850
1080 0.088737
1081 0.119645
1082 -0.074976
1083 -0.210707
1084 0.132243
1085 0.018183
1086 -0.031551
1087 -0.093658
1088 -0.008831
1089 -0.142037
1090 0.162040
1091 -0.092739
1092 -0.134565
1093 0.083665
1094 -0.160789
1095 0.059669
1096 0.344771
1097 0.203104
1098 0.015984
1099 0.018633
1100 -0.100202
1101 -0.109249
1102 0.154016
1103 -0.008721
1104 -0.029354
1105 0.206457
1106 -0.125898
1107 0.040030
1108 0.206789
1109 -0.068681
1110 0.064260
1111 -0.054862
1112 0.020451
1113 0.101301
1114 0.301087
1115 0.109305
1116 -0.084246
1117 0.036113
1118 -0.127423
1119 0.251651
1120 0.098194
1121 -0.094435
1122 -0.039824
1123 0.034821
1124 0.033991
1125 -0.096749
1126 0.094515
1127 -0.092066
1128 0.001505
1129 0.197533
1130 -0.084015
1131 -0.051042
1132 0.118366
1133 -0.026913
1134 0.019662
1135 0.101565
1136 0.042841
1137 0.000938
1138 -0.005308
1139 -0.156403
1140 0.002731
1141 -0.125279
1142 0.072008
1143 -0.058146
1144 0.135637
1145 0.035376
1146 0.089089
1147 0.115601
1148 0.071600
1149 0.021885
1150 -0.142273
1151 0.177731
1152 -0.018239
1153 0.022472
1154 -0.109325
1155 0.072327
1156 0.065119
1157 0.004314
1158 0.069416
1159 0.157401
1160 -0.129687
1161 0.171112
1162 -0.024835
1163 0.066393
1164 0.152111
1165 0.043124
1166 -0.100904
1167 -0.019163
1168 0.025511
1169 -0.042903
1170 0.217151
1171 -0.053488
1172 0.087184
1173 0.115922
1174 0.158198
1175 0.186394
1176 0.037018
1177 -0.176242
1178 0.087381
1179 0.045893
1180 -0.028463
1181 0.080840
1182 0.118932
1183 -0.176961
1184 -0.151207
1185 0.066375
1186 0.121396
1187 -0.244816
1188 0.060805
1189 -0.071312
1190 -0.088394
1191 0.171984
1192 0.165574
1193 0.131614
1194 -0.077445
1195 0.165120
1196 0.035636
1197 0.043253
1198 -0.011697
1199 -0.101281
1200 -0.134884
1201 -0.073853
1202 0.107327
1203 0.015929
1204 0.143863
1205 -0.067793
1206 -0.064646
1207 0.056893
1208 -0.054519
1209 -0.098911
1210 0.174265
1211 0.108437
1212 -0.010909
1213 0.035069
1214 -0.154419
1215 -0.049489
1216 0.133636
1217 -0.030626
1218 -0.082441
1219 0.110635
1220 0.067837
1221 0.055120
1222 -0.023631
1223 0.095109
0 -0.067477
1 -0.022089
2 -0.065669
3 0.070875
4 0.041297
5 -0.141452
6 0.262070
7 0.095144
8 0.064820
9 0.191220
10 0.151821
11 -0.241482
12 -0.007466
13 -0.079702
14 0.094689
15 0.056367
16 0.166815
17 -0.018894
18 0.047517
19 0.203717
20 -0.054083
21 -0.025850
22 -0.034154
23 -0.028626
24 -0.267511
25 0.018743
26 -0.137209
27 0.090543
28 0.088740
29 0.000615
30 -0.160947
31 0.044002
32 -0.293120
33 -0.136559
34 -0.080933
35 -0.079765
36 -0.205524
37 -0.026305
38 -0.081642
39 0.105080
40 0.126633
41 -0.071723
42 -0.146139
43 0.097291
44 0.011003
45 -0.043012
46 0.027552
47 0.030975
48 0.026189
49 -0.056625
50 0.041245
51 0.110921
52 -0.193040
53 -0.025348
54 0.035393
55 -0.101287
56 -0.020885
57 -0.146094
58 -0.091623
59 -0.078158
60 -0.067575
61 -0.010836
62 0.124183
63 -0.036867
64 -0.040040
65 0.030618
66 0.012182
67 0.044602
68 0.112406
69 0.050075
70 -0.053263
71 0.081626
72 -0.044428
73 -0.081222
74 -0.240609
75 0.098799
76 0.058158
77 -0.267129
78 0.004336
79 0.084708
80 -0.093173
81 0.031214
82 0.085258
83 0.027644
84 -0.172607
85 0.043435
86 0.058892
87 -0.260701
88 0.018029
89 -0.055450
90 -0.145397
91 0.030124
92 0.057407
93 0.079934
94 -0.074664
95 -0.004663
96 0.066995
97 0.098588
98 -0.261832
99 -0.026151
100 -0.042413
101 -0.155133
102 -0.047712
103 -0.181895
104 0.044468
105 -0.205075
106 -0.064211
107 0.119518
108 -0.061897
109 0.041861
110 -0.103908
111 -0.158623
112 0.062796
113 0.071953
114 0.143010
115 -0.107113
116 -0.027737
117 0.042224
118 0.035401
119 -0.121127
120 0.018036
121 -0.073875
122 -0.088629
123 -0.100716
124 -0.019210
125 -0.038238
126 -0.064547
127 -0.239624
128 -0.201062
129 0.058919
130 -0.077249
131 -0.002915
132 -0.190482
133 0.009497
134 -0.065346
135 -0.094383
136 0.105928
137 -0.193224
138 -0.134862
139 0.057455
140 0.061248
141 -0.068294
142 0.065453
143 -0.096163
144 -0.165030
145 -0.093469
146 0.075490
147 -0.031541
148 0.044864
149 -0.089802
150 0.001433
151 -0.042434
152 0.113209
153 -0.225031
154 -0.105580
155 -0.089840
156 0.055784
157 -0.029922
158 0.187073
159 -0.218006
160 -0.135040
161 -0.096997
162 -0.028507
163 -0.216839
164 0.137528
165 -0.087893
166 -0.153661
167 -0.071638
168 0.088076
169 0.065364
170 -0.110427
171 0.133491
172 -0.203030
173 0.182879
174 0.119068
175 0.026396
176 -0.147123
177 0.075654
178 -0.247206
179 0.149135
180 -0.003117
181 -0.005444
182 0.021156
183 -0.019242
184 0.115066
185 -0.055917
186 -0.034022
187 0.118391
188 0.027833
189 -0.134350
190 0.069425
191 -0.025830
192 0.063348
193 0.084399
194 -0.010387
195 -0.169361
196 0.096411
197 0.195672
198 -0.027276
199 0.090460
200 0.013006
201 -0.016063
202 -0.078310
203 -0.084067
204 -0.156739
205 0.065516
206 -0.159709
207 -0.061786
208 0.223073
209 -0.100443
210 0.039137
211 -0.122891
212 -0.002847
213 0.065776
214 -0.099640
215 -0.058082
216 0.087996
217 -0.000118
218 0.143579
219 -0.119647
220 -0.129906
221 0.197446
222 -0.113177
223 0.069244
224 -0.222778
225 0.050885
226 -0.053850
227 0.042478
228 0.162762
229 0.018641
230 -0.212332
231 -0.074793
232 0.032838
233 0.153134
234 -0.044238
235 -0.210711
236 -0.222308
237 0.038178
238 0.040238
239 0.038378
240 -0.084212
241 0.036231
242 0.002081
243 0.185505
244 -0.066651
245 0.029566
246 -0.048091
247 0.052627
248 -0.154411
249 -0.129331
250 0.022519
251 -0.222206
252 -0.100143
253 -0.056060
254 -0.027546
255 -0.166642
256 -0.136300
257 -0.070789
258 0.027848
259 -0.110937
260 -0.027150
261 -0.012272
262 -0.133609
263 -0.012863
264 0.180325
265 0.186446
266 -0.111632
267 0.007871
268 -0.018258
269 -0.045232
270 -0.114481
271 -0.194187
272 -0.026872
273 0.145458
274 -0.144924
275 -0.033008
276 0.000825
277 -0.145100
278 -0.179715
279 -0.044726
280 -0.062107
281 -0.068315
282 -0.081522
283 -0.173008
284 0.045374
285 0.027184
286 -0.206736
287 -0.221196
288 0.015676
289 -0.038720
290 -0.183038
291 -0.064040
292 -0.111873
293 -0.097392
294 -0.158115
295 -0.123743
296 -0.220805
297 -0.009814
298 -0.015606
299 -0.161318
300 -0.132159
301 -0.110715
302 -0.137820
303 -0.126117
304 -0.025769
305 -0.174055
306 -0.091629
307 -0.134807
308 -0.052273
309 -0.150881
310 -0.072342
311 -0.056396
312 -0.031938
313 0.037746
314 -0.175141
315 0.008395
316 -0.055638
317 0.013652
318 -0.081907
319 -0.150988
320 0.041898
321 -0.051620
322 0.028624
323 -0.072301
324 -0.078788
325 -0.076831
326 -0.037476
327 -0.171814
328 -0.166536
329 -0.134148
330 -0.132117
331 -0.084235
332 -0.062176
333 0.003956
334 -0.215891
335 0.001110
336 -0.206354
337 -0.127698
338 -0.109245
339 -0.161884
340 -0.007613
341 0.074829
342 0.008803
343 -0.129665
344 -0.033552
345 0.040445
346 -0.095741
347 0.002102
348 -0.158753
349 -0.205655
350 -0.094591
351 -0.042080
352 -0.047967
353 -0.056653
354 -0.000725
355 -0.091566
356 -0.158090
357 -0.165471
358 -0.015656
359 -0.004468
360 -0.266267
361 0.051717
362 0.021552
363 -0.048682
364 -0.046604
365 -0.067038
366 0.000251
367 -0.095674
368 -0.011598
369 -0.031720
370 0.033369
371 -0.063941
372 -0.125273
373 -0.181507
374 -0.103168
375 -0.081614
376 -0.064893
377 -0.075183
378 -0.147820
379 -0.168547
380 0.011710
381 -0.139167
382 0.032912
383 -0.075931
384 -0.019321
385 -0.114552
386 -0.009091
387 -0.150356
388 -0.147663
389 -0.056654
390 0.031131
391 -0.018879
392 -0.132483
393 -0.132790
394 -0.114184
395 -0.061230
396 0.008362
397 -0.171453
398 -0.160350
399 -0.085936
400 -0.023453
401 -0.161571
402 -0.116398
403 -0.024797
404 0.004345
405 -0.067836
406 -0.232591
407 -0.086256
408 -0.082099
409 -0.090013
410 -0.050288
411 -0.239096
412 -0.010023
413 -0.206096
414 0.069584
415 -0.010499
416 -0.040600
417 -0.216024
418 -0.071389
419 -0.001146
420 0.081157
421 0.017688
422 -0.113318
423 -0.189244
424 -0.057582
425 0.043336
426 0.048308
427 -0.137970
428 0.124921
429 -0.075173
430 -0.145948
431 -0.123994
432 -0.014944
433 -0.143944
434 -0.009177
435 -0.063562
436 -0.176618
437 -0.081233
438 -0.069801
439 -0.101809
440 0.031202
441 -0.008537
442 -0.096182
443 -0.117560
444 -0.029691
445 -0.116153
446 -0.054548
447 -0.023358
448 -0.126074
449 -0.071311
450 -0.096339
451 -0.152701
452 -0.182325
453 -0.010359
454 -0.163091
455 -0.058297
456 -0.116524
457 -0.106785
458 -0.153079
459 -0.019223
460 -0.176890
461 0.028172
462 -0.112262
463 -0.023827
464 0.035090
465 -0.246137
466 -0.087485
467 -0.024973
468 -0.020492
469 -0.143808
470 -0.102042
471 -0.144770
472 0.048396
473 0.009543
474 -0.059417
475 -0.102993
476 -0.010313
477 -0.086033
478 -0.045691
479 -0.035446
480 -0.071705
481 0.004200
482 -0.148381
483 -0.239081
484 -0.075485
485 -0.085185
486 0.071708
487 0.034695
488 0.053370
489 -0.220470
490 -0.077082
491 -0.149279
492 -0.036663
493 -0.039687
494 -0.202216
495 -0.140569
496 0.023839
497 -0.049243
498 0.068215
499 -0.097225
500 -0.012325
501 -0.074366
502 -0.004357
503 -0.030697
504 -0.117618
505 0.024080
506 -0.029238
507 -0.106871
508 0.046376
509 -0.018453
510 -0.031028
511 -0.108829
512 -0.109272
513 -0.080477
514 -0.111688
515 -0.107098
516 0.041080
517 -0.050378
518 -0.035473
519 -0.031064
520 0.000224
521 -0.001007
522 0.001322
523 -0.130731
524 0.031208
525 -0.073225
526 -0.189168
527 -0.110809
528 0.064640
529 0.022936
530 0.035047
531 -0.118536
532 0.013751
533 0.077710
534 0.012302
535 -0.140163
536 0.134437
537 -0.012933
538 0.012396
539 0.195680
540 -0.053583
541 0.024465
542 -0.000887
543 -0.055680
544 -0.067906
545 -0.176822
546 0.039015
547 -0.197171
548 0.015489
549 -0.112848
550 -0.054853
551 0.091550
552 -0.016949
553 0.131927
554 0.148479
555 0.092926
556 -0.035201
557 -0.080633
558 -0.143541
559 0.068127
560 -0.137571
561 -0.133670
562 0.053816
563 -0.224978
564 -0.021316
565 0.046825
566 -0.058431
567 -0.037767
568 -0.225221
569 -0.008065
570 0.053901
571 -0.094946
572 -0.074478
573 -0.081217
574 0.011090
575 0.021395
576 0.019702
577 -0.162688
578 0.014659
579 -0.142804
580 0.037253
581 0.028722
582 -0.020555
583 0.211769
584 -0.260953
585 0.031872
586 0.119153
587 -0.040170
588 -0.084555
589 -0.100449
590 -0.022351
591 -0.167474
592 0.030780
593 -0.012504
594 -0.165197
595 0.075867
596 -0.024699
597 0.176919
598 0.077329
599 -0.021000
600 0.220064
601 0.028668
602 0.012900
603 -0.014257
604 -0.148069
605 -0.062616
606 0.112347
607 -0.015105
608 -0.050478
609 -0.122838
610 0.042771
611 -0.177991
612 -0.176627
613 -0.106609
614 -0.086943
615 -0.178399
616 0.039877
617 0.040472
618 -0.164124
619 -0.222628
620 0.182746
621 -0.126824
622 0.056451
623 0.108812
624 -0.091636
625 0.094967
626 0.101913
627 -0.104245
628 -0.093503
629 0.004324
630 0.001668
631 -0.133974
632 0.120955
633 0.232904
634 -0.057430
635 -0.022358
636 -0.062374
637 0.094754
638 -0.256313
639 0.087006
640 -0.007638
641 0.228764
642 -0.005178
643 0.241952
644 0.038386
645 0.066359
646 0.011985
647 -0.056795
648 0.142544
649 -0.114949
650 0.116155
651 -0.222755
652 -0.026628
653 0.016554
654 -0.078154
655 0.057330
656 0.118219
657 0.048390
658 0.067205
659 0.251420
660 0.079984
661 -0.205365
662 -0.077076
663 0.126796
664 -0.247236
665 -0.120526
666 -0.021535
667 -0.021931
668 -0.089701
669 0.261098
670 0.106078
671 0.152629
672 0.130443
673 0.072080
674 0.023004
675 -0.119853
676 0.149979
677 0.068166
678 -0.058408
679 0.133766
680 -0.006085
681 0.087038
682 0.047398
683 0.021348
684 -0.073100
685 0.036013
686 0.077268
687 0.102104
688 0.038226
689 -0.029730
690 0.156286
691 -0.067658
692 0.231728
693 -0.102269
694 0.188122
695 -0.135130
696 -0.088128
697 0.046482
698 -0.014579
699 0.158290
700 -0.141963
701 -0.105196
702 -0.047462
703 -0.095333
704 -0.057251
705 -0.110656
706 0.195135
707 -0.147467
708 0.051532
709 0.024087
710 -0.051985
711 -0.039493
712 0.016316
713 0.143242
714 0.131300
715 0.001736
716 -0.122056
717 -0.086922
718 0.090528
719 0.219057
720 0.030909
721 0.049697
722 0.030953
723 -0.133254
724 -0.029055
725 -0.058231
726 0.007717
727 0.113530
728 0.179966
729 -0.170206
730 0.003544
731 -0.051400
732 -0.142576
733 -0.105362
734 -0.077788
735 -0.001011
736 -0.116839
737 0.065745
738 -0.136991
739 0.125539
740 0.067369
741 0.099876
742 -0.258425
743 0.061014
744 -0.030752
745 -0.228696
746 -0.109062
747 0.091396
748 -0.099741
749 -0.026594
750 0.150059
751 -0.142511
752 -0.045702
753 0.045474
754 0.083655
755 -0.066028
756 -0.052843
757 -0.059452
758 0.004396
759 -0.102144
760 -0.119866
761 0.145749
762 -0.009473
763 0.012580
764 0.203411
765 -0.036413
766 -0.095499
767 0.205321
768 0.173247
769 -0.023184
770 -0.109242
771 0.235065
772 0.005568
773 -0.066692
774 -0.017758
775 0.070988
776 -0.022012
777 -0.037275
778 0.314709
779 -0.005532
780 0.073848
781 0.059545
782 0.131150
783 0.022178
784 -0.007375
785 -0.038334
786 -0.038823
787 0.170260
788 -0.092100
789 -0.005659
790 0.003304
791 0.168210
792 0.159668
793 0.122859
794 -0.009658
795 0.051343
796 -0.168607
797 0.010832
798 -0.052274
799 -0.154720
800 -0.180159
801 0.288373
802 -0.214499
803 0.022250
804 0.156669
805 -0.071051
806 0.181641
807 0.223809
808 0.002886
809 0.120332
810 0.101638
811 -0.098322
812 -0.027273
813 0.394750
814 -0.071038
815 -0.093524
816 0.015396
817 0.081002
818 0.004318
819 0.108091
820 0.160721
821 0.064067
822 0.016684
823 0.281979
824 0.212146
825 -0.125095
826 -0.104085
827 0.066845
828 -0.170692
829 -0.145276
830 0.252877
831 -0.017701
832 0.066916
833 0.000291
834 0.109945
835 0.011996
836 0.129456
837 0.040342
838 -0.071238
839 0.148365
840 -0.011750
841 -0.032638
842 -0.066320
843 0.181884
844 0.049896
845 -0.053766
846 -0.069171
847 0.191121
848 0.017716
849 0.072481
850 -0.123147
851 -0.131626
852 -0.152450
853 0.048151
854 -0.052245
855 0.121350
856 -0.154124
857 0.040209
858 0.039542
859 -0.091645
860 0.040794
861 0.038212
862 0.023242
863 0.106692
864 0.027002
865 0.038397
866 -0.110278
867 0.073719
868 -0.089169
869 -0.052010
870 0.192167
871 -0.040994
872 -0.028503
873 0.069056
874 -0.031149
875 -0.103055
876 -0.088747
877 -0.147214
878 0.047901
879 0.120406
880 -0.105874
881 -0.172786
882 -0.045826
883 0.066700
884 -0.048846
885 -0.113313
886 0.300479
887 -0.004003
888 0.007144
889 -0.137844
890 -0.146907
891 -0.031621
892 0.136596
893 -0.112854
894 -0.061919
895 -0.038878
896 -0.076998
897 -0.004749
898 0.004400
899 0.008638
900 0.077217
901 0.079418
902 -0.127518
903 0.083165
904 0.054376
905 -0.044563
906 0.060097
907 0.015142
908 -0.000614
909 -0.076817
910 0.289559
911 -0.101381
912 -0.150688
913 0.135773
914 0.045154
915 0.058197
916 0.106854
917 0.133283
918 -0.082103
919 -0.045755
920 0.236851
921 0.293613
922 -0.161081
923 -0.084151
924 -0.092828
925 -0.115930
926 0.191444
927 0.072899
928 -0.153390
929 0.010440
930 0.140592
931 0.144526
932 -0.202515
933 0.047458
934 0.139420
935 0.167505
936 -0.024247
937 0.000864
938 0.014557
939 0.055032
940 0.123815
941 0.026894
942 0.043307
943 0.033259
944 -0.137543
945 0.051371
946 0.089845
947 -0.044252
948 0.023112
949 0.045226
950 0.125418
951 0.016250
952 -0.105335
953 0.364747
954 -0.017456
955 -0.145124
956 0.243656
957 0.152201
958 0.029467
959 0.008151
960 0.082642
961 -0.104888
962 0.062523
963 0.169296
964 -0.203201
965 0.129203
966 0.113250
967 0.024567
968 -0.028521
969 0.013140
970 0.166275
971 0.103076
972 -0.144795
973 -0.081041
974 0.031074
975 -0.182784
976 -0.033732
977 0.092821
978 -0.175690
979 -0.130661
980 -0.039292
981 0.217602
982 -0.074974
983 -0.089273
984 0.158382
985 -0.177329
986 0.004446
987 0.088800
988 -0.056147
989 0.094768
990 0.021599
991 -0.008083
992 0.010506
993 0.339890
994 -0.333460
995 -0.085703
996 -0.097463
997 -0.139751
998 0.152616
999 -0.027968
1000 0.060342
1001 0.011657
1002 0.132359
1003 0.002130
1004 0.357804
1005 -0.287136
1006 -0.155755
1007 0.192513
1008 -0.060846
1009 -0.191502
1010 -0.028903
1011 -0.181922
1012 0.140791
1013 -0.001372
1014 0.164379
1015 -0.035748
1016 0.079599
1017 0.176583
1018 -0.051443
1019 -0.076385
1020 0.321728
1021 -0.106522
1022 -0.083943
1023 0.207061
1024 -0.324425
1025 -0.066051
1026 -0.022337
1027 0.191786
1028 0.111702
1029 -0.187269
1030 -0.107272
1031 0.126756
1032 0.014578
1033 -0.024120
1034 0.026980
1035 0.124024
1036 -0.070305
1037 0.037861
1038 -0.145796
1039 -0.026291
1040 -0.323957
1041 0.091400
1042 0.309157
1043 -0.006522
1044 0.156756
1045 -0.055339
1046 0.171062
1047 -0.094201
1048 0.052895
1049 -0.112206
1050 0.057827
1051 0.068156
1052 0.026344
1053 0.162211
1054 0.181962
1055 -0.014638
1056 0.137286
1057 -0.056565
1058 0.122871
1059 0.206695
1060 -0.023201
1061 -0.044147
1062 -0.168680
1063 0.116295
1064 0.074696
1065 -0.193548
1066 0.171592
1067 0.123710
1068 -0.182322
1069 -0.197938
1070 0.001497
1071 0.171768
1072 0.187729
1073 0.119696
1074 0.072778
1075 -0.121241
1076 0.067024
1077 -0.056568
1078 -0.075837
1079 0.091850
1080 0.088737
1081 0.119645
1082 -0.074976
1083 -0.210707
1084 0.132243
1085 0.018183
1086 -0.031551
1087 -0.093658
1088 -0.008831
1089 -0.142037
1090 0.162040
1091 -0.092739
1092 -0.134565
1093 0.083665
1094 -0.160789
1095 0.059669
1096 0.344771
1097 0.203104
1098 0.015984
1099 0.018633
1100 -0.100202
1101 -0.109249
1102 0.154016
1103 -0.008721
1104 -0.029354
1105 0.206457
1106 -0.125898
1107 0.040030
1108 0.206789
1109 -0.068681
1110 0.064260
1111 -0.054862
1112 0.020451
1113 0.101301
1114 0.301087
1115 0.109305
1116 -0.084246
1117 0.036113
1118 -0.127423
1119 0.251651
1120 0.098194
1121 -0.094435
1122 -0.039824
1123 0.034821
1124 0.033991
1125 -0.096749
1126 0.094515
1127 -0.092066
1128 0.001505
1129 0.197533
1130 -0.084015
1131 -0.051042
1132 0.118366
1133 -0.026913
1134 0.019662
1135 0.101565
1136 0.042841
1137 0.000938
1138 -0.005308
1139 -0.156403
1140 0.002731
1141 -0.125279
1142 0.072008
1143 -0.058146
1144 0.135637
1145 0.035376
1146 0.089089
1147 0.115601
1148 0.071600
1149 0.021885
1150 -0.142273
1151 0.177731
1152 -0.018239
1153 0.022472
1154 -0.109325
1155 0.072327
1156 0.065119
1157 0.004314
1158 0.069416
1159 0.157401
1160 -0.129687
1161 0.171112
1162 -0.024835
1163 0.066393
1164 0.152111
1165 0.043124
1166 -0.100904
1167 -0.019163
1168 0.025511
1169 -0.042903
1170 0.217151
1171 -0.053488
1172 0.087184
1173 0.115922
1174 0.158198
1175 0.186394
1176 0.037018
1177 -0.176242
1178 0.087381
1179 0.045893
1180 -0.028463
1181 0.080840
1182 0.118932
1183 -0.176961
1184 -0.151207
1185 0.066375
1186 0.121396
1187 -0.244816
1188 0.060805
1189 -0.071312
1190 -0.088394
1191 0.171984
1192 0.165574
1193 0.131614
1194 -0.077445
1195 0.165120
1196 0.035636
1197 0.043253
1198 -0.011697
1199 -0.101281
1200 -0.134884
1201 -0.073853
1202 0.107327
1203 0.015929
1204 0.143863
1205 -0.067793
1206 -0.064646
1207 0.056893
1208 -0.054519
1209 -0.098911
1210 0.174265
1211 0.108437
1212 -0.010909
1213 0.035069
1214 -0.154419
1215 -0.049489
1216 0.133636
1217 -0.030626
1218 -0.082441
1219 0.110635
1220 0.067837
1221 0.055120
1222 -0.023631
1223 0.095109
0 -0.067477
1 -0.022089
2 -0.065669
3 0.070875
4 0.041297
5 -0.141452
6 0.262070
7 0.095144
8 0.064820
9 0.191220
10 0.151821
11 -0.241482
12 -0.007466
13 -0.079702
14 0.094689
15 0.056367
16 0.166815
17 -0.018894
18 0.047517
19 0.203717
20 -0.054083
21 -0.025850
22 -0.034154
23 -0.028626
24 -0.267511
25 0.018743
26 -0.137209
27 0.090543
28 0.088740
29 0.000615
30 -0.160947
31 0.044002
32 -0.293120
33 -0.136559
34 -0.080933
35 -0.079765
36 -0.205524
37 -0.026305
38 -0.081642
39 0.105080
40 0.126633
41 -0.071723
42 -0.146139
43 0.097291
44 0.011003
45 -0.043012
46 0.027552
47 0.030975
48 0.026189
49 -0.056625
50 0.041245
51 0.110921
52 -0.193040
53 -0.025348
54 0.035393
55 -0.101287
56 -0.020885
57 -0.146094
58 -0.091623
59 -0.078158
60 -0.067575
61 -0.010836
62 0.124183
63 -0.036867
64 -0.040040
65 0.030618
66 0.012182
67 0.044602
68 0.112406
69 0.050075
70 -0.053263
71 0.081626
72 -0.044428
73 -0.081222
74 -0.240609
75 0.098799
76 0.058158
77 -0.267129
78 0.004336
79 0.084708
80 -0.093173
81 0.031214
82 0.085258
83 0.027644
84 -0.172607
85 0.043435
86 0.058892
87 -0.260701
88 0.018029
89 -0.055450
90 -0.145397
91 0.030124
92 0.057407
93 0.079934
94 -0.074664
95 -0.004663
96 0.066995
97 0.098588
98 -0.261832
99 -0.026151
100 -0.042413
101 -0.155133
102 -0.047712
103 -0.181895
104 0.044468
105 -0.205075
106 -0.064211
107 0.119518
108 -0.061897
109 0.041861
110 -0.103908
111 -0.158623
112 0.062796
113 0.071953
114 0.143010
115 -0.107113
116 -0.027737
117 0.042224
118 0.035401
119 -0.121127
120 0.018036
121 -0.073875
122 -0.088629
123 -0.100716
124 -0.019210
125 -0.038238
126 -0.064547
127 -0.239624
128 -0.201062
129 0.058919
130 -0.077249
131 -0.002915
132 -0.190482
133 0.009497
134 -0.065346
135 -0.094383
136 0.105928
137 -0.193224
138 -0.134862
139 0.057455
140 0.061248
141 -0.068294
142 0.065453
143 -0.096163
144 -0.165030
145 -0.093469
146 0.075490
147 -0.031541
148 0.044864
149 -0.089802
150 0.001433
151 -0.042434
152 0.113209
153 -0.225031
154 -0.105580
155 -0.089840
156 0.055784
157 -0.029922
158 0.187073
159 -0.218006
160 -0.135040
161 -0.096997
162 -0.028507
163 -0.216839
164 0.137528
165 -0.087893
166 -0.153661
167 -0.071638
168 0.088076
169 0.065364
170 -0.110427
171 0.133491
172 -0.203030
173 0.182879
174 0.119068
175 0.026396
176 -0.147123
177 0.075654
178 -0.247206
179 0.149135
180 -0.003117
181 -0.005444
182 0.021156
183 -0.019242
184 0.115066
185 -0.055917
186 -0.034022
187 0.118391
188 0.027833
189 -0.134350
190 0.069425
191 -0.025830
192 0.063348
193 0.084399
194 -0.010387
195 -0.169361
196 0.096411
197 0.195672
198 -0.027276
199 0.090460
200 0.013006
201 -0.016063
202 -0.078310
203 -0.084067
204 -0.156739
205 0.065516
206 -0.159709
207 -0.061786
208 0.223073
209 -0.100443
210 0.039137
211 -0.122891
212 -0.002847
213 0.065776
214 -0.099640
215 -0.058082
216 0.087996
217 -0.000118
218 0.143579
219 -0.119647
220 -0.129906
221 0.197446
222 -0.113177
223 0.069244
224 -0.222778
225 0.050885
226 -0.053850
227 0.042478
228 0.162762
229 0.018641
230 -0.212332
231 -0.074793
232 0.032838
233 0.153134
234 -0.044238
235 -0.210711
236 -0.222308
237 0.038178
238 0.040238
239 0.038378
240 -0.084212
241 0.036231
242 0.002081
243 0.185505
244 -0.066651
245 0.029566
246 -0.048091
247 0.052627
248 -0.154411
249 -0.129331
250 0.022519
251 -0.222206
252 -0.100143
253 -0.056060
254 -0.027546
255 -0.166642
256 -0.136300
257 -0.070789
258 0.027848
259 -0.110937
260 -0.027150
261 -0.012272
262 -0.133609
263 -0.012863
264 0.180325
265 0.186446
266 -0.111632
267 0.007871
268 -0.018258
269 -0.045232
270 -0.114481
271 -0.194187
272 -0.026872
273 0.145458
274 -0.144924
275 -0.033008
276 0.000825
277 -0.145100
278 -0.179715
279 -0.044726
280 -0.062107
281 -0.068315
282 -0.081522
283 -0.173008
284 0.045374
285 0.027184
286 -0.206736
287 -0.221196
288 0.015676
289 -0.038720
290 -0.183038
291 -0.064040
292 -0.111873
293 -0.097392
294 -0.158115
295 -0.123743
296 -0.220805
297 -0.009814
298 -0.015606
299 -0.161318
300 -0.132159
301 -0.110715
302 -0.137820
303 -0.126117
304 -0.025769
305 -0.174055
306 -0.091629
307 -0.134807
308 -0.052273
309 -0.150881
310 -0.072342
311 -0.056396
312 -0.031938
313 0.037746
314 -0.175141
315 0.008395
316 -0.055638
317 0.013652
318 -0.081907
319 -0.150988
320 0.041898
321 -0.051620
322 0.028624
323 -0.072301
324 -0.078788
325 -0.076831
326 -0.037476
327 -0.171814
328 -0.166536
329 -0.134148
330 -0.132117
331 -0.084235
332 -0.062176
333 0.003956
334 -0.215891
335 0.001110
336 -0.206354
337 -0.127698
338 -0.109245
339 -0.161884
340 -0.007613
341 0.074829
342 0.008803
343 -0.129665
344 -0.033552
345 0.040445
346 -0.095741
347 0.002102
348 -0.158753
349 -0.205655
350 -0.094591
351 -0.042080
352 -0.047967
353 -0.056653
354 -0.000725
355 -0.091566
356 -0.158090
357 -0.165471
358 -0.015656
359 -0.004468
360 -0.266267
361 0.051717
362 0.021552
363 -0.048682
364 -0.046604
365 -0.067038
366 0.000251
367 -0.095674
368 -0.011598
369 -0.031720
370 0.033369
371 -0.063941
372 -0.125273
373 -0.181507
374 -0.103168
375 -0.081614
376 -0.064893
377 -0.075183
378 -0.147820
379 -0.168547
380 0.011710
381 -0.139167
382 0.032912
383 -0.075931
384 -0.019321
385 -0.114552
386 -0.009091
387 -0.150356
388 -0.147663
389 -0.056654
390 0.031131
391 -0.018879
392 -0.132483
393 -0.132790
394 -0.114184
395 -0.061230
396 0.008362
397 -0.171453
398 -0.160350
399 -0.085936
400 -0.023453
401 -0.161571
402 -0.116398
403 -0.024797
404 0.004345
405 -0.067836
406 -0.232591
407 -0.086256
408 -0.082099
409 -0.090013
410 -0.050288
411 -0.239096
412 -0.010023
413 -0.206096
414 0.069584
415 -0.010499
416 -0.040600
417 -0.216024
418 -0.071389
419 -0.001146
420 0.081157
421 0.017688
422 -0.113318
423 -0.189244
424 -0.057582
425 0.043336
426 0.048308
427 -0.137970
428 0.124921
429 -0.075173
430 -0.145948
431 -0.123994
432 -0.014944
433 -0.143944
434 -0.009177
435 -0.063562
436 -0.176618
437 -0.081233
438 -0.069801
439 -0.101809
440 0.031202
441 -0.008537
442 -0.096182
443 -0.117560
444 -0.029691
445 -0.116153
446 -0.054548
447 -0.023358
448 -0.126074
449 -0.071311
450 -0.096339
451 -0.152701
452 -0.182325
453 -0.010359
454 -0.163091
455 -0.058297
456 -0.116524
457 -0.106785
458 -0.153079
459 -0.019223
460 -0.176890
461 0.028172
462 -0.112262
463 -0.023827
464 0.035090
465 -0.246137
466 -0.087485
467 -0.024973
468 -0.020492
469 -0.143808
470 -0.102042
471 -0.144770
472 0.048396
473 0.009543
474 -0.059417
475 -0.102993
476 -0.010313
477 -0.086033
478 -0.045691
479 -0.035446
480 -0.071705
481 0.004200
482 -0.148381
483 -0.239081
484 -0.075485
485 -0.085185
486 0.071708
487 0.034695
488 0.053370
489 -0.220470
490 -0.077082
491 -0.149279
492 -0.036663
493 -0.039687
494 -0.202216
495 -0.140569
496 0.023839
497 -0.049243
498 0.068215
499 -0.097225
500 -0.012325
501 -0.074366
502 -0.004357
503 -0.030697
504 -0.117618
505 0.024080
506 -0.029238
507 -0.106871
508 0.046376
509 -0.018453
510 -0.031028
511 -0.108829
512 -0.109272
513 -0.080477
514 -0.111688
515 -0.107098
516 0.041080
517 -0.050378
518 -0.035473
519 -0.031064
520 0.000224
521 -0.001007
522 0.001322
523 -0.130731
524 0.031208
525 -0.073225
526 -0.189168
527 -0.110809
528 0.064640
529 0.022936
530 0.035047
531 -0.118536
532 0.013751
533 0.077710
534 0.012302
535 -0.140163
536 0.134437
537 -0.012933
538 0.012396
539 0.195680
540 -0.053583
541 0.024465
542 -0.000887
543 -0.055680
544 -0.067906
545 -0.176822
546 0.039015
547 -0.197171
548 0.015489
549 -0.112848
550 -0.054853
551 0.091550
552 -0.016949
553 0.131927
554 0.148479
555 0.092926
556 -0.035201
557 -0.080633
558 -0.143541
559 0.068127
560 -0.137571
561 -0.133670
562 0.053816
563 -0.224978
564 -0.021316
565 0.046825
566 -0.058431
567 -0.037767
568 -0.225221
569 -0.008065
570 0.053901
571 -0.094946
572 -0.074478
573 -0.081217
574 0.011090
575 0.021395
576 0.019702
577 -0.162688
578 0.014659
579 -0.142804
580 0.037253
581 0.028722
582 -0.020555
583 0.211769
584 -0.260953
585 0.031872
586 0.119153
587 -0.040170
588 -0.084555
589 -0.100449
590 -0.022351
591 -0.167474
592 0.030780
593 -0.012504
594 -0.165197
595 0.075867
596 -0.024699
597 0.176919
598 0.077329
599 -0.021000
600 0.220064
601 0.028668
602 0.012900
603 -0.014257
604 -0.148069
605 -0.062616
606 0.112347
607 -0.015105
608 -0.050478
609 -0.122838
610 0.042771
611 -0.177991
612 -0.176627
613 -0.106609
614 -0.086943
615 -0.178399
616 0.039877
617 0.040472
618 -0.164124
619 -0.222628
620 0.182746
621 -0.126824
622 0.056451
623 0.108812
624 -0.091636
625 0.094967
626 0.101913
627 -0.104245
628 -0.093503
629 0.004324
630 0.001668
631 -0.133974
632 0.120955
633 0.232904
634 -0.057430
635 -0.022358
636 -0.062374
637 0.094754
638 -0.256313
639 0.087006
640 -0.007638
641 0.228764
642 -0.005178
643 0.241952
644 0.038386
645 0.066359
646 0.011985
647 -0.056795
648 0.142544
649 -0.114949
650 0.116155
651 -0.222755
652 -0.026628
653 0.016554
654 -0.078154
655 0.057330
656 0.118219
657 0.048390
658 0.067205
659 0.251420
660 0.079984
661 -0.205365
662 -0.077076
663 0.126796
664 -0.247236
665 -0.120526
666 -0.021535
667 -0.021931
668 -0.089701
669 0.261098
670 0.106078
671 0.152629
672 0.130443
673 0.072080
674 0.023004
675 -0.119853
676 0.149979
677 0.068166
678 -0.058408
679 0.133766
680 -0.006085
681 0.087038
682 0.047398
683 0.021348
684 -0.073100
685 0.036013
686 0.077268
687 0.102104
688 0.038226
689 -0.029730
690 0.156286
691 -0.067658
692 0.231728
693 -0.102269
694 0.188122
695 -0.135130
696 -0.088128
697 0.046482
698 -0.014579
699 0.158290
700 -0.141963
701 -0.105196
702 -0.047462
703 -0.095333
704 -0.057251
705 -0.110656
706 0.195135
707 -0.147467
708 0.051532
709 0.024087
710 -0.051985
711 -0.039493
712 0.016316
713 0.143242
714 0.131300
715 0.001736
716 -0.122056
717 -0.086922
718 0.090528
719 0.219057
720 0.030909
721 0.049697
722 0.030953
723 -0.133254
724 -0.029055
725 -0.058231
726 0.007717
727 0.113530
728 0.179966
729 -0.170206
730 0.003544
731 -0.051400
732 -0.142576
733 -0.105362
734 -0.077788
735 -0.001011
736 -0.116839
737 0.065745
738 -0.136991
739 0.125539
740 0.067369
741 0.099876
742 -0.258425
743 0.061014
744 -0.030752
745 -0.228696
746 -0.109062
747 0.091396
748 -0.099741
749 -0.026594
750 0.150059
751 -0.142511
752 -0.045702
753 0.045474
754 0.083655
755 -0.066028
756 -0.052843
757 -0.059452
758 0.004396
759 -0.102144
760 -0.119866
761 0.145749
762 -0.009473
763 0.012580
764 0.203411
765 -0.036413
766 -0.095499
767 0.205321
768 0.173247
769 -0.023184
770 -0.109242
771 0.235065
772 0.005568
773 -0.066692
774 -0.017758
775 0.070988
776 -0.022012
777 -0.037275
778 0.314709
779 -0.005532
780 0.073848
781 0.059545
782 0.131150
783 0.022178
784 -0.007375
785 -0.038334
786 -0.038823
787 0.170260
788 -0.092100
789 -0.005659
790 0.003304
791 0.168210
792 0.159668
793 0.122859
794 -0.009658
795 0.051343
796 -0.168607
797 0.010832
798 -0.052274
799 -0.154720
800 -0.180159
801 0.288373
802 -0.214499
803 0.022250
804 0.156669
805 -0.071051
806 0.181641
807 0.223809
808 0.002886
809 0.120332
810 0.101638
811 -0.098322
812 -0.027273
813 0.394750
814 -0.071038
815 -0.093524
816 0.015396
817 0.081002
818 0.004318
819 0.108091
820 0.160721
821 0.064067
822 0.016684
823 0.281979
824 0.212146
825 -0.125095
826 -0.104085
827 0.066845
828 -0.170692
829 -0.145276
830 0.252877
831 -0.017701
832 0.066916
833 0.000291
834 0.109945
835 0.011996
836 0.129456
837 0.040342
838 -0.071238
839 0.148365
840 -0.011750
841 -0.032638
842 -0.066320
843 0.181884
844 0.049896
845 -0.053766
846 -0.069171
847 0.191121
848 0.017716
849 0.072481
850 -0.123147
851 -0.131626
852 -0.152450
853 0.048151
854 -0.052245
855 0.121350
856 -0.154124
857 0.040209
858 0.039542
859 -0.091645
860 0.040794
861 0.038212
862 0.023242
863 0.106692
864 0.027002
865 0.038397
866 -0.110278
867 0.073719
868 -0.089169
869 -0.052010
870 0.192167
871 -0.040994
872 -0.028503
873 0.069056
874 -0.031149
875 -0.103055
876 -0.088747
877 -0.147214
878 0.047901
879 0.120406
880 -0.105874
881 -0.172786
882 -0.045826
883 0.066700
884 -0.048846
885 -0.113313
886 0.300479
887 -0.004003
888 0.007144
889 -0.137844
890 -0.146907
891 -0.031621
892 0.136596
893 -0.112854
894 -0.061919
895 -0.038878
896 -0.076998
897 -0.004749
898 0.004400
899 0.008638
900 0.077217
901 0.079418
902 -0.127518
903 0.083165
904 0.054376
905 -0.044563
906 0.060097
907 0.015142
908 -0.000614
909 -0.076817
910 0.289559
911 -0.101381
912 -0.150688
913 0.135773
914 0.045154
915 0.058197
916 0.106854
917 0.133283
918 -0.082103
919 -0.045755
920 0.236851
921 0.293613
922 -0.161081
923 -0.084151
924 -0.092828
925 -0.115930
926 0.191444
927 0.072899
928 -0.153390
929 0.010440
930 0.140592
931 0.144526
932 -0.202515
933 0.047458
934 0.139420
935 0.167505
936 -0.024247
937 0.000864
938 0.014557
939 0.055032
940 0.123815
941 0.026894
942 0.043307
943 0.033259
944 -0.137543
945 0.051371
946 0.089845
947 -0.044252
948 0.023112
949 0.045226
950 0.125418
951 0.016250
952 -0.105335
953 0.364747
954 -0.017456
955 -0.145124
956 0.243656
957 0.152201
958 0.029467
959 0.008151
960 0.082642
961 -0.104888
962 0.062523
963 0.169296
964 -0.203201
965 0.129203
966 0.113250
967 0.024567
968 -0.028521
969 0.013140
970 0.166275
971 0.103076
972 -0.144795
973 -0.081041
974 0.031074
975 -0.182784
976 -0.033732
977 0.092821
978 -0.175690
979 -0.130661
980 -0.039292
981 0.217602
982 -0.074974
983 -0.089273
984 0.158382
985 -0.177329
986 0.004446
987 0.088800
988 -0.056147
989 0.094768
990 0.021599
991 -0.008083
992 0.010506
993 0.339890
994 -0.333460
995 -0.085703
996 -0.097463
997 -0.139751
998 0.152616
999 -0.027968
1000 0.060342
1001 0.011657
1002 0.132359
1003 0.002130
1004 0.357804
1005 -0.287136
1006 -0.155755
1007 0.192513
1008 -0.060846
1009 -0.191502
1010 -0.028903
1011 -0.181922
1012 0.140791
1013 -0.001372
1014 0.164379
1015 -0.035748
1016 0.079599
1017 0.176583
1018 -0.051443
1019 -0.076385
1020 0.321728
1021 -0.106522
1022 -0.083943
1023 0.207061
1024 -0.324425
1025 -0.066051
1026 -0.022337
1027 0.191786
1028 0.111702
1029 -0.187269
1030 -0.107272
1031 0.126756
1032 0.014578
1033 -0.024120
1034 0.026980
1035 0.124024
1036 -0.070305
1037 0.037861
1038 -0.145796
1039 -0.026291
1040 -0.323957
1041 0.091400
1042 0.309157
1043 -0.006522
1044 0.156756
1045 -0.055339
1046 0.171062
1047 -0.094201
1048 0.052895
1049 -0.112206
1050 0.057827
1051 0.068156
1052 0.026344
1053 0.162211
1054 0.181962
1055 -0.014638
1056 0.137286
1057 -0.056565
1058 0.122871
1059 0.206695
1060 -0.023201
1061 -0.044147
1062 -0.168680
1063 0.116295
1064 0.074696
1065 -0.193548
1066 0.171592
1067 0.123710
1068 -0.182322
1069 -0.197938
1070 0.001497
1071 0.171768
1072 0.187729
1073 0.119696
1074 0.072778
1075 -0.121241
1076 0.067024
1077 -0.056568
1078 -0.075837
1079 0.091850
1080 0.088737
1081 0.119645
1082 -0.074976
1083 -0.210707
1084 0.132243
1085 0.018183
1086 -0.031551
1087 -0.093658
1088 -0.008831
1089 -0.142037
1090 0.162040
1091 -0.092739
1092 -0.134565
1093 0.083665
1094 -0.160789
1095 0.059669
1096 0.344771
1097 0.203104
1098 0.015984
1099 0.018633
1100 -0.100202
1101 -0.109249
1102 0.154016
1103 -0.008721
1104 -0.029354
1105 0.206457
1106 -0.125898
1107 0.040030
1108 0.206789
1109 -0.068681
1110 0.064260
1111 -0.054862
1112 0.020451
1113 0.101301
1114 0.301087
1115 0.109305
1116 -0.084246
1117 0.036113
1118 -0.127423
1119 0.251651
1120 0.098194
1121 -0.094435
1122 -0.039824
1123 0.034821
1124 0.033991
1125 -0.096749
1126 0.094515
1127 -0.092066
1128 0.001505
1129 0.197533
1130 -0.084015
1131 -0.051042
1132 0.118366
1133 -0.026913
1134 0.019662
1135 0.101565
1136 0.042841
1137 0.000938
1138 -0.005308
1139 -0.156403
1140 0.002731
1141 -0.125279
1142 0.072008
1143 -0.058146
1144 0.135637
1145 0.035376
1146 0.089089
1147 0.115601
1148 0.071600
1149 0.021885
1150 -0.142273
1151 0.177731
1152 -0.018239
1153 0.022472
1154 -0.109325
1155 0.072327
1156 0.065119
1157 0.004314
1158 0.069416
1159 0.157401
1160 -0.129687
1161 0.171112
1162 -0.024835
1163 0.066393
1164 0.152111
1165 0.043124
1166 -0.100904
1167 -0.019163
1168 0.025511
1169 -0.042903
1170 0.217151
1171 -0.053488
1172 0.087184
1173 0.115922
1174 0.158198
1175 0.186394
1176 0.037018
1177 -0.176242
1178 0.087381
1179 0.045893
1180 -0.028463
1181 0.080840
1182 0.118932
1183 -0.176961
1184 -0.151207
1185 0.066375
1186 0.121396
1187 -0.244816
1188 0.060805
1189 -0.071312
1190 -0.088394
1191 0.171984
1192 0.165574
1193 0.131614
1194 -0.077445
1195 0.165120
1196 0.035636
1197 0.043253
1198 -0.011697
1199 -0.101281
1200 -0.134884
1201 -0.073853
1202 0.107327
1203 0.015929
1204 0.143863
1205 -0.067793
1206 -0.064646
1207 0.056893
1208 -0.054519
1209 -0.098911
1210 0.174265
1211 0.108437
1212 -0.010909
1213 0.035069
1214 -0.154419
1215 -0.049489
1216 0.133636
1217 -0.030626
1218 -0.082441
1219 0.110635
1220 0.067837
1221 0.055120
1222 -0.023631
1223 0.095109
