0 -0.248363
1 -0.172826
2 -0.383545
3 -0.202023
4 0.014379
5 -0.111108
6 -0.434474
7 -0.167554
8 0.161063
9 0.106859
10 -0.122631
11 -0.044231
12 -0.028214
13 0.180540
14 -0.268517
15 -0.214812
16 0.046406
17 -0.255580
18 0.042127
19 0.082303
20 -0.044556
21 0.096275
22 -0.121954
23 -0.067670
24 0.131263
25 0.271828
26 -0.159615
27 -0.095264
28 0.034632
29 -0.162393
30 0.085409
31 -0.145820
32 0.023996
33 -0.216258
34 -0.250866
35 0.165416
36 0.067302
37 -0.174997
38 -0.021063
39 0.175488
40 0.065104
41 0.080714
42 -0.007488
43 -0.133870
44 -0.140798
45 -0.046854
46 -0.139355
47 -0.300317
48 -0.282170
49 0.118461
50 0.143242
51 0.144229
52 -0.169913
53 -0.127998
54 0.097783
55 0.239193
56 -0.002588
57 -0.140485
58 0.043729
59 0.226491
60 -0.222280
61 -0.150618
62 0.032982
63 -0.125817
64 0.025447
65 0.217914
66 -0.172698
67 0.004014
68 -0.098038
69 0.134573
70 0.286098
71 0.153381
72 0.055372
73 0.335261
74 0.137647
75 -0.152464
76 -0.110537
77 -0.009065
78 -0.191929
79 0.125041
80 0.008154
81 -0.289643
82 -0.258022
83 -0.142869
84 0.045483
85 -0.002571
86 -0.067189
87 0.248860
88 0.125115
89 -0.072236
90 0.147496
91 0.302560
92 0.225784
93 -0.098960
94 0.362044
95 -0.164341
96 -0.321570
97 -0.273517
98 0.097122
99 0.249133
100 -0.125064
101 0.114340
102 0.136730
103 0.336377
104 0.176079
105 -0.067963
106 0.020397
107 -0.230476
108 0.210432
109 0.194824
110 0.025788
111 0.450936
112 0.065086
113 -0.108380
114 0.028196
115 -0.361753
116 0.021047
117 0.031532
118 0.295231
119 -0.074698
120 0.174801
121 0.055612
122 0.215107
123 -0.049929
124 -0.306387
125 -0.000644
126 0.021485
127 -0.024518
128 -0.019206
129 -0.341535
130 -0.258238
131 -0.179677
132 -0.064487
133 -0.236597
134 -0.257705
135 -0.123578
136 0.163522
137 0.078287
138 0.057377
139 -0.042155
140 -0.234778
141 -0.435810
142 -0.093584
143 0.014084
144 -0.134625
145 0.220444
146 0.181218
147 0.184677
148 0.238913
149 -0.259323
150 -0.247989
151 -0.123466
152 0.142399
153 0.092888
154 0.087058
155 0.189829
156 0.018216
157 -0.238689
158 -0.299047
159 -0.133900
160 -0.056959
161 -0.178733
162 0.241991
163 -0.385096
164 0.071517
165 0.269690
166 -0.210962
167 0.027423
168 0.365419
169 0.134845
170 0.449223
171 0.124283
172 0.011550
173 -0.001634
174 -0.183260
175 -0.019799
176 0.073205
177 -0.395916
178 -0.196404
179 -0.185267
180 0.318850
181 0.148990
182 0.371741
183 -0.402533
184 0.083595
185 0.283617
186 0.312927
187 0.233920
188 0.376768
189 -0.111324
190 -0.200584
191 -0.199560
192 0.080880
193 -0.016505
194 0.165370
195 -0.034828
196 -0.077474
197 -0.175894
198 0.293685
199 0.430643
200 0.321395
201 0.364658
202 0.345973
203 0.200354
204 0.029007
205 0.232907
206 0.219915
207 0.022925
208 0.011411
209 0.305194
210 0.306036
211 -0.023479
212 0.102936
213 0.066783
214 0.222816
215 0.255285
216 0.220308
217 0.155129
218 0.178278
219 0.372104
220 0.167721
221 0.092727
222 0.174940
223 0.091355
224 0.060914
225 -0.068481
226 0.270718
227 0.383777
228 0.169152
229 -0.057114
230 0.093622
231 0.046795
232 0.153868
233 0.028387
234 0.215750
235 0.216421
236 0.130125
237 0.163411
238 0.148567
239 0.153206
240 0.060894
241 0.159793
242 0.119615
243 0.114727
244 0.021435
245 0.155179
246 0.260857
247 0.170097
248 -0.006365
249 0.185443
250 0.167329
251 0.142718
252 0.034883
253 0.126290
254 0.189525
255 0.096508
256 0.057106
257 0.203885
258 0.229698
259 0.140933
260 0.163659
261 0.127775
262 0.174706
263 0.262044
264 0.159817
265 0.089772
266 0.172434
267 0.275261
268 0.235030
269 0.074910
270 0.134833
271 0.121334
272 0.120157
273 0.197396
274 0.205114
275 0.187443
276 0.099546
277 0.144937
278 0.175126
279 0.221988
280 0.371103
281 0.149391
282 0.145491
283 0.093749
284 -0.045298
285 0.260163
286 0.062347
287 0.140463
288 0.170134
289 0.255101
290 0.091703
291 0.169981
292 0.140492
293 0.198817
294 0.084149
295 0.142218
296 0.146574
297 0.082194
298 -0.312041
299 0.125555
300 0.179686
301 0.263082
302 0.034516
303 0.096643
304 0.098755
305 0.112562
306 0.002947
307 0.169011
308 0.158002
309 -0.041444
310 0.045474
311 0.108572
312 0.149566
313 0.249360
314 0.175483
315 0.091127
316 0.132488
317 0.126690
318 0.174643
319 0.043231
320 0.145786
321 0.268005
322 0.165074
323 -0.184974
324 0.087232
325 0.256519
326 0.184784
327 0.076226
328 0.014613
329 0.146535
330 0.172560
331 0.192808
332 -0.008027
333 0.161786
334 0.149450
335 0.106482
336 0.104023
337 0.112856
338 0.223787
339 0.177591
340 0.153811
341 0.102170
342 0.085315
343 0.207533
344 0.138658
345 0.153196
346 0.166604
347 0.234697
348 0.081632
349 0.161353
350 0.174893
351 0.148876
352 0.131334
353 0.139015
354 0.098023
355 -0.011173
356 0.211224
357 0.204406
358 0.155093
359 0.143159
360 0.194124
361 -0.008150
362 0.130718
363 0.154976
364 0.245292
365 0.153370
366 0.167703
367 0.062619
368 0.106737
369 0.177462
370 0.140820
371 0.183625
372 0.370408
373 0.224286
374 0.190359
375 0.101590
376 -0.049953
377 0.203176
378 0.267722
379 0.132070
380 0.155987
381 0.120319
382 0.233357
383 0.153547
384 0.150077
385 -0.170056
386 0.097758
387 0.189741
388 0.135505
389 0.174352
390 0.125600
391 0.180802
392 0.117123
393 0.110754
394 0.226217
395 0.092566
396 0.087191
397 0.137074
398 0.154787
399 0.165606
400 0.139000
401 0.078316
402 -0.042526
403 0.168906
404 0.178479
405 0.108718
406 0.064432
407 0.272353
408 0.194656
409 0.148258
410 0.131614
411 -0.000916
412 0.109740
413 0.073856
414 0.153575
415 0.228759
416 -0.004677
417 0.204156
418 0.148923
419 0.139741
420 0.031289
421 0.185091
422 0.164996
423 0.142772
424 0.207108
425 0.189283
426 0.274997
427 0.133173
428 0.215179
429 -0.020122
430 0.117691
431 0.170293
432 0.140162
433 0.138576
434 0.077730
435 0.403686
436 0.186440
437 0.179014
438 0.274370
439 0.215730
440 0.199936
441 0.138116
442 0.112617
443 0.233865
444 0.194851
445 0.203441
446 0.212812
447 0.203258
448 0.225205
449 0.236684
450 0.136761
451 0.098437
452 0.102741
453 0.141329
454 0.164823
455 0.271033
456 0.377168
457 0.353582
458 0.063597
459 0.185016
460 0.184320
461 0.093606
462 -0.015949
463 0.018501
464 0.170705
465 0.222818
466 0.245013
467 0.193171
468 0.287839
469 0.137667
470 0.230952
471 0.298465
472 0.191309
473 0.150888
474 0.311119
475 0.108961
476 0.195213
477 0.202811
478 0.235037
479 0.315583
480 0.262439
481 0.022968
482 0.134497
483 0.193968
484 0.113819
485 0.197964
486 0.121844
487 0.038173
488 0.237357
489 0.146822
490 0.229750
491 0.200283
492 0.260777
493 0.194413
494 0.078438
495 0.165397
496 -0.125967
497 0.049146
498 0.034711
499 0.168535
500 0.236201
501 0.168786
502 0.383802
503 0.182902
504 0.254584
505 0.290893
506 0.198514
507 0.179083
508 -0.079228
509 0.251159
510 0.277135
511 0.280645
512 -0.200696
513 -0.227042
514 -0.314157
515 -0.039335
516 0.250353
517 0.044072
518 -0.147363
519 0.200313
520 -0.164752
521 0.203007
522 0.321429
523 -0.147663
524 -0.172853
525 0.066142
526 -0.288352
527 0.264064
528 0.115898
529 0.025389
530 0.052167
531 0.013255
532 -0.044822
533 0.258491
534 0.342166
535 0.048888
536 0.038567
537 -0.151871
538 -0.011344
539 0.343523
540 0.335052
541 -0.004133
542 -0.370921
543 -0.341269
544 -0.165385
545 -0.023806
546 0.081931
547 -0.203796
548 -0.040183
549 -0.297794
550 -0.166607
551 0.139397
552 -0.089407
553 0.132287
554 -0.188915
555 -0.374938
556 -0.311332
557 -0.004964
558 -0.380712
559 0.476067
560 0.163878
561 -0.209353
562 -0.177953
563 0.162382
564 0.210953
565 -0.245315
566 -0.188564
567 -0.168638
568 -0.373219
569 -0.237164
570 -0.218614
571 -0.133963
572 -0.208748
573 -0.221574
574 -0.141430
575 -0.220832
576 0.670829
577 0.124438
578 -0.150639
579 -0.297296
580 -0.091130
581 0.120157
582 -0.217267
583 0.240409
584 0.118612
585 -0.089438
586 -0.035151
587 -0.430892
588 -0.205223
589 -0.300357
590 -0.118776
591 -0.109287
592 -0.136141
593 -0.232012
594 -0.300972
595 -0.125392
596 -0.060504
597 0.048980
598 -0.204618
599 0.445578
600 -0.002580
601 -0.176151
602 -0.345650
603 0.044918
604 -0.092433
605 0.049310
606 -0.139384
607 -0.333214
608 -0.211763
609 -0.328232
610 -0.108289
611 -0.175453
612 0.086617
613 -0.110665
614 -0.232054
615 -0.203179
616 -0.269583
617 -0.220754
618 -0.189919
619 -0.277479
620 -0.261138
621 -0.271389
622 -0.133479
623 -0.354729
624 -0.244073
625 -0.255939
626 -0.205624
627 0.065439
628 -0.228388
629 -0.426045
630 -0.047453
631 -0.218210
632 0.123519
633 0.146644
634 -0.161804
635 -0.280296
636 -0.292337
637 -0.007370
638 -0.206447
639 0.155103
640 0.030127
641 0.013668
642 -0.312172
643 -0.225969
644 -0.222054
645 -0.223279
646 -0.152578
647 -0.005055
648 -0.079176
649 -0.226867
650 -0.036032
651 0.081900
652 0.263945
653 0.174770
654 -0.165795
655 -0.273090
656 0.109023
657 -0.068757
658 -0.162357
659 -0.180128
660 -0.062565
661 0.058953
662 0.008821
663 -0.078614
664 0.330956
665 -0.014003
666 -0.482885
667 -0.108817
668 -0.032422
669 -0.297125
670 -0.039170
671 0.129848
672 -0.212348
673 -0.110481
674 0.000648
675 -0.062756
676 -0.199668
677 -0.005708
678 -0.336582
679 0.055392
680 -0.167230
681 -0.370986
682 -0.266808
683 -0.126221
684 -0.038949
685 -0.214030
686 -0.327765
687 -0.351744
688 0.157088
689 0.149400
690 -0.161068
691 -0.259283
692 -0.022997
693 -0.024564
694 -0.070624
695 -0.399667
696 -0.151542
697 -0.443248
698 -0.011804
699 -0.004533
700 0.212659
701 0.262503
702 -0.396580
703 -0.242043
704 -0.104990
705 0.069563
706 0.286239
707 0.103328
708 -0.180731
709 -0.199187
710 0.090351
711 -0.369137
712 -0.044545
713 0.014539
714 -0.049507
715 -0.225623
716 -0.403805
717 0.003206
718 -0.218708
719 0.103805
720 0.148143
721 0.208680
722 0.079164
723 0.236597
724 -0.246471
725 -0.175894
726 -0.225568
727 -0.044227
728 -0.228977
729 0.005697
730 0.047865
731 0.192779
732 -0.261998
733 -0.173424
734 -0.400384
735 0.002270
736 0.200084
737 -0.118904
738 0.254662
739 -0.380236
740 0.176502
741 0.283444
742 0.143464
743 0.128709
744 0.052912
745 -0.106760
746 0.059125
747 0.147657
748 -0.096624
749 0.096233
750 -0.157406
751 0.264983
752 -0.015849
753 0.303587
754 -0.119896
755 -0.275198
756 -0.044884
757 -0.106909
758 0.047931
759 0.399473
760 -0.259633
761 -0.287063
762 -0.189324
763 -0.220282
764 0.041362
765 0.023339
766 0.030631
767 0.374942
768 0.148265
769 0.066958
770 0.272809
771 0.359282
772 -0.150912
773 -0.149393
774 0.242282
775 -0.145388
776 -0.087843
777 -0.195750
778 0.301362
779 -0.066302
780 -0.042987
781 0.054446
782 0.144898
783 0.156060
784 0.277519
785 -0.056330
786 0.167697
787 0.114897
788 0.054017
789 -0.271651
790 0.124176
791 -0.030673
792 -0.134039
793 0.027824
794 0.018088
795 -0.114349
796 -0.082210
797 -0.444503
798 -0.019712
799 -0.000466
800 0.018347
801 0.051825
802 0.118326
803 -0.061625
804 -0.032152
805 0.065400
806 0.148184
807 0.341307
808 0.298932
809 -0.190926
810 -0.050923
811 0.292580
812 0.057329
813 -0.093828
814 0.067612
815 0.029096
816 -0.171590
817 0.440299
818 0.131431
819 0.116663
820 0.096104
821 0.002215
822 -0.234639
823 -0.019807
824 -0.334734
825 0.125734
826 0.104839
827 0.238233
828 0.133975
829 0.114830
830 0.177226
831 -0.063951
832 -0.343267
833 -0.116504
834 -0.160638
835 -0.003556
836 -0.389775
837 0.161355
838 -0.001705
839 -0.411779
840 -0.048337
841 -0.150237
842 0.303564
843 -0.084322
844 -0.067107
845 0.322078
846 0.295868
847 0.261761
848 0.021722
849 -0.032719
850 0.308404
851 0.283654
852 0.272026
853 -0.144531
854 0.220083
855 -0.027897
856 0.134508
857 -0.144715
858 0.426456
859 -0.304113
860 0.132651
861 0.166826
862 0.098298
863 0.099025
864 0.035576
865 0.066335
866 0.147967
867 0.114775
868 -0.187473
869 -0.029125
870 0.318998
871 0.070582
872 0.324784
873 -0.134649
874 0.391930
875 -0.059165
876 -0.049572
877 0.058280
878 0.041746
879 0.153585
880 0.191833
881 -0.156139
882 -0.011188
883 0.177221
884 -0.084551
885 0.042552
886 -0.069171
887 0.003404
888 -0.212508
889 -0.021714
890 0.178710
891 0.085729
892 -0.125022
893 0.135650
894 0.147728
895 -0.227060
896 0.073073
897 0.022107
898 0.245517
899 0.112948
900 0.073428
901 0.287113
902 0.112961
903 -0.042906
904 -0.020140
905 0.263210
906 -0.158824
907 0.083099
908 -0.205329
909 0.291564
910 0.005514
911 0.063327
912 -0.157855
913 0.575471
914 0.323145
915 -0.035100
916 0.007844
917 0.462069
918 0.026956
919 0.115089
920 0.352524
921 0.008036
922 0.237760
923 -0.032923
924 0.020198
925 0.128708
926 0.011813
927 0.307954
928 -0.113949
929 0.105176
930 0.142570
931 0.285307
932 -0.029767
933 0.095359
934 0.283193
935 0.049650
936 0.202451
937 0.281777
938 0.030875
939 0.252012
940 -0.403692
941 0.225122
942 0.102379
943 -0.007966
944 0.368985
945 0.205067
946 -0.075651
947 0.199635
948 0.160599
949 -0.251492
950 0.045139
951 -0.028680
952 0.183624
953 -0.179391
954 -0.212782
955 0.322700
956 0.201928
957 0.253209
958 0.129561
959 0.038475
960 -0.322101
961 -0.149634
962 0.453726
963 0.120828
964 0.020998
965 -0.210903
966 0.125629
967 0.247817
968 0.088046
969 -0.058861
970 -0.071240
971 -0.045675
972 -0.001138
973 0.206089
974 -0.128955
975 0.252123
976 0.211440
977 0.221933
978 0.227419
979 -0.126969
980 0.035854
981 0.155589
982 -0.100300
983 0.013578
984 -0.385523
985 0.050157
986 0.052224
987 0.029488
988 0.028460
989 0.091555
990 0.005940
991 0.158469
992 -0.097457
993 -0.088813
994 -0.116208
995 0.370703
996 0.320378
997 -0.009136
998 0.327940
999 0.285287
1000 0.045689
1001 0.392352
1002 0.106602
1003 -0.045029
1004 -0.056192
1005 0.030926
1006 0.164542
1007 0.287895
1008 0.178255
1009 -0.044258
1010 -0.202992
1011 -0.096414
1012 0.330263
1013 -0.135910
1014 0.274906
1015 0.253458
1016 -0.223923
1017 0.124064
1018 0.121469
1019 -0.065843
1020 0.077737
1021 0.105548
1022 -0.250701
1023 0.365982
1024 0.342253
1025 0.315099
1026 0.173651
1027 0.174247
1028 0.153195
1029 0.215383
1030 -0.027460
1031 0.059513
1032 -0.150277
1033 0.114743
1034 0.198652
1035 -0.160713
1036 0.258230
1037 -0.320920
1038 0.436255
1039 0.019757
1040 0.167009
1041 -0.033714
1042 0.119834
1043 -0.041206
1044 0.122994
1045 0.081827
1046 -0.162235
1047 -0.222966
1048 0.406679
1049 -0.031801
1050 -0.268944
1051 0.065557
1052 0.109490
1053 -0.024769
1054 -0.029190
1055 0.058891
1056 -0.278321
1057 -0.234563
1058 -0.058242
1059 0.320547
1060 0.015493
1061 0.169340
1062 -0.200591
1063 0.059107
1064 0.431233
1065 0.417021
1066 0.217061
1067 0.004894
1068 -0.120378
1069 0.108194
1070 -0.012501
1071 0.342515
1072 0.178975
1073 0.197284
1074 0.266722
1075 0.193286
1076 0.385967
1077 -0.041644
1078 0.198765
1079 0.111073
1080 0.108848
1081 -0.126690
1082 0.027172
1083 0.435675
1084 -0.224603
1085 0.506039
1086 -0.123536
1087 -0.187766
1088 0.004145
1089 -0.142078
1090 -0.082917
1091 -0.058529
1092 0.188410
1093 0.357167
1094 0.113361
1095 0.207872
1096 0.190256
1097 0.089738
1098 -0.134569
1099 0.256880
1100 0.056146
1101 0.084283
1102 0.143375
1103 -0.291762
1104 -0.139395
1105 0.330047
1106 -0.017865
1107 0.067424
1108 -0.081816
1109 -0.150874
1110 0.068510
1111 -0.061027
1112 -0.128987
1113 -0.042768
1114 0.059347
1115 -0.242928
1116 0.134863
1117 0.265729
1118 0.357316
1119 -0.136469
1120 -0.092649
1121 0.281308
1122 -0.098232
1123 0.111638
1124 0.060427
1125 -0.009920
1126 -0.176913
1127 0.018037
1128 0.053067
1129 -0.018003
1130 -0.030122
1131 -0.040538
1132 0.372821
1133 0.098540
1134 -0.083054
1135 0.017240
1136 0.029696
1137 0.133519
1138 0.334215
1139 0.104634
1140 0.073181
1141 0.158520
1142 0.085110
1143 0.086748
1144 0.489253
1145 0.179531
1146 -0.031316
1147 0.141385
1148 -0.149327
1149 -0.091846
1150 -0.160073
1151 -0.135643
1152 -0.182443
1153 0.170544
1154 0.025260
1155 -0.067317
1156 0.174555
1157 -0.020381
1158 -0.134534
1159 0.213348
1160 0.013995
1161 -0.026344
1162 -0.085348
1163 0.271144
1164 -0.201155
1165 0.026846
1166 -0.206993
1167 -0.274780
1168 -0.030221
1169 -0.182624
1170 0.145890
1171 -0.054301
1172 -0.056756
1173 -0.417728
1174 -0.327817
1175 0.229430
1176 0.045384
1177 0.013457
1178 0.040564
1179 0.000055
1180 -0.185763
1181 -0.100200
1182 0.243330
1183 0.051845
1184 -0.070073
1185 0.158249
1186 -0.033028
1187 0.010408
1188 -0.065366
1189 -0.070849
1190 -0.176654
1191 0.140529
1192 0.373689
1193 0.504519
1194 0.175987
1195 0.040620
1196 -0.007968
1197 0.021552
1198 0.156450
1199 0.040795
1200 0.050683
1201 -0.135368
1202 0.089640
1203 -0.002641
1204 -0.012580
1205 0.457227
1206 0.404267
1207 0.301713
1208 0.254860
1209 -0.028819
1210 -0.159287
1211 0.121646
1212 0.221689
1213 0.420311
1214 -0.070071
1215 0.081940
0 -0.248363
1 -0.172826
2 -0.383545
3 -0.202023
4 0.014379
5 -0.111108
6 -0.434474
7 -0.167554
8 0.161063
9 0.106859
10 -0.122631
11 -0.044231
12 -0.028214
13 0.180540
14 -0.268517
15 -0.214812
16 0.046406
17 -0.255580
18 0.042127
19 0.082303
20 -0.044556
21 0.096275
22 -0.121954
23 -0.067670
24 0.131263
25 0.271828
26 -0.159615
27 -0.095264
28 0.034632
29 -0.162393
30 0.085409
31 -0.145820
32 0.023996
33 -0.216258
34 -0.250866
35 0.165416
36 0.067302
37 -0.174997
38 -0.021063
39 0.175488
40 0.065104
41 0.080714
42 -0.007488
43 -0.133870
44 -0.140798
45 -0.046854
46 -0.139355
47 -0.300317
48 -0.282170
49 0.118461
50 0.143242
51 0.144229
52 -0.169913
53 -0.127998
54 0.097783
55 0.239193
56 -0.002588
57 -0.140485
58 0.043729
59 0.226491
60 -0.222280
61 -0.150618
62 0.032982
63 -0.125817
64 0.025447
65 0.217914
66 -0.172698
67 0.004014
68 -0.098038
69 0.134573
70 0.286098
71 0.153381
72 0.055372
73 0.335261
74 0.137647
75 -0.152464
76 -0.110537
77 -0.009065
78 -0.191929
79 0.125041
80 0.008154
81 -0.289643
82 -0.258022
83 -0.142869
84 0.045483
85 -0.002571
86 -0.067189
87 0.248860
88 0.125115
89 -0.072236
90 0.147496
91 0.302560
92 0.225784
93 -0.098960
94 0.362044
95 -0.164341
96 -0.321570
97 -0.273517
98 0.097122
99 0.249133
100 -0.125064
101 0.114340
102 0.136730
103 0.336377
104 0.176079
105 -0.067963
106 0.020397
107 -0.230476
108 0.210432
109 0.194824
110 0.025788
111 0.450936
112 0.065086
113 -0.108380
114 0.028196
115 -0.361753
116 0.021047
117 0.031532
118 0.295231
119 -0.074698
120 0.174801
121 0.055612
122 0.215107
123 -0.049929
124 -0.306387
125 -0.000644
126 0.021485
127 -0.024518
128 -0.019206
129 -0.341535
130 -0.258238
131 -0.179677
132 -0.064487
133 -0.236597
134 -0.257705
135 -0.123578
136 0.163522
137 0.078287
138 0.057377
139 -0.042155
140 -0.234778
141 -0.435810
142 -0.093584
143 0.014084
144 -0.134625
145 0.220444
146 0.181218
147 0.184677
148 0.238913
149 -0.259323
150 -0.247989
151 -0.123466
152 0.142399
153 0.092888
154 0.087058
155 0.189829
156 0.018216
157 -0.238689
158 -0.299047
159 -0.133900
160 -0.056959
161 -0.178733
162 0.241991
163 -0.385096
164 0.071517
165 0.269690
166 -0.210962
167 0.027423
168 0.365419
169 0.134845
170 0.449223
171 0.124283
172 0.011550
173 -0.001634
174 -0.183260
175 -0.019799
176 0.073205
177 -0.395916
178 -0.196404
179 -0.185267
180 0.318850
181 0.148990
182 0.371741
183 -0.402533
184 0.083595
185 0.283617
186 0.312927
187 0.233920
188 0.376768
189 -0.111324
190 -0.200584
191 -0.199560
192 0.080880
193 -0.016505
194 0.165370
195 -0.034828
196 -0.077474
197 -0.175894
198 0.293685
199 0.430643
200 0.321395
201 0.364658
202 0.345973
203 0.200354
204 0.029007
205 0.232907
206 0.219915
207 0.022925
208 0.011411
209 0.305194
210 0.306036
211 -0.023479
212 0.102936
213 0.066783
214 0.222816
215 0.255285
216 0.220308
217 0.155129
218 0.178278
219 0.372104
220 0.167721
221 0.092727
222 0.174940
223 0.091355
224 0.060914
225 -0.068481
226 0.270718
227 0.383777
228 0.169152
229 -0.057114
230 0.093622
231 0.046795
232 0.153868
233 0.028387
234 0.215750
235 0.216421
236 0.130125
237 0.163411
238 0.148567
239 0.153206
240 0.060894
241 0.159793
242 0.119615
243 0.114727
244 0.021435
245 0.155179
246 0.260857
247 0.170097
248 -0.006365
249 0.185443
250 0.167329
251 0.142718
252 0.034883
253 0.126290
254 0.189525
255 0.096508
256 0.057106
257 0.203885
258 0.229698
259 0.140933
260 0.163659
261 0.127775
262 0.174706
263 0.262044
264 0.159817
265 0.089772
266 0.172434
267 0.275261
268 0.235030
269 0.074910
270 0.134833
271 0.121334
272 0.120157
273 0.197396
274 0.205114
275 0.187443
276 0.099546
277 0.144937
278 0.175126
279 0.221988
280 0.371103
281 0.149391
282 0.145491
283 0.093749
284 -0.045298
285 0.260163
286 0.062347
287 0.140463
288 0.170134
289 0.255101
290 0.091703
291 0.169981
292 0.140492
293 0.198817
294 0.084149
295 0.142218
296 0.146574
297 0.082194
298 -0.312041
299 0.125555
300 0.179686
301 0.263082
302 0.034516
303 0.096643
304 0.098755
305 0.112562
306 0.002947
307 0.169011
308 0.158002
309 -0.041444
310 0.045474
311 0.108572
312 0.149566
313 0.249360
314 0.175483
315 0.091127
316 0.132488
317 0.126690
318 0.174643
319 0.043231
320 0.145786
321 0.268005
322 0.165074
323 -0.184974
324 0.087232
325 0.256519
326 0.184784
327 0.076226
328 0.014613
329 0.146535
330 0.172560
331 0.192808
332 -0.008027
333 0.161786
334 0.149450
335 0.106482
336 0.104023
337 0.112856
338 0.223787
339 0.177591
340 0.153811
341 0.102170
342 0.085315
343 0.207533
344 0.138658
345 0.153196
346 0.166604
347 0.234697
348 0.081632
349 0.161353
350 0.174893
351 0.148876
352 0.131334
353 0.139015
354 0.098023
355 -0.011173
356 0.211224
357 0.204406
358 0.155093
359 0.143159
360 0.194124
361 -0.008150
362 0.130718
363 0.154976
364 0.245292
365 0.153370
366 0.167703
367 0.062619
368 0.106737
369 0.177462
370 0.140820
371 0.183625
372 0.370408
373 0.224286
374 0.190359
375 0.101590
376 -0.049953
377 0.203176
378 0.267722
379 0.132070
380 0.155987
381 0.120319
382 0.233357
383 0.153547
384 0.150077
385 -0.170056
386 0.097758
387 0.189741
388 0.135505
389 0.174352
390 0.125600
391 0.180802
392 0.117123
393 0.110754
394 0.226217
395 0.092566
396 0.087191
397 0.137074
398 0.154787
399 0.165606
400 0.139000
401 0.078316
402 -0.042526
403 0.168906
404 0.178479
405 0.108718
406 0.064432
407 0.272353
408 0.194656
409 0.148258
410 0.131614
411 -0.000916
412 0.109740
413 0.073856
414 0.153575
415 0.228759
416 -0.004677
417 0.204156
418 0.148923
419 0.139741
420 0.031289
421 0.185091
422 0.164996
423 0.142772
424 0.207108
425 0.189283
426 0.274997
427 0.133173
428 0.215179
429 -0.020122
430 0.117691
431 0.170293
432 0.140162
433 0.138576
434 0.077730
435 0.403686
436 0.186440
437 0.179014
438 0.274370
439 0.215730
440 0.199936
441 0.138116
442 0.112617
443 0.233865
444 0.194851
445 0.203441
446 0.212812
447 0.203258
448 0.225205
449 0.236684
450 0.136761
451 0.098437
452 0.102741
453 0.141329
454 0.164823
455 0.271033
456 0.377168
457 0.353582
458 0.063597
459 0.185016
460 0.184320
461 0.093606
462 -0.015949
463 0.018501
464 0.170705
465 0.222818
466 0.245013
467 0.193171
468 0.287839
469 0.137667
470 0.230952
471 0.298465
472 0.191309
473 0.150888
474 0.311119
475 0.108961
476 0.195213
477 0.202811
478 0.235037
479 0.315583
480 0.262439
481 0.022968
482 0.134497
483 0.193968
484 0.113819
485 0.197964
486 0.121844
487 0.038173
488 0.237357
489 0.146822
490 0.229750
491 0.200283
492 0.260777
493 0.194413
494 0.078438
495 0.165397
496 -0.125967
497 0.049146
498 0.034711
499 0.168535
500 0.236201
501 0.168786
502 0.383802
503 0.182902
504 0.254584
505 0.290893
506 0.198514
507 0.179083
508 -0.079228
509 0.251159
510 0.277135
511 0.280645
512 -0.200696
513 -0.227042
514 -0.314157
515 -0.039335
516 0.250353
517 0.044072
518 -0.147363
519 0.200313
520 -0.164752
521 0.203007
522 0.321429
523 -0.147663
524 -0.172853
525 0.066142
526 -0.288352
527 0.264064
528 0.115898
529 0.025389
530 0.052167
531 0.013255
532 -0.044822
533 0.258491
534 0.342166
535 0.048888
536 0.038567
537 -0.151871
538 -0.011344
539 0.343523
540 0.335052
541 -0.004133
542 -0.370921
543 -0.341269
544 -0.165385
545 -0.023806
546 0.081931
547 -0.203796
548 -0.040183
549 -0.297794
550 -0.166607
551 0.139397
552 -0.089407
553 0.132287
554 -0.188915
555 -0.374938
556 -0.311332
557 -0.004964
558 -0.380712
559 0.476067
560 0.163878
561 -0.209353
562 -0.177953
563 0.162382
564 0.210953
565 -0.245315
566 -0.188564
567 -0.168638
568 -0.373219
569 -0.237164
570 -0.218614
571 -0.133963
572 -0.208748
573 -0.221574
574 -0.141430
575 -0.220832
576 0.670829
577 0.124438
578 -0.150639
579 -0.297296
580 -0.091130
581 0.120157
582 -0.217267
583 0.240409
584 0.118612
585 -0.089438
586 -0.035151
587 -0.430892
588 -0.205223
589 -0.300357
590 -0.118776
591 -0.109287
592 -0.136141
593 -0.232012
594 -0.300972
595 -0.125392
596 -0.060504
597 0.048980
598 -0.204618
599 0.445578
600 -0.002580
601 -0.176151
602 -0.345650
603 0.044918
604 -0.092433
605 0.049310
606 -0.139384
607 -0.333214
608 -0.211763
609 -0.328232
610 -0.108289
611 -0.175453
612 0.086617
613 -0.110665
614 -0.232054
615 -0.203179
616 -0.269583
617 -0.220754
618 -0.189919
619 -0.277479
620 -0.261138
621 -0.271389
622 -0.133479
623 -0.354729
624 -0.244073
625 -0.255939
626 -0.205624
627 0.065439
628 -0.228388
629 -0.426045
630 -0.047453
631 -0.218210
632 0.123519
633 0.146644
634 -0.161804
635 -0.280296
636 -0.292337
637 -0.007370
638 -0.206447
639 0.155103
640 0.030127
641 0.013668
642 -0.312172
643 -0.225969
644 -0.222054
645 -0.223279
646 -0.152578
647 -0.005055
648 -0.079176
649 -0.226867
650 -0.036032
651 0.081900
652 0.263945
653 0.174770
654 -0.165795
655 -0.273090
656 0.109023
657 -0.068757
658 -0.162357
659 -0.180128
660 -0.062565
661 0.058953
662 0.008821
663 -0.078614
664 0.330956
665 -0.014003
666 -0.482885
667 -0.108817
668 -0.032422
669 -0.297125
670 -0.039170
671 0.129848
672 -0.212348
673 -0.110481
674 0.000648
675 -0.062756
676 -0.199668
677 -0.005708
678 -0.336582
679 0.055392
680 -0.167230
681 -0.370986
682 -0.266808
683 -0.126221
684 -0.038949
685 -0.214030
686 -0.327765
687 -0.351744
688 0.157088
689 0.149400
690 -0.161068
691 -0.259283
692 -0.022997
693 -0.024564
694 -0.070624
695 -0.399667
696 -0.151542
697 -0.443248
698 -0.011804
699 -0.004533
700 0.212659
701 0.262503
702 -0.396580
703 -0.242043
704 -0.104990
705 0.069563
706 0.286239
707 0.103328
708 -0.180731
709 -0.199187
710 0.090351
711 -0.369137
712 -0.044545
713 0.014539
714 -0.049507
715 -0.225623
716 -0.403805
717 0.003206
718 -0.218708
719 0.103805
720 0.148143
721 0.208680
722 0.079164
723 0.236597
724 -0.246471
725 -0.175894
726 -0.225568
727 -0.044227
728 -0.228977
729 0.005697
730 0.047865
731 0.192779
732 -0.261998
733 -0.173424
734 -0.400384
735 0.002270
736 0.200084
737 -0.118904
738 0.254662
739 -0.380236
740 0.176502
741 0.283444
742 0.143464
743 0.128709
744 0.052912
745 -0.106760
746 0.059125
747 0.147657
748 -0.096624
749 0.096233
750 -0.157406
751 0.264983
752 -0.015849
753 0.303587
754 -0.119896
755 -0.275198
756 -0.044884
757 -0.106909
758 0.047931
759 0.399473
760 -0.259633
761 -0.287063
762 -0.189324
763 -0.220282
764 0.041362
765 0.023339
766 0.030631
767 0.374942
768 0.148265
769 0.066958
770 0.272809
771 0.359282
772 -0.150912
773 -0.149393
774 0.242282
775 -0.145388
776 -0.087843
777 -0.195750
778 0.301362
779 -0.066302
780 -0.042987
781 0.054446
782 0.144898
783 0.156060
784 0.277519
785 -0.056330
786 0.167697
787 0.114897
788 0.054017
789 -0.271651
790 0.124176
791 -0.030673
792 -0.134039
793 0.027824
794 0.018088
795 -0.114349
796 -0.082210
797 -0.444503
798 -0.019712
799 -0.000466
800 0.018347
801 0.051825
802 0.118326
803 -0.061625
804 -0.032152
805 0.065400
806 0.148184
807 0.341307
808 0.298932
809 -0.190926
810 -0.050923
811 0.292580
812 0.057329
813 -0.093828
814 0.067612
815 0.029096
816 -0.171590
817 0.440299
818 0.131431
819 0.116663
820 0.096104
821 0.002215
822 -0.234639
823 -0.019807
824 -0.334734
825 0.125734
826 0.104839
827 0.238233
828 0.133975
829 0.114830
830 0.177226
831 -0.063951
832 -0.343267
833 -0.116504
834 -0.160638
835 -0.003556
836 -0.389775
837 0.161355
838 -0.001705
839 -0.411779
840 -0.048337
841 -0.150237
842 0.303564
843 -0.084322
844 -0.067107
845 0.322078
846 0.295868
847 0.261761
848 0.021722
849 -0.032719
850 0.308404
851 0.283654
852 0.272026
853 -0.144531
854 0.220083
855 -0.027897
856 0.134508
857 -0.144715
858 0.426456
859 -0.304113
860 0.132651
861 0.166826
862 0.098298
863 0.099025
864 0.035576
865 0.066335
866 0.147967
867 0.114775
868 -0.187473
869 -0.029125
870 0.318998
871 0.070582
872 0.324784
873 -0.134649
874 0.391930
875 -0.059165
876 -0.049572
877 0.058280
878 0.041746
879 0.153585
880 0.191833
881 -0.156139
882 -0.011188
883 0.177221
884 -0.084551
885 0.042552
886 -0.069171
887 0.003404
888 -0.212508
889 -0.021714
890 0.178710
891 0.085729
892 -0.125022
893 0.135650
894 0.147728
895 -0.227060
896 0.073073
897 0.022107
898 0.245517
899 0.112948
900 0.073428
901 0.287113
902 0.112961
903 -0.042906
904 -0.020140
905 0.263210
906 -0.158824
907 0.083099
908 -0.205329
909 0.291564
910 0.005514
911 0.063327
912 -0.157855
913 0.575471
914 0.323145
915 -0.035100
916 0.007844
917 0.462069
918 0.026956
919 0.115089
920 0.352524
921 0.008036
922 0.237760
923 -0.032923
924 0.020198
925 0.128708
926 0.011813
927 0.307954
928 -0.113949
929 0.105176
930 0.142570
931 0.285307
932 -0.029767
933 0.095359
934 0.283193
935 0.049650
936 0.202451
937 0.281777
938 0.030875
939 0.252012
940 -0.403692
941 0.225122
942 0.102379
943 -0.007966
944 0.368985
945 0.205067
946 -0.075651
947 0.199635
948 0.160599
949 -0.251492
950 0.045139
951 -0.028680
952 0.183624
953 -0.179391
954 -0.212782
955 0.322700
956 0.201928
957 0.253209
958 0.129561
959 0.038475
960 -0.322101
961 -0.149634
962 0.453726
963 0.120828
964 0.020998
965 -0.210903
966 0.125629
967 0.247817
968 0.088046
969 -0.058861
970 -0.071240
971 -0.045675
972 -0.001138
973 0.206089
974 -0.128955
975 0.252123
976 0.211440
977 0.221933
978 0.227419
979 -0.126969
980 0.035854
981 0.155589
982 -0.100300
983 0.013578
984 -0.385523
985 0.050157
986 0.052224
987 0.029488
988 0.028460
989 0.091555
990 0.005940
991 0.158469
992 -0.097457
993 -0.088813
994 -0.116208
995 0.370703
996 0.320378
997 -0.009136
998 0.327940
999 0.285287
1000 0.045689
1001 0.392352
1002 0.106602
1003 -0.045029
1004 -0.056192
1005 0.030926
1006 0.164542
1007 0.287895
1008 0.178255
1009 -0.044258
1010 -0.202992
1011 -0.096414
1012 0.330263
1013 -0.135910
1014 0.274906
1015 0.253458
1016 -0.223923
1017 0.124064
1018 0.121469
1019 -0.065843
1020 0.077737
1021 0.105548
1022 -0.250701
1023 0.365982
1024 0.342253
1025 0.315099
1026 0.173651
1027 0.174247
1028 0.153195
1029 0.215383
1030 -0.027460
1031 0.059513
1032 -0.150277
1033 0.114743
1034 0.198652
1035 -0.160713
1036 0.258230
1037 -0.320920
1038 0.436255
1039 0.019757
1040 0.167009
1041 -0.033714
1042 0.119834
1043 -0.041206
1044 0.122994
1045 0.081827
1046 -0.162235
1047 -0.222966
1048 0.406679
1049 -0.031801
1050 -0.268944
1051 0.065557
1052 0.109490
1053 -0.024769
1054 -0.029190
1055 0.058891
1056 -0.278321
1057 -0.234563
1058 -0.058242
1059 0.320547
1060 0.015493
1061 0.169340
1062 -0.200591
1063 0.059107
1064 0.431233
1065 0.417021
1066 0.217061
1067 0.004894
1068 -0.120378
1069 0.108194
1070 -0.012501
1071 0.342515
1072 0.178975
1073 0.197284
1074 0.266722
1075 0.193286
1076 0.385967
1077 -0.041644
1078 0.198765
1079 0.111073
1080 0.108848
1081 -0.126690
1082 0.027172
1083 0.435675
1084 -0.224603
1085 0.506039
1086 -0.123536
1087 -0.187766
1088 0.004145
1089 -0.142078
1090 -0.082917
1091 -0.058529
1092 0.188410
1093 0.357167
1094 0.113361
1095 0.207872
1096 0.190256
1097 0.089738
1098 -0.134569
1099 0.256880
1100 0.056146
1101 0.084283
1102 0.143375
1103 -0.291762
1104 -0.139395
1105 0.330047
1106 -0.017865
1107 0.067424
1108 -0.081816
1109 -0.150874
1110 0.068510
1111 -0.061027
1112 -0.128987
1113 -0.042768
1114 0.059347
1115 -0.242928
1116 0.134863
1117 0.265729
1118 0.357316
1119 -0.136469
1120 -0.092649
1121 0.281308
1122 -0.098232
1123 0.111638
1124 0.060427
1125 -0.009920
1126 -0.176913
1127 0.018037
1128 0.053067
1129 -0.018003
1130 -0.030122
1131 -0.040538
1132 0.372821
1133 0.098540
1134 -0.083054
1135 0.017240
1136 0.029696
1137 0.133519
1138 0.334215
1139 0.104634
1140 0.073181
1141 0.158520
1142 0.085110
1143 0.086748
1144 0.489253
1145 0.179531
1146 -0.031316
1147 0.141385
1148 -0.149327
1149 -0.091846
1150 -0.160073
1151 -0.135643
1152 -0.182443
1153 0.170544
1154 0.025260
1155 -0.067317
1156 0.174555
1157 -0.020381
1158 -0.134534
1159 0.213348
1160 0.013995
1161 -0.026344
1162 -0.085348
1163 0.271144
1164 -0.201155
1165 0.026846
1166 -0.206993
1167 -0.274780
1168 -0.030221
1169 -0.182624
1170 0.145890
1171 -0.054301
1172 -0.056756
1173 -0.417728
1174 -0.327817
1175 0.229430
1176 0.045384
1177 0.013457
1178 0.040564
1179 0.000055
1180 -0.185763
1181 -0.100200
1182 0.243330
1183 0.051845
1184 -0.070073
1185 0.158249
1186 -0.033028
1187 0.010408
1188 -0.065366
1189 -0.070849
1190 -0.176654
1191 0.140529
1192 0.373689
1193 0.504519
1194 0.175987
1195 0.040620
1196 -0.007968
1197 0.021552
1198 0.156450
1199 0.040795
1200 0.050683
1201 -0.135368
1202 0.089640
1203 -0.002641
1204 -0.012580
1205 0.457227
1206 0.404267
1207 0.301713
1208 0.254860
1209 -0.028819
1210 -0.159287
1211 0.121646
1212 0.221689
1213 0.420311
1214 -0.070071
1215 0.081940
0 -0.248363
1 -0.172826
2 -0.383545
3 -0.202023
4 0.014379
5 -0.111108
6 -0.434474
7 -0.167554
8 0.161063
9 0.106859
10 -0.122631
11 -0.044231
12 -0.028214
13 0.180540
14 -0.268517
15 -0.214812
16 0.046406
17 -0.255580
18 0.042127
19 0.082303
20 -0.044556
21 0.096275
22 -0.121954
23 -0.067670
24 0.131263
25 0.271828
26 -0.159615
27 -0.095264
28 0.034632
29 -0.162393
30 0.085409
31 -0.145820
32 0.023996
33 -0.216258
34 -0.250866
35 0.165416
36 0.067302
37 -0.174997
38 -0.021063
39 0.175488
40 0.065104
41 0.080714
42 -0.007488
43 -0.133870
44 -0.140798
45 -0.046854
46 -0.139355
47 -0.300317
48 -0.282170
49 0.118461
50 0.143242
51 0.144229
52 -0.169913
53 -0.127998
54 0.097783
55 0.239193
56 -0.002588
57 -0.140485
58 0.043729
59 0.226491
60 -0.222280
61 -0.150618
62 0.032982
63 -0.125817
64 0.025447
65 0.217914
66 -0.172698
67 0.004014
68 -0.098038
69 0.134573
70 0.286098
71 0.153381
72 0.055372
73 0.335261
74 0.137647
75 -0.152464
76 -0.110537
77 -0.009065
78 -0.191929
79 0.125041
80 0.008154
81 -0.289643
82 -0.258022
83 -0.142869
84 0.045483
85 -0.002571
86 -0.067189
87 0.248860
88 0.125115
89 -0.072236
90 0.147496
91 0.302560
92 0.225784
93 -0.098960
94 0.362044
95 -0.164341
96 -0.321570
97 -0.273517
98 0.097122
99 0.249133
100 -0.125064
101 0.114340
102 0.136730
103 0.336377
104 0.176079
105 -0.067963
106 0.020397
107 -0.230476
108 0.210432
109 0.194824
110 0.025788
111 0.450936
112 0.065086
113 -0.108380
114 0.028196
115 -0.361753
116 0.021047
117 0.031532
118 0.295231
119 -0.074698
120 0.174801
121 0.055612
122 0.215107
123 -0.049929
124 -0.306387
125 -0.000644
126 0.021485
127 -0.024518
128 -0.019206
129 -0.341535
130 -0.258238
131 -0.179677
132 -0.064487
133 -0.236597
134 -0.257705
135 -0.123578
136 0.163522
137 0.078287
138 0.057377
139 -0.042155
140 -0.234778
141 -0.435810
142 -0.093584
143 0.014084
144 -0.134625
145 0.220444
146 0.181218
147 0.184677
148 0.238913
149 -0.259323
150 -0.247989
151 -0.123466
152 0.142399
153 0.092888
154 0.087058
155 0.189829
156 0.018216
157 -0.238689
158 -0.299047
159 -0.133900
160 -0.056959
161 -0.178733
162 0.241991
163 -0.385096
164 0.071517
165 0.269690
166 -0.210962
167 0.027423
168 0.365419
169 0.134845
170 0.449223
171 0.124283
172 0.011550
173 -0.001634
174 -0.183260
175 -0.019799
176 0.073205
177 -0.395916
178 -0.196404
179 -0.185267
180 0.318850
181 0.148990
182 0.371741
183 -0.402533
184 0.083595
185 0.283617
186 0.312927
187 0.233920
188 0.376768
189 -0.111324
190 -0.200584
191 -0.199560
192 0.080880
193 -0.016505
194 0.165370
195 -0.034828
196 -0.077474
197 -0.175894
198 0.293685
199 0.430643
200 0.321395
201 0.364658
202 0.345973
203 0.200354
204 0.029007
205 0.232907
206 0.219915
207 0.022925
208 0.011411
209 0.305194
210 0.306036
211 -0.023479
212 0.102936
213 0.066783
214 0.222816
215 0.255285
216 0.220308
217 0.155129
218 0.178278
219 0.372104
220 0.167721
221 0.092727
222 0.174940
223 0.091355
224 0.060914
225 -0.068481
226 0.270718
227 0.383777
228 0.169152
229 -0.057114
230 0.093622
231 0.046795
232 0.153868
233 0.028387
234 0.215750
235 0.216421
236 0.130125
237 0.163411
238 0.148567
239 0.153206
240 0.060894
241 0.159793
242 0.119615
243 0.114727
244 0.021435
245 0.155179
246 0.260857
247 0.170097
248 -0.006365
249 0.185443
250 0.167329
251 0.142718
252 0.034883
253 0.126290
254 0.189525
255 0.096508
256 0.057106
257 0.203885
258 0.229698
259 0.140933
260 0.163659
261 0.127775
262 0.174706
263 0.262044
264 0.159817
265 0.089772
266 0.172434
267 0.275261
268 0.235030
269 0.074910
270 0.134833
271 0.121334
272 0.120157
273 0.197396
274 0.205114
275 0.187443
276 0.099546
277 0.144937
278 0.175126
279 0.221988
280 0.371103
281 0.149391
282 0.145491
283 0.093749
284 -0.045298
285 0.260163
286 0.062347
287 0.140463
288 0.170134
289 0.255101
290 0.091703
291 0.169981
292 0.140492
293 0.198817
294 0.084149
295 0.142218
296 0.146574
297 0.082194
298 -0.312041
299 0.125555
300 0.179686
301 0.263082
302 0.034516
303 0.096643
304 0.098755
305 0.112562
306 0.002947
307 0.169011
308 0.158002
309 -0.041444
310 0.045474
311 0.108572
312 0.149566
313 0.249360
314 0.175483
315 0.091127
316 0.132488
317 0.126690
318 0.174643
319 0.043231
320 0.145786
321 0.268005
322 0.165074
323 -0.184974
324 0.087232
325 0.256519
326 0.184784
327 0.076226
328 0.014613
329 0.146535
330 0.172560
331 0.192808
332 -0.008027
333 0.161786
334 0.149450
335 0.106482
336 0.104023
337 0.112856
338 0.223787
339 0.177591
340 0.153811
341 0.102170
342 0.085315
343 0.207533
344 0.138658
345 0.153196
346 0.166604
347 0.234697
348 0.081632
349 0.161353
350 0.174893
351 0.148876
352 0.131334
353 0.139015
354 0.098023
355 -0.011173
356 0.211224
357 0.204406
358 0.155093
359 0.143159
360 0.194124
361 -0.008150
362 0.130718
363 0.154976
364 0.245292
365 0.153370
366 0.167703
367 0.062619
368 0.106737
369 0.177462
370 0.140820
371 0.183625
372 0.370408
373 0.224286
374 0.190359
375 0.101590
376 -0.049953
377 0.203176
378 0.267722
379 0.132070
380 0.155987
381 0.120319
382 0.233357
383 0.153547
384 0.150077
385 -0.170056
386 0.097758
387 0.189741
388 0.135505
389 0.174352
390 0.125600
391 0.180802
392 0.117123
393 0.110754
394 0.226217
395 0.092566
396 0.087191
397 0.137074
398 0.154787
399 0.165606
400 0.139000
401 0.078316
402 -0.042526
403 0.168906
404 0.178479
405 0.108718
406 0.064432
407 0.272353
408 0.194656
409 0.148258
410 0.131614
411 -0.000916
412 0.109740
413 0.073856
414 0.153575
415 0.228759
416 -0.004677
417 0.204156
418 0.148923
419 0.139741
420 0.031289
421 0.185091
422 0.164996
423 0.142772
424 0.207108
425 0.189283
426 0.274997
427 0.133173
428 0.215179
429 -0.020122
430 0.117691
431 0.170293
432 0.140162
433 0.138576
434 0.077730
435 0.403686
436 0.186440
437 0.179014
438 0.274370
439 0.215730
440 0.199936
441 0.138116
442 0.112617
443 0.233865
444 0.194851
445 0.203441
446 0.212812
447 0.203258
448 0.225205
449 0.236684
450 0.136761
451 0.098437
452 0.102741
453 0.141329
454 0.164823
455 0.271033
456 0.377168
457 0.353582
458 0.063597
459 0.185016
460 0.184320
461 0.093606
462 -0.015949
463 0.018501
464 0.170705
465 0.222818
466 0.245013
467 0.193171
468 0.287839
469 0.137667
470 0.230952
471 0.298465
472 0.191309
473 0.150888
474 0.311119
475 0.108961
476 0.195213
477 0.202811
478 0.235037
479 0.315583
480 0.262439
481 0.022968
482 0.134497
483 0.193968
484 0.113819
485 0.197964
486 0.121844
487 0.038173
488 0.237357
489 0.146822
490 0.229750
491 0.200283
492 0.260777
493 0.194413
494 0.078438
495 0.165397
496 -0.125967
497 0.049146
498 0.034711
499 0.168535
500 0.236201
501 0.168786
502 0.383802
503 0.182902
504 0.254584
505 0.290893
506 0.198514
507 0.179083
508 -0.079228
509 0.251159
510 0.277135
511 0.280645
512 -0.200696
513 -0.227042
514 -0.314157
515 -0.039335
516 0.250353
517 0.044072
518 -0.147363
519 0.200313
520 -0.164752
521 0.203007
522 0.321429
523 -0.147663
524 -0.172853
525 0.066142
526 -0.288352
527 0.264064
528 0.115898
529 0.025389
530 0.052167
531 0.013255
532 -0.044822
533 0.258491
534 0.342166
535 0.048888
536 0.038567
537 -0.151871
538 -0.011344
539 0.343523
540 0.335052
541 -0.004133
542 -0.370921
543 -0.341269
544 -0.165385
545 -0.023806
546 0.081931
547 -0.203796
548 -0.040183
549 -0.297794
550 -0.166607
551 0.139397
552 -0.089407
553 0.132287
554 -0.188915
555 -0.374938
556 -0.311332
557 -0.004964
558 -0.380712
559 0.476067
560 0.163878
561 -0.209353
562 -0.177953
563 0.162382
564 0.210953
565 -0.245315
566 -0.188564
567 -0.168638
568 -0.373219
569 -0.237164
570 -0.218614
571 -0.133963
572 -0.208748
573 -0.221574
574 -0.141430
575 -0.220832
576 0.670829
577 0.124438
578 -0.150639
579 -0.297296
580 -0.091130
581 0.120157
582 -0.217267
583 0.240409
584 0.118612
585 -0.089438
586 -0.035151
587 -0.430892
588 -0.205223
589 -0.300357
590 -0.118776
591 -0.109287
592 -0.136141
593 -0.232012
594 -0.300972
595 -0.125392
596 -0.060504
597 0.048980
598 -0.204618
599 0.445578
600 -0.002580
601 -0.176151
602 -0.345650
603 0.044918
604 -0.092433
605 0.049310
606 -0.139384
607 -0.333214
608 -0.211763
609 -0.328232
610 -0.108289
611 -0.175453
612 0.086617
613 -0.110665
614 -0.232054
615 -0.203179
616 -0.269583
617 -0.220754
618 -0.189919
619 -0.277479
620 -0.261138
621 -0.271389
622 -0.133479
623 -0.354729
624 -0.244073
625 -0.255939
626 -0.205624
627 0.065439
628 -0.228388
629 -0.426045
630 -0.047453
631 -0.218210
632 0.123519
633 0.146644
634 -0.161804
635 -0.280296
636 -0.292337
637 -0.007370
638 -0.206447
639 0.155103
640 0.030127
641 0.013668
642 -0.312172
643 -0.225969
644 -0.222054
645 -0.223279
646 -0.152578
647 -0.005055
648 -0.079176
649 -0.226867
650 -0.036032
651 0.081900
652 0.263945
653 0.174770
654 -0.165795
655 -0.273090
656 0.109023
657 -0.068757
658 -0.162357
659 -0.180128
660 -0.062565
661 0.058953
662 0.008821
663 -0.078614
664 0.330956
665 -0.014003
666 -0.482885
667 -0.108817
668 -0.032422
669 -0.297125
670 -0.039170
671 0.129848
672 -0.212348
673 -0.110481
674 0.000648
675 -0.062756
676 -0.199668
677 -0.005708
678 -0.336582
679 0.055392
680 -0.167230
681 -0.370986
682 -0.266808
683 -0.126221
684 -0.038949
685 -0.214030
686 -0.327765
687 -0.351744
688 0.157088
689 0.149400
690 -0.161068
691 -0.259283
692 -0.022997
693 -0.024564
694 -0.070624
695 -0.399667
696 -0.151542
697 -0.443248
698 -0.011804
699 -0.004533
700 0.212659
701 0.262503
702 -0.396580
703 -0.242043
704 -0.104990
705 0.069563
706 0.286239
707 0.103328
708 -0.180731
709 -0.199187
710 0.090351
711 -0.369137
712 -0.044545
713 0.014539
714 -0.049507
715 -0.225623
716 -0.403805
717 0.003206
718 -0.218708
719 0.103805
720 0.148143
721 0.208680
722 0.079164
723 0.236597
724 -0.246471
725 -0.175894
726 -0.225568
727 -0.044227
728 -0.228977
729 0.005697
730 0.047865
731 0.192779
732 -0.261998
733 -0.173424
734 -0.400384
735 0.002270
736 0.200084
737 -0.118904
738 0.254662
739 -0.380236
740 0.176502
741 0.283444
742 0.143464
743 0.128709
744 0.052912
745 -0.106760
746 0.059125
747 0.147657
748 -0.096624
749 0.096233
750 -0.157406
751 0.264983
752 -0.015849
753 0.303587
754 -0.119896
755 -0.275198
756 -0.044884
757 -0.106909
758 0.047931
759 0.399473
760 -0.259633
761 -0.287063
762 -0.189324
763 -0.220282
764 0.041362
765 0.023339
766 0.030631
767 0.374942
768 0.148265
769 0.066958
770 0.272809
771 0.359282
772 -0.150912
773 -0.149393
774 0.242282
775 -0.145388
776 -0.087843
777 -0.195750
778 0.301362
779 -0.066302
780 -0.042987
781 0.054446
782 0.144898
783 0.156060
784 0.277519
785 -0.056330
786 0.167697
787 0.114897
788 0.054017
789 -0.271651
790 0.124176
791 -0.030673
792 -0.134039
793 0.027824
794 0.018088
795 -0.114349
796 -0.082210
797 -0.444503
798 -0.019712
799 -0.000466
800 0.018347
801 0.051825
802 0.118326
803 -0.061625
804 -0.032152
805 0.065400
806 0.148184
807 0.341307
808 0.298932
809 -0.190926
810 -0.050923
811 0.292580
812 0.057329
813 -0.093828
814 0.067612
815 0.029096
816 -0.171590
817 0.440299
818 0.131431
819 0.116663
820 0.096104
821 0.002215
822 -0.234639
823 -0.019807
824 -0.334734
825 0.125734
826 0.104839
827 0.238233
828 0.133975
829 0.114830
830 0.177226
831 -0.063951
832 -0.343267
833 -0.116504
834 -0.160638
835 -0.003556
836 -0.389775
837 0.161355
838 -0.001705
839 -0.411779
840 -0.048337
841 -0.150237
842 0.303564
843 -0.084322
844 -0.067107
845 0.322078
846 0.295868
847 0.261761
848 0.021722
849 -0.032719
850 0.308404
851 0.283654
852 0.272026
853 -0.144531
854 0.220083
855 -0.027897
856 0.134508
857 -0.144715
858 0.426456
859 -0.304113
860 0.132651
861 0.166826
862 0.098298
863 0.099025
864 0.035576
865 0.066335
866 0.147967
867 0.114775
868 -0.187473
869 -0.029125
870 0.318998
871 0.070582
872 0.324784
873 -0.134649
874 0.391930
875 -0.059165
876 -0.049572
877 0.058280
878 0.041746
879 0.153585
880 0.191833
881 -0.156139
882 -0.011188
883 0.177221
884 -0.084551
885 0.042552
886 -0.069171
887 0.003404
888 -0.212508
889 -0.021714
890 0.178710
891 0.085729
892 -0.125022
893 0.135650
894 0.147728
895 -0.227060
896 0.073073
897 0.022107
898 0.245517
899 0.112948
900 0.073428
901 0.287113
902 0.112961
903 -0.042906
904 -0.020140
905 0.263210
906 -0.158824
907 0.083099
908 -0.205329
909 0.291564
910 0.005514
911 0.063327
912 -0.157855
913 0.575471
914 0.323145
915 -0.035100
916 0.007844
917 0.462069
918 0.026956
919 0.115089
920 0.352524
921 0.008036
922 0.237760
923 -0.032923
924 0.020198
925 0.128708
926 0.011813
927 0.307954
928 -0.113949
929 0.105176
930 0.142570
931 0.285307
932 -0.029767
933 0.095359
934 0.283193
935 0.049650
936 0.202451
937 0.281777
938 0.030875
939 0.252012
940 -0.403692
941 0.225122
942 0.102379
943 -0.007966
944 0.368985
945 0.205067
946 -0.075651
947 0.199635
948 0.160599
949 -0.251492
950 0.045139
951 -0.028680
952 0.183624
953 -0.179391
954 -0.212782
955 0.322700
956 0.201928
957 0.253209
958 0.129561
959 0.038475
960 -0.322101
961 -0.149634
962 0.453726
963 0.120828
964 0.020998
965 -0.210903
966 0.125629
967 0.247817
968 0.088046
969 -0.058861
970 -0.071240
971 -0.045675
972 -0.001138
973 0.206089
974 -0.128955
975 0.252123
976 0.211440
977 0.221933
978 0.227419
979 -0.126969
980 0.035854
981 0.155589
982 -0.100300
983 0.013578
984 -0.385523
985 0.050157
986 0.052224
987 0.029488
988 0.028460
989 0.091555
990 0.005940
991 0.158469
992 -0.097457
993 -0.088813
994 -0.116208
995 0.370703
996 0.320378
997 -0.009136
998 0.327940
999 0.285287
1000 0.045689
1001 0.392352
1002 0.106602
1003 -0.045029
1004 -0.056192
1005 0.030926
1006 0.164542
1007 0.287895
1008 0.178255
1009 -0.044258
1010 -0.202992
1011 -0.096414
1012 0.330263
1013 -0.135910
1014 0.274906
1015 0.253458
1016 -0.223923
1017 0.124064
1018 0.121469
1019 -0.065843
1020 0.077737
1021 0.105548
1022 -0.250701
1023 0.365982
1024 0.342253
1025 0.315099
1026 0.173651
1027 0.174247
1028 0.153195
1029 0.215383
1030 -0.027460
1031 0.059513
1032 -0.150277
1033 0.114743
1034 0.198652
1035 -0.160713
1036 0.258230
1037 -0.320920
1038 0.436255
1039 0.019757
1040 0.167009
1041 -0.033714
1042 0.119834
1043 -0.041206
1044 0.122994
1045 0.081827
1046 -0.162235
1047 -0.222966
1048 0.406679
1049 -0.031801
1050 -0.268944
1051 0.065557
1052 0.109490
1053 -0.024769
1054 -0.029190
1055 0.058891
1056 -0.278321
1057 -0.234563
1058 -0.058242
1059 0.320547
1060 0.015493
1061 0.169340
1062 -0.200591
1063 0.059107
1064 0.431233
1065 0.417021
1066 0.217061
1067 0.004894
1068 -0.120378
1069 0.108194
1070 -0.012501
1071 0.342515
1072 0.178975
1073 0.197284
1074 0.266722
1075 0.193286
1076 0.385967
1077 -0.041644
1078 0.198765
1079 0.111073
1080 0.108848
1081 -0.126690
1082 0.027172
1083 0.435675
1084 -0.224603
1085 0.506039
1086 -0.123536
1087 -0.187766
1088 0.004145
1089 -0.142078
1090 -0.082917
1091 -0.058529
1092 0.188410
1093 0.357167
1094 0.113361
1095 0.207872
1096 0.190256
1097 0.089738
1098 -0.134569
1099 0.256880
1100 0.056146
1101 0.084283
1102 0.143375
1103 -0.291762
1104 -0.139395
1105 0.330047
1106 -0.017865
1107 0.067424
1108 -0.081816
1109 -0.150874
1110 0.068510
1111 -0.061027
1112 -0.128987
1113 -0.042768
1114 0.059347
1115 -0.242928
1116 0.134863
1117 0.265729
1118 0.357316
1119 -0.136469
1120 -0.092649
1121 0.281308
1122 -0.098232
1123 0.111638
1124 0.060427
1125 -0.009920
1126 -0.176913
1127 0.018037
1128 0.053067
1129 -0.018003
1130 -0.030122
1131 -0.040538
1132 0.372821
1133 0.098540
1134 -0.083054
1135 0.017240
1136 0.029696
1137 0.133519
1138 0.334215
1139 0.104634
1140 0.073181
1141 0.158520
1142 0.085110
1143 0.086748
1144 0.489253
1145 0.179531
1146 -0.031316
1147 0.141385
1148 -0.149327
1149 -0.091846
1150 -0.160073
1151 -0.135643
1152 -0.182443
1153 0.170544
1154 0.025260
1155 -0.067317
1156 0.174555
1157 -0.020381
1158 -0.134534
1159 0.213348
1160 0.013995
1161 -0.026344
1162 -0.085348
1163 0.271144
1164 -0.201155
1165 0.026846
1166 -0.206993
1167 -0.274780
1168 -0.030221
1169 -0.182624
1170 0.145890
1171 -0.054301
1172 -0.056756
1173 -0.417728
1174 -0.327817
1175 0.229430
1176 0.045384
1177 0.013457
1178 0.040564
1179 0.000055
1180 -0.185763
1181 -0.100200
1182 0.243330
1183 0.051845
1184 -0.070073
1185 0.158249
1186 -0.033028
1187 0.010408
1188 -0.065366
1189 -0.070849
1190 -0.176654
1191 0.140529
1192 0.373689
1193 0.504519
1194 0.175987
1195 0.040620
1196 -0.007968
1197 0.021552
1198 0.156450
1199 0.040795
1200 0.050683
1201 -0.135368
1202 0.089640
1203 -0.002641
1204 -0.012580
1205 0.457227
1206 0.404267
1207 0.301713
1208 0.254860
1209 -0.028819
1210 -0.159287
1211 0.121646
1212 0.221689
1213 0.420311
1214 -0.070071
1215 0.081940
0 -0.248363
1 0.000872
2 -0.248363
3 -0.359057
4 -0.456093
5 0.021064
6 -0.373082
7 0.029923
8 0.214378
9 0.160080
10 -0.394511
11 -0.313755
12 0.017943
13 -0.057585
14 -0.023216
15 -0.098256
16 -0.030138
17 -0.136758
18 -0.146541
19 0.286509
20 -0.364515
21 -0.221966
22 0.039963
23 -0.247061
24 -0.141550
25 -0.214555
26 -0.236814
27 -0.084869
28 -0.161886
29 -0.089337
30 0.003407
31 0.097549
32 -0.157051
33 -0.036509
34 -0.015017
35 -0.248297
36 -0.422962
37 -0.113064
38 -0.014955
39 0.115083
40 -0.040219
41 0.014414
42 -0.101259
43 -0.233658
44 -0.269187
45 -0.251970
46 -0.039401
47 -0.241075
48 0.078405
49 0.075896
50 -0.027903
51 -0.048851
52 -0.223511
53 -0.198923
54 0.159444
55 -0.091924
56 0.244156
57 0.024748
58 -0.045454
59 0.054441
60 -0.011069
61 -0.172734
62 -0.260131
63 -0.284837
64 -0.096218
65 0.233672
66 0.200190
67 -0.148944
68 0.127806
69 0.106382
70 0.262236
71 -0.020287
72 0.266010
73 -0.178667
74 -0.157795
75 -0.409693
76 -0.366729
77 -0.284367
78 -0.010769
79 -0.143919
80 -0.268806
81 -0.225556
82 0.015968
83 0.113687
84 -0.139969
85 -0.244464
86 0.123742
87 -0.243235
88 -0.008003
89 0.023037
90 0.327445
91 0.198296
92 0.175688
93 0.083702
94 0.085260
95 -0.128112
96 0.111218
97 0.095529
98 0.055890
99 -0.040572
100 -0.172950
101 -0.332722
102 -0.084714
103 -0.037785
104 -0.165561
105 -0.259235
106 -0.097014
107 -0.129820
108 -0.268486
109 -0.342641
110 0.152622
111 0.315588
112 0.042806
113 -0.073192
114 0.268034
115 -0.054998
116 -0.072602
117 0.052152
118 -0.114945
119 -0.249587
120 -0.120631
121 -0.254458
122 -0.153131
123 -0.157333
124 -0.222650
125 -0.121937
126 -0.132492
127 -0.099970
128 -0.220295
129 -0.080092
130 -0.097817
131 -0.383655
132 -0.261704
133 -0.036947
134 0.301968
135 -0.005436
136 0.043661
137 -0.049602
138 -0.412915
139 -0.036582
140 -0.067858
141 0.000249
142 0.075824
143 -0.057032
144 -0.233335
145 -0.130367
146 -0.006491
147 -0.303869
148 -0.246951
149 0.024660
150 -0.115830
151 -0.020136
152 -0.016878
153 -0.147532
154 -0.101825
155 -0.405288
156 -0.257305
157 -0.243636
158 -0.072490
159 0.062760
160 0.004260
161 -0.342316
162 0.085303
163 -0.207824
164 0.073523
165 0.008150
166 0.152893
167 0.143073
168 -0.033030
169 0.252292
170 0.147358
171 -0.157671
172 0.151137
173 -0.105810
174 -0.234014
175 -0.044135
176 0.002857
177 0.014468
178 -0.222829
179 -0.178058
180 -0.173486
181 -0.215175
182 -0.042003
183 0.039173
184 -0.271672
185 0.006817
186 -0.154989
187 -0.153493
188 -0.136275
189 -0.174824
190 -0.152733
191 0.016564
192 0.058659
193 -0.045880
194 -0.048707
195 -0.050639
196 0.187968
197 0.240997
198 -0.170580
199 -0.276210
200 0.086524
201 0.248917
202 -0.086454
203 -0.056102
204 -0.110268
205 -0.279433
206 -0.132840
207 0.097216
208 0.087713
209 0.082864
210 -0.133501
211 0.321267
212 0.310767
213 0.074165
214 -0.040199
215 -0.190178
216 0.068135
217 -0.048132
218 0.007272
219 0.062263
220 0.053727
221 -0.088141
222 0.006461
223 -0.065515
224 -0.117597
225 -0.175555
226 0.289170
227 0.167960
228 0.429859
229 0.060752
230 -0.059419
231 -0.378092
232 -0.361069
233 -0.076200
234 -0.190537
235 -0.269475
236 -0.296284
237 -0.346952
238 -0.217626
239 -0.302643
240 -0.352884
241 -0.338399
242 -0.318247
243 -0.189513
244 0.180514
245 0.281689
246 -0.183362
247 -0.070744
248 0.221566
249 0.294605
250 0.060376
251 -0.012889
252 -0.028616
253 0.035028
254 0.015622
255 -0.280674
256 0.075772
257 0.164859
258 0.409076
259 0.097603
260 0.249864
261 0.235228
262 0.450747
263 0.449894
264 0.483288
265 0.374927
266 0.145062
267 -0.101887
268 0.239005
269 0.058165
270 0.166508
271 0.009504
272 0.390510
273 0.372103
274 0.149335
275 -0.034395
276 0.095581
277 0.348904
278 -0.111093
279 -0.080526
280 0.081043
281 0.425591
282 0.011881
283 -0.023022
284 0.558692
285 0.554000
286 0.405268
287 0.079018
288 -0.022397
289 0.114841
290 0.333199
291 0.099671
292 -0.161899
293 0.239079
294 0.508206
295 0.136354
296 -0.073117
297 0.152400
298 0.556245
299 0.508437
300 0.277721
301 -0.052645
302 0.592108
303 0.364549
304 0.317726
305 0.134678
306 0.391421
307 0.402111
308 0.151747
309 0.112926
310 0.104006
311 0.349223
312 0.136253
313 0.216851
314 -0.030242
315 0.200249
316 0.478063
317 0.353270
318 0.186377
319 -0.139188
320 0.290434
321 0.404675
322 0.644518
323 0.012905
324 0.534169
325 0.441269
326 0.298726
327 0.031290
328 0.220640
329 0.142681
330 0.030824
331 0.511606
332 0.230041
333 0.021745
334 0.036196
335 0.330335
336 0.308306
337 0.029615
338 -0.105966
339 -0.127741
340 0.338114
341 -0.273325
342 -0.012425
343 0.066634
344 0.038776
345 0.095045
346 0.109064
347 0.005078
348 0.055176
349 0.109299
350 -0.223932
351 0.259670
352 0.331088
353 0.112372
354 -0.204853
355 -0.146646
356 -0.038211
357 0.107386
358 0.507187
359 0.100602
360 0.312175
361 0.575600
362 0.534010
363 0.432920
364 0.080111
365 0.172401
366 0.429927
367 0.505240
368 0.317988
369 0.084939
370 0.666101
371 -0.032032
372 0.019537
373 -0.091989
374 -0.258416
375 0.372708
376 0.306947
377 0.265837
378 0.031479
379 0.036434
380 0.137002
381 -0.089180
382 0.285718
383 -0.174131
384 0.111607
385 0.150246
386 0.047789
387 0.125047
388 -0.177331
389 -0.097532
390 0.228766
391 0.088392
392 0.016914
393 -0.245409
394 -0.039341
395 0.132658
396 0.054630
397 0.059107
398 -0.181735
399 -0.213114
400 -0.013316
401 -0.098008
402 0.188734
403 -0.036509
404 0.315572
405 0.171413
406 0.084339
407 0.058852
408 0.070098
409 -0.042188
410 0.092206
411 0.234371
412 0.189098
413 0.066456
414 -0.309534
415 0.019425
416 -0.030255
417 0.110207
418 -0.063765
419 -0.172492
420 0.106575
421 0.392734
422 -0.024309
423 0.096068
424 -0.106938
425 0.006092
426 -0.011493
427 0.248006
428 -0.205105
429 -0.141802
430 -0.190456
431 0.034762
432 0.060196
433 0.064778
434 0.082179
435 -0.208751
436 -0.162726
437 -0.187746
438 0.233780
439 0.259747
440 -0.028211
441 0.042522
442 -0.120465
443 0.217741
444 0.349215
445 0.102119
446 -0.204130
447 -0.124001
448 0.107287
449 0.134564
450 0.155223
451 0.158721
452 -0.192583
453 0.079728
454 -0.208818
455 0.213707
456 0.005741
457 -0.277175
458 -0.004093
459 -0.080333
460 -0.175687
461 -0.226457
462 0.038294
463 0.178121
464 -0.167083
465 -0.081275
466 -0.067616
467 -0.186895
468 0.063123
469 -0.248579
470 0.155241
471 -0.276254
472 -0.032711
473 -0.094510
474 -0.153360
475 -0.177545
476 -0.130004
477 -0.274000
478 0.031264
479 -0.082095
480 0.163694
481 -0.114349
482 -0.196544
483 -0.225439
484 -0.163894
485 -0.156763
486 -0.127791
487 -0.322900
488 -0.212058
489 -0.284316
490 -0.159510
491 -0.275651
492 0.562349
493 0.112193
494 -0.001385
495 0.146965
496 -0.090403
497 -0.273141
498 -0.143371
499 -0.106142
500 0.158168
501 -0.221056
502 -0.273910
503 -0.093096
504 -0.307070
505 -0.109323
506 0.006287
507 0.038570
508 -0.113320
509 -0.188275
510 0.261181
511 0.453975
512 0.075267
513 0.274124
514 0.003971
515 -0.158502
516 -0.018247
517 -0.105849
518 -0.144207
519 -0.249012
520 0.000328
521 -0.117502
522 -0.237182
523 -0.163834
524 -0.037886
525 -0.235958
526 -0.407705
527 0.137538
528 -0.139869
529 -0.264668
530 -0.113650
531 -0.230478
532 -0.207793
533 -0.172637
534 0.116840
535 -0.055222
536 0.013130
537 -0.110820
538 -0.119642
539 0.184078
540 0.153420
541 -0.033642
542 0.034945
543 -0.259638
544 -0.118626
545 -0.329636
546 -0.242846
547 -0.171434
548 -0.130477
549 -0.312295
550 0.003645
551 -0.189070
552 -0.154813
553 0.185551
554 0.432947
555 -0.374458
556 -0.053918
557 0.027934
558 -0.272027
559 -0.142378
560 -0.363322
561 -0.301435
562 -0.208104
563 0.322945
564 -0.240673
565 -0.249211
566 -0.255082
567 -0.059179
568 -0.005489
569 -0.119167
570 -0.218809
571 -0.177460
572 -0.213670
573 -0.271438
574 -0.178107
575 -0.342633
576 0.007179
577 -0.043012
578 -0.114971
579 -0.213918
580 -0.061906
581 -0.353074
582 -0.434351
583 -0.153642
584 -0.167975
585 -0.009334
586 -0.255425
587 -0.218973
588 -0.015079
589 -0.292129
590 -0.025620
591 -0.208998
592 -0.265056
593 0.333934
594 -0.107364
595 0.040595
596 -0.183825
597 -0.100998
598 -0.121521
599 -0.203018
600 0.322405
601 0.101219
602 -0.021238
603 0.106726
604 0.077518
605 -0.157664
606 -0.147178
607 -0.394599
608 -0.304627
609 -0.003113
610 0.007248
611 0.103188
612 0.301301
613 -0.047548
614 -0.148498
615 0.132963
616 -0.148845
617 0.203506
618 -0.003605
619 -0.307154
620 0.126518
621 0.035680
622 0.014107
623 0.022097
624 0.005705
625 -0.112651
626 0.059613
627 -0.086663
628 0.100766
629 0.175781
630 0.027193
631 -0.100936
632 -0.118696
633 0.343716
634 0.220013
635 -0.277329
636 -0.154269
637 0.378431
638 0.126214
639 0.059676
640 -0.102211
641 -0.074191
642 0.092478
643 -0.016475
644 -0.208669
645 0.061274
646 -0.040148
647 0.555878
648 -0.146681
649 0.203763
650 0.135251
651 0.245377
652 0.007487
653 0.096583
654 -0.122656
655 -0.044217
656 -0.078696
657 0.182664
658 -0.162981
659 -0.322895
660 0.144475
661 0.086003
662 0.010658
663 -0.411768
664 0.018070
665 0.024062
666 -0.131265
667 -0.009156
668 -0.038976
669 0.203428
670 0.295404
671 -0.062578
672 -0.009754
673 0.001913
674 0.037803
675 0.050754
676 0.347184
677 -0.069483
678 -0.173490
679 0.263814
680 0.110573
681 0.212559
682 0.029136
683 0.124734
684 -0.077948
685 -0.019115
686 -0.133453
687 -0.032338
688 0.097325
689 -0.170406
690 -0.103374
691 0.017198
692 0.065139
693 0.314246
694 0.051404
695 0.010492
696 -0.208437
697 0.633365
698 0.076711
699 0.183655
700 0.258928
701 0.001313
702 -0.077762
703 -0.004327
704 -0.086090
705 0.020690
706 -0.003830
707 0.151779
708 0.283889
709 0.345100
710 0.502017
711 -0.001209
712 -0.203074
713 0.297438
714 0.282773
715 -0.087166
716 0.032136
717 -0.147846
718 -0.229671
719 0.305903
720 0.472664
721 0.062286
722 -0.008368
723 -0.023608
724 0.284931
725 -0.069195
726 0.032982
727 0.262298
728 -0.011564
729 0.106689
730 0.204522
731 0.099500
732 -0.077751
733 -0.014392
734 0.040755
735 0.370131
736 0.015126
737 0.197787
738 0.006324
739 0.210025
740 -0.030818
741 0.303060
742 0.348698
743 -0.000965
744 0.364331
745 -0.167727
746 -0.108538
747 -0.055087
748 0.228312
749 -0.111214
750 -0.036909
751 -0.000297
752 -0.162676
753 0.269717
754 -0.047556
755 0.099978
756 0.141207
757 0.177546
758 0.043284
759 0.244607
760 0.300794
761 0.134189
762 0.127764
763 0.065836
764 -0.027973
765 0.152095
766 0.221707
767 0.192072
768 0.453265
769 0.090167
770 0.290809
771 0.079376
772 0.166510
773 0.063547
774 0.127594
775 0.090404
776 0.113110
777 0.215380
778 -0.025552
779 0.058227
780 0.132990
781 0.122929
782 0.235216
783 0.151637
784 0.323357
785 -0.221748
786 0.276164
787 -0.093884
788 0.060861
789 0.276010
790 0.155241
791 0.042534
792 -0.170623
793 0.105867
794 -0.175481
795 0.020003
796 0.317528
797 -0.012399
798 0.252046
799 -0.090978
800 0.139690
801 0.022580
802 0.268855
803 0.053187
804 0.229773
805 -0.211284
806 0.238387
807 -0.149726
808 0.132953
809 0.048779
810 0.235117
811 0.291377
812 0.388865
813 0.181392
814 -0.014451
815 0.188877
816 0.082680
817 -0.067868
818 0.047964
819 0.035716
820 -0.152367
821 0.129582
822 0.118444
823 0.183309
824 0.083481
825 -0.145108
826 0.243359
827 -0.053776
828 0.306304
829 0.096273
830 0.223660
831 0.025168
832 0.234928
833 0.115103
834 -0.192093
835 0.243440
836 -0.003968
837 0.027631
838 -0.200181
839 -0.253792
840 0.233204
841 -0.046330
842 -0.143559
843 0.463932
844 0.474642
845 0.086451
846 -0.161174
847 -0.029007
848 -0.197982
849 -0.092336
850 0.042837
851 0.092106
852 0.048914
853 0.287879
854 -0.012916
855 0.033620
856 -0.160020
857 0.117039
858 0.444250
859 -0.048689
860 0.240876
861 0.115388
862 -0.065258
863 0.150551
864 0.422981
865 0.228485
866 -0.133917
867 0.341887
868 0.352781
869 0.162031
870 0.039945
871 0.370255
872 0.104971
873 0.231421
874 0.193832
875 0.137355
876 -0.306087
877 0.222498
878 -0.072022
879 0.099711
880 -0.166410
881 0.315750
882 0.066233
883 0.002092
884 0.019264
885 0.300232
886 -0.048387
887 0.161890
888 0.195561
889 0.085620
890 -0.158332
891 -0.317998
892 0.424442
893 0.166004
894 -0.071455
895 -0.212553
896 0.271381
897 -0.094431
898 0.003296
899 0.019693
900 -0.037109
901 0.586415
902 -0.008435
903 -0.078952
904 0.018689
905 0.295619
906 0.079526
907 -0.157863
908 -0.230352
909 0.265062
910 0.089835
911 -0.036451
912 0.096498
913 -0.046598
914 0.207164
915 -0.066407
916 0.056308
917 0.332965
918 0.389590
919 0.313988
920 0.133594
921 0.260655
922 0.087115
923 0.025627
924 -0.212403
925 0.249027
926 0.010769
927 -0.057046
928 0.162278
929 -0.352884
930 -0.237618
931 -0.215971
932 0.054365
933 -0.029089
934 0.018764
935 -0.310605
936 0.091419
937 -0.069591
938 -0.261289
939 0.149793
940 0.211228
941 0.128295
942 -0.193120
943 0.172854
944 0.110572
945 0.314477
946 0.140052
947 -0.134345
948 -0.046950
949 0.120455
950 0.131015
951 -0.051199
952 0.051607
953 0.223912
954 0.065554
955 0.113391
956 -0.122886
957 0.033351
958 -0.092208
959 0.002619
960 0.114039
961 0.087785
962 0.107034
963 -0.047419
964 -0.117262
965 -0.002438
966 0.211487
967 0.057587
968 -0.072644
969 0.015283
970 0.136798
971 0.332496
972 -0.218061
973 -0.130895
974 -0.268686
975 0.147366
976 0.154483
977 0.105264
978 -0.026479
979 0.066056
980 -0.083699
981 -0.053722
982 -0.093523
983 0.241185
984 0.007267
985 0.133871
986 -0.101895
987 -0.154641
988 0.009720
989 0.256790
990 0.339932
991 0.050654
992 0.000525
993 0.305751
994 0.020843
995 0.276706
996 -0.008070
997 0.160203
998 0.292902
999 0.058759
1000 -0.185766
1001 0.112841
1002 -0.229089
1003 0.004276
1004 0.107302
1005 -0.330191
1006 -0.019861
1007 -0.028908
1008 -0.005545
1009 0.231997
1010 -0.108592
1011 0.178557
1012 0.109577
1013 0.005293
1014 -0.095821
1015 -0.106492
1016 0.384924
1017 0.216166
1018 0.263398
1019 -0.415334
1020 -0.074739
1021 0.183559
1022 0.322059
1023 0.158547
1024 0.231002
1025 0.091651
1026 0.119201
1027 -0.125055
1028 0.240649
1029 -0.214196
1030 -0.187277
1031 0.034165
1032 0.070585
1033 0.341184
1034 0.307413
1035 0.149128
1036 0.399445
1037 -0.050933
1038 0.015722
1039 -0.065590
1040 -0.017677
1041 -0.274147
1042 -0.170192
1043 -0.009927
1044 -0.286298
1045 -0.033918
1046 0.096132
1047 0.062768
1048 -0.017987
1049 0.178365
1050 0.300617
1051 0.224464
1052 0.352199
1053 0.404189
1054 0.177328
1055 -0.036960
1056 0.203939
1057 -0.219679
1058 -0.101812
1059 0.077186
1060 0.154804
1061 0.122437
1062 0.071388
1063 -0.059825
1064 -0.067735
1065 0.078436
1066 -0.020056
1067 0.164033
1068 -0.319160
1069 0.217810
1070 -0.105965
1071 -0.037502
1072 -0.151357
1073 -0.114187
1074 0.023895
1075 0.235405
1076 -0.019355
1077 -0.086058
1078 -0.074854
1079 0.114341
1080 -0.144622
1081 0.278760
1082 0.035841
1083 -0.089898
1084 -0.140849
1085 -0.276871
1086 -0.062926
1087 0.061614
1088 0.350253
1089 0.099914
1090 0.395944
1091 0.304955
1092 0.158718
1093 0.441053
1094 0.321114
1095 -0.145647
1096 -0.023180
1097 0.121196
1098 -0.027000
1099 -0.206611
1100 0.042225
1101 0.102827
1102 0.220191
1103 0.235045
1104 0.192039
1105 -0.128870
1106 0.146841
1107 -0.154110
1108 0.034879
1109 -0.061995
1110 0.222879
1111 0.291721
1112 0.169406
1113 0.110978
1114 0.130534
1115 -0.005727
1116 -0.276719
1117 0.150395
1118 -0.149200
1119 0.138945
1120 -0.036554
1121 -0.200604
1122 0.308774
1123 0.075749
1124 0.356278
1125 0.189786
1126 -0.082319
1127 0.012414
1128 0.388578
1129 -0.029505
1130 0.410033
1131 -0.090262
1132 0.293554
1133 0.206447
1134 0.241463
1135 0.262390
1136 0.389183
1137 0.595957
1138 0.336605
1139 0.111677
1140 -0.127926
1141 -0.043159
1142 -0.127249
1143 0.001121
1144 0.024362
1145 0.108344
1146 0.215369
1147 -0.003966
1148 -0.005620
1149 0.293054
1150 0.304211
1151 0.213924
1152 -0.164701
1153 0.048320
1154 -0.012954
1155 0.124193
1156 0.392727
1157 0.194157
1158 0.091413
1159 -0.079789
1160 -0.027386
1161 0.110779
1162 0.137530
1163 0.075212
1164 0.149065
1165 0.035591
1166 0.218630
1167 0.236888
1168 0.130552
1169 0.182542
1170 0.213818
1171 0.304869
1172 0.094795
1173 0.159091
1174 0.175508
1175 0.431052
1176 -0.115021
1177 0.079101
1178 0.428811
1179 0.441884
1180 0.383357
1181 0.270449
1182 0.324520
1183 -0.127436
1184 0.005928
1185 0.234009
1186 0.270496
1187 0.285966
1188 0.143529
1189 0.403270
1190 0.280339
1191 -0.059017
1192 0.088648
1193 0.393565
1194 0.081518
1195 -0.034850
1196 -0.109553
1197 0.160620
1198 0.036335
1199 0.194260
1200 0.076201
1201 -0.161869
1202 -0.167400
1203 0.118609
1204 0.093055
1205 -0.244757
1206 0.089449
1207 0.216860
1208 0.138099
1209 0.358932
1210 -0.010783
1211 0.135214
1212 0.143549
1213 -0.311839
1214 0.062636
1215 -0.025784
1216 0.011722
1217 -0.230949
1218 0.398426
1219 0.532583
1220 0.120987
1221 0.060427
1222 -0.021045
1223 0.045803
0 -0.248363
1 0.000872
2 -0.248363
3 -0.359057
4 -0.456093
5 0.021064
6 -0.373082
7 0.029923
8 0.214378
9 0.160080
10 -0.394511
11 -0.313755
12 0.017943
13 -0.057585
14 -0.023216
15 -0.098256
16 -0.030138
17 -0.136758
18 -0.146541
19 0.286509
20 -0.364515
21 -0.221966
22 0.039963
23 -0.247061
24 -0.141550
25 -0.214555
26 -0.236814
27 -0.084869
28 -0.161886
29 -0.089337
30 0.003407
31 0.097549
32 -0.157051
33 -0.036509
34 -0.015017
35 -0.248297
36 -0.422962
37 -0.113064
38 -0.014955
39 0.115083
40 -0.040219
41 0.014414
42 -0.101259
43 -0.233658
44 -0.269187
45 -0.251970
46 -0.039401
47 -0.241075
48 0.078405
49 0.075896
50 -0.027903
51 -0.048851
52 -0.223511
53 -0.198923
54 0.159444
55 -0.091924
56 0.244156
57 0.024748
58 -0.045454
59 0.054441
60 -0.011069
61 -0.172734
62 -0.260131
63 -0.284837
64 -0.096218
65 0.233672
66 0.200190
67 -0.148944
68 0.127806
69 0.106382
70 0.262236
71 -0.020287
72 0.266010
73 -0.178667
74 -0.157795
75 -0.409693
76 -0.366729
77 -0.284367
78 -0.010769
79 -0.143919
80 -0.268806
81 -0.225556
82 0.015968
83 0.113687
84 -0.139969
85 -0.244464
86 0.123742
87 -0.243235
88 -0.008003
89 0.023037
90 0.327445
91 0.198296
92 0.175688
93 0.083702
94 0.085260
95 -0.128112
96 0.111218
97 0.095529
98 0.055890
99 -0.040572
100 -0.172950
101 -0.332722
102 -0.084714
103 -0.037785
104 -0.165561
105 -0.259235
106 -0.097014
107 -0.129820
108 -0.268486
109 -0.342641
110 0.152622
111 0.315588
112 0.042806
113 -0.073192
114 0.268034
115 -0.054998
116 -0.072602
117 0.052152
118 -0.114945
119 -0.249587
120 -0.120631
121 -0.254458
122 -0.153131
123 -0.157333
124 -0.222650
125 -0.121937
126 -0.132492
127 -0.099970
128 -0.220295
129 -0.080092
130 -0.097817
131 -0.383655
132 -0.261704
133 -0.036947
134 0.301968
135 -0.005436
136 0.043661
137 -0.049602
138 -0.412915
139 -0.036582
140 -0.067858
141 0.000249
142 0.075824
143 -0.057032
144 -0.233335
145 -0.130367
146 -0.006491
147 -0.303869
148 -0.246951
149 0.024660
150 -0.115830
151 -0.020136
152 -0.016878
153 -0.147532
154 -0.101825
155 -0.405288
156 -0.257305
157 -0.243636
158 -0.072490
159 0.062760
160 0.004260
161 -0.342316
162 0.085303
163 -0.207824
164 0.073523
165 0.008150
166 0.152893
167 0.143073
168 -0.033030
169 0.252292
170 0.147358
171 -0.157671
172 0.151137
173 -0.105810
174 -0.234014
175 -0.044135
176 0.002857
177 0.014468
178 -0.222829
179 -0.178058
180 -0.173486
181 -0.215175
182 -0.042003
183 0.039173
184 -0.271672
185 0.006817
186 -0.154989
187 -0.153493
188 -0.136275
189 -0.174824
190 -0.152733
191 0.016564
192 0.058659
193 -0.045880
194 -0.048707
195 -0.050639
196 0.187968
197 0.240997
198 -0.170580
199 -0.276210
200 0.086524
201 0.248917
202 -0.086454
203 -0.056102
204 -0.110268
205 -0.279433
206 -0.132840
207 0.097216
208 0.087713
209 0.082864
210 -0.133501
211 0.321267
212 0.310767
213 0.074165
214 -0.040199
215 -0.190178
216 0.068135
217 -0.048132
218 0.007272
219 0.062263
220 0.053727
221 -0.088141
222 0.006461
223 -0.065515
224 -0.117597
225 -0.175555
226 0.289170
227 0.167960
228 0.429859
229 0.060752
230 -0.059419
231 -0.378092
232 -0.361069
233 -0.076200
234 -0.190537
235 -0.269475
236 -0.296284
237 -0.346952
238 -0.217626
239 -0.302643
240 -0.352884
241 -0.338399
242 -0.318247
243 -0.189513
244 0.180514
245 0.281689
246 -0.183362
247 -0.070744
248 0.221566
249 0.294605
250 0.060376
251 -0.012889
252 -0.028616
253 0.035028
254 0.015622
255 -0.280674
256 0.075772
257 0.164859
258 0.409076
259 0.097603
260 0.249864
261 0.235228
262 0.450747
263 0.449894
264 0.483288
265 0.374927
266 0.145062
267 -0.101887
268 0.239005
269 0.058165
270 0.166508
271 0.009504
272 0.390510
273 0.372103
274 0.149335
275 -0.034395
276 0.095581
277 0.348904
278 -0.111093
279 -0.080526
280 0.081043
281 0.425591
282 0.011881
283 -0.023022
284 0.558692
285 0.554000
286 0.405268
287 0.079018
288 -0.022397
289 0.114841
290 0.333199
291 0.099671
292 -0.161899
293 0.239079
294 0.508206
295 0.136354
296 -0.073117
297 0.152400
298 0.556245
299 0.508437
300 0.277721
301 -0.052645
302 0.592108
303 0.364549
304 0.317726
305 0.134678
306 0.391421
307 0.402111
308 0.151747
309 0.112926
310 0.104006
311 0.349223
312 0.136253
313 0.216851
314 -0.030242
315 0.200249
316 0.478063
317 0.353270
318 0.186377
319 -0.139188
320 0.290434
321 0.404675
322 0.644518
323 0.012905
324 0.534169
325 0.441269
326 0.298726
327 0.031290
328 0.220640
329 0.142681
330 0.030824
331 0.511606
332 0.230041
333 0.021745
334 0.036196
335 0.330335
336 0.308306
337 0.029615
338 -0.105966
339 -0.127741
340 0.338114
341 -0.273325
342 -0.012425
343 0.066634
344 0.038776
345 0.095045
346 0.109064
347 0.005078
348 0.055176
349 0.109299
350 -0.223932
351 0.259670
352 0.331088
353 0.112372
354 -0.204853
355 -0.146646
356 -0.038211
357 0.107386
358 0.507187
359 0.100602
360 0.312175
361 0.575600
362 0.534010
363 0.432920
364 0.080111
365 0.172401
366 0.429927
367 0.505240
368 0.317988
369 0.084939
370 0.666101
371 -0.032032
372 0.019537
373 -0.091989
374 -0.258416
375 0.372708
376 0.306947
377 0.265837
378 0.031479
379 0.036434
380 0.137002
381 -0.089180
382 0.285718
383 -0.174131
384 0.111607
385 0.150246
386 0.047789
387 0.125047
388 -0.177331
389 -0.097532
390 0.228766
391 0.088392
392 0.016914
393 -0.245409
394 -0.039341
395 0.132658
396 0.054630
397 0.059107
398 -0.181735
399 -0.213114
400 -0.013316
401 -0.098008
402 0.188734
403 -0.036509
404 0.315572
405 0.171413
406 0.084339
407 0.058852
408 0.070098
409 -0.042188
410 0.092206
411 0.234371
412 0.189098
413 0.066456
414 -0.309534
415 0.019425
416 -0.030255
417 0.110207
418 -0.063765
419 -0.172492
420 0.106575
421 0.392734
422 -0.024309
423 0.096068
424 -0.106938
425 0.006092
426 -0.011493
427 0.248006
428 -0.205105
429 -0.141802
430 -0.190456
431 0.034762
432 0.060196
433 0.064778
434 0.082179
435 -0.208751
436 -0.162726
437 -0.187746
438 0.233780
439 0.259747
440 -0.028211
441 0.042522
442 -0.120465
443 0.217741
444 0.349215
445 0.102119
446 -0.204130
447 -0.124001
448 0.107287
449 0.134564
450 0.155223
451 0.158721
452 -0.192583
453 0.079728
454 -0.208818
455 0.213707
456 0.005741
457 -0.277175
458 -0.004093
459 -0.080333
460 -0.175687
461 -0.226457
462 0.038294
463 0.178121
464 -0.167083
465 -0.081275
466 -0.067616
467 -0.186895
468 0.063123
469 -0.248579
470 0.155241
471 -0.276254
472 -0.032711
473 -0.094510
474 -0.153360
475 -0.177545
476 -0.130004
477 -0.274000
478 0.031264
479 -0.082095
480 0.163694
481 -0.114349
482 -0.196544
483 -0.225439
484 -0.163894
485 -0.156763
486 -0.127791
487 -0.322900
488 -0.212058
489 -0.284316
490 -0.159510
491 -0.275651
492 0.562349
493 0.112193
494 -0.001385
495 0.146965
496 -0.090403
497 -0.273141
498 -0.143371
499 -0.106142
500 0.158168
501 -0.221056
502 -0.273910
503 -0.093096
504 -0.307070
505 -0.109323
506 0.006287
507 0.038570
508 -0.113320
509 -0.188275
510 0.261181
511 0.453975
512 0.075267
513 0.274124
514 0.003971
515 -0.158502
516 -0.018247
517 -0.105849
518 -0.144207
519 -0.249012
520 0.000328
521 -0.117502
522 -0.237182
523 -0.163834
524 -0.037886
525 -0.235958
526 -0.407705
527 0.137538
528 -0.139869
529 -0.264668
530 -0.113650
531 -0.230478
532 -0.207793
533 -0.172637
534 0.116840
535 -0.055222
536 0.013130
537 -0.110820
538 -0.119642
539 0.184078
540 0.153420
541 -0.033642
542 0.034945
543 -0.259638
544 -0.118626
545 -0.329636
546 -0.242846
547 -0.171434
548 -0.130477
549 -0.312295
550 0.003645
551 -0.189070
552 -0.154813
553 0.185551
554 0.432947
555 -0.374458
556 -0.053918
557 0.027934
558 -0.272027
559 -0.142378
560 -0.363322
561 -0.301435
562 -0.208104
563 0.322945
564 -0.240673
565 -0.249211
566 -0.255082
567 -0.059179
568 -0.005489
569 -0.119167
570 -0.218809
571 -0.177460
572 -0.213670
573 -0.271438
574 -0.178107
575 -0.342633
576 0.007179
577 -0.043012
578 -0.114971
579 -0.213918
580 -0.061906
581 -0.353074
582 -0.434351
583 -0.153642
584 -0.167975
585 -0.009334
586 -0.255425
587 -0.218973
588 -0.015079
589 -0.292129
590 -0.025620
591 -0.208998
592 -0.265056
593 0.333934
594 -0.107364
595 0.040595
596 -0.183825
597 -0.100998
598 -0.121521
599 -0.203018
600 0.322405
601 0.101219
602 -0.021238
603 0.106726
604 0.077518
605 -0.157664
606 -0.147178
607 -0.394599
608 -0.304627
609 -0.003113
610 0.007248
611 0.103188
612 0.301301
613 -0.047548
614 -0.148498
615 0.132963
616 -0.148845
617 0.203506
618 -0.003605
619 -0.307154
620 0.126518
621 0.035680
622 0.014107
623 0.022097
624 0.005705
625 -0.112651
626 0.059613
627 -0.086663
628 0.100766
629 0.175781
630 0.027193
631 -0.100936
632 -0.118696
633 0.343716
634 0.220013
635 -0.277329
636 -0.154269
637 0.378431
638 0.126214
639 0.059676
640 -0.102211
641 -0.074191
642 0.092478
643 -0.016475
644 -0.208669
645 0.061274
646 -0.040148
647 0.555878
648 -0.146681
649 0.203763
650 0.135251
651 0.245377
652 0.007487
653 0.096583
654 -0.122656
655 -0.044217
656 -0.078696
657 0.182664
658 -0.162981
659 -0.322895
660 0.144475
661 0.086003
662 0.010658
663 -0.411768
664 0.018070
665 0.024062
666 -0.131265
667 -0.009156
668 -0.038976
669 0.203428
670 0.295404
671 -0.062578
672 -0.009754
673 0.001913
674 0.037803
675 0.050754
676 0.347184
677 -0.069483
678 -0.173490
679 0.263814
680 0.110573
681 0.212559
682 0.029136
683 0.124734
684 -0.077948
685 -0.019115
686 -0.133453
687 -0.032338
688 0.097325
689 -0.170406
690 -0.103374
691 0.017198
692 0.065139
693 0.314246
694 0.051404
695 0.010492
696 -0.208437
697 0.633365
698 0.076711
699 0.183655
700 0.258928
701 0.001313
702 -0.077762
703 -0.004327
704 -0.086090
705 0.020690
706 -0.003830
707 0.151779
708 0.283889
709 0.345100
710 0.502017
711 -0.001209
712 -0.203074
713 0.297438
714 0.282773
715 -0.087166
716 0.032136
717 -0.147846
718 -0.229671
719 0.305903
720 0.472664
721 0.062286
722 -0.008368
723 -0.023608
724 0.284931
725 -0.069195
726 0.032982
727 0.262298
728 -0.011564
729 0.106689
730 0.204522
731 0.099500
732 -0.077751
733 -0.014392
734 0.040755
735 0.370131
736 0.015126
737 0.197787
738 0.006324
739 0.210025
740 -0.030818
741 0.303060
742 0.348698
743 -0.000965
744 0.364331
745 -0.167727
746 -0.108538
747 -0.055087
748 0.228312
749 -0.111214
750 -0.036909
751 -0.000297
752 -0.162676
753 0.269717
754 -0.047556
755 0.099978
756 0.141207
757 0.177546
758 0.043284
759 0.244607
760 0.300794
761 0.134189
762 0.127764
763 0.065836
764 -0.027973
765 0.152095
766 0.221707
767 0.192072
768 0.453265
769 0.090167
770 0.290809
771 0.079376
772 0.166510
773 0.063547
774 0.127594
775 0.090404
776 0.113110
777 0.215380
778 -0.025552
779 0.058227
780 0.132990
781 0.122929
782 0.235216
783 0.151637
784 0.323357
785 -0.221748
786 0.276164
787 -0.093884
788 0.060861
789 0.276010
790 0.155241
791 0.042534
792 -0.170623
793 0.105867
794 -0.175481
795 0.020003
796 0.317528
797 -0.012399
798 0.252046
799 -0.090978
800 0.139690
801 0.022580
802 0.268855
803 0.053187
804 0.229773
805 -0.211284
806 0.238387
807 -0.149726
808 0.132953
809 0.048779
810 0.235117
811 0.291377
812 0.388865
813 0.181392
814 -0.014451
815 0.188877
816 0.082680
817 -0.067868
818 0.047964
819 0.035716
820 -0.152367
821 0.129582
822 0.118444
823 0.183309
824 0.083481
825 -0.145108
826 0.243359
827 -0.053776
828 0.306304
829 0.096273
830 0.223660
831 0.025168
832 0.234928
833 0.115103
834 -0.192093
835 0.243440
836 -0.003968
837 0.027631
838 -0.200181
839 -0.253792
840 0.233204
841 -0.046330
842 -0.143559
843 0.463932
844 0.474642
845 0.086451
846 -0.161174
847 -0.029007
848 -0.197982
849 -0.092336
850 0.042837
851 0.092106
852 0.048914
853 0.287879
854 -0.012916
855 0.033620
856 -0.160020
857 0.117039
858 0.444250
859 -0.048689
860 0.240876
861 0.115388
862 -0.065258
863 0.150551
864 0.422981
865 0.228485
866 -0.133917
867 0.341887
868 0.352781
869 0.162031
870 0.039945
871 0.370255
872 0.104971
873 0.231421
874 0.193832
875 0.137355
876 -0.306087
877 0.222498
878 -0.072022
879 0.099711
880 -0.166410
881 0.315750
882 0.066233
883 0.002092
884 0.019264
885 0.300232
886 -0.048387
887 0.161890
888 0.195561
889 0.085620
890 -0.158332
891 -0.317998
892 0.424442
893 0.166004
894 -0.071455
895 -0.212553
896 0.271381
897 -0.094431
898 0.003296
899 0.019693
900 -0.037109
901 0.586415
902 -0.008435
903 -0.078952
904 0.018689
905 0.295619
906 0.079526
907 -0.157863
908 -0.230352
909 0.265062
910 0.089835
911 -0.036451
912 0.096498
913 -0.046598
914 0.207164
915 -0.066407
916 0.056308
917 0.332965
918 0.389590
919 0.313988
920 0.133594
921 0.260655
922 0.087115
923 0.025627
924 -0.212403
925 0.249027
926 0.010769
927 -0.057046
928 0.162278
929 -0.352884
930 -0.237618
931 -0.215971
932 0.054365
933 -0.029089
934 0.018764
935 -0.310605
936 0.091419
937 -0.069591
938 -0.261289
939 0.149793
940 0.211228
941 0.128295
942 -0.193120
943 0.172854
944 0.110572
945 0.314477
946 0.140052
947 -0.134345
948 -0.046950
949 0.120455
950 0.131015
951 -0.051199
952 0.051607
953 0.223912
954 0.065554
955 0.113391
956 -0.122886
957 0.033351
958 -0.092208
959 0.002619
960 0.114039
961 0.087785
962 0.107034
963 -0.047419
964 -0.117262
965 -0.002438
966 0.211487
967 0.057587
968 -0.072644
969 0.015283
970 0.136798
971 0.332496
972 -0.218061
973 -0.130895
974 -0.268686
975 0.147366
976 0.154483
977 0.105264
978 -0.026479
979 0.066056
980 -0.083699
981 -0.053722
982 -0.093523
983 0.241185
984 0.007267
985 0.133871
986 -0.101895
987 -0.154641
988 0.009720
989 0.256790
990 0.339932
991 0.050654
992 0.000525
993 0.305751
994 0.020843
995 0.276706
996 -0.008070
997 0.160203
998 0.292902
999 0.058759
1000 -0.185766
1001 0.112841
1002 -0.229089
1003 0.004276
1004 0.107302
1005 -0.330191
1006 -0.019861
1007 -0.028908
1008 -0.005545
1009 0.231997
1010 -0.108592
1011 0.178557
1012 0.109577
1013 0.005293
1014 -0.095821
1015 -0.106492
1016 0.384924
1017 0.216166
1018 0.263398
1019 -0.415334
1020 -0.074739
1021 0.183559
1022 0.322059
1023 0.158547
1024 0.231002
1025 0.091651
1026 0.119201
1027 -0.125055
1028 0.240649
1029 -0.214196
1030 -0.187277
1031 0.034165
1032 0.070585
1033 0.341184
1034 0.307413
1035 0.149128
1036 0.399445
1037 -0.050933
1038 0.015722
1039 -0.065590
1040 -0.017677
1041 -0.274147
1042 -0.170192
1043 -0.009927
1044 -0.286298
1045 -0.033918
1046 0.096132
1047 0.062768
1048 -0.017987
1049 0.178365
1050 0.300617
1051 0.224464
1052 0.352199
1053 0.404189
1054 0.177328
1055 -0.036960
1056 0.203939
1057 -0.219679
1058 -0.101812
1059 0.077186
1060 0.154804
1061 0.122437
1062 0.071388
1063 -0.059825
1064 -0.067735
1065 0.078436
1066 -0.020056
1067 0.164033
1068 -0.319160
1069 0.217810
1070 -0.105965
1071 -0.037502
1072 -0.151357
1073 -0.114187
1074 0.023895
1075 0.235405
1076 -0.019355
1077 -0.086058
1078 -0.074854
1079 0.114341
1080 -0.144622
1081 0.278760
1082 0.035841
1083 -0.089898
1084 -0.140849
1085 -0.276871
1086 -0.062926
1087 0.061614
1088 0.350253
1089 0.099914
1090 0.395944
1091 0.304955
1092 0.158718
1093 0.441053
1094 0.321114
1095 -0.145647
1096 -0.023180
1097 0.121196
1098 -0.027000
1099 -0.206611
1100 0.042225
1101 0.102827
1102 0.220191
1103 0.235045
1104 0.192039
1105 -0.128870
1106 0.146841
1107 -0.154110
1108 0.034879
1109 -0.061995
1110 0.222879
1111 0.291721
1112 0.169406
1113 0.110978
1114 0.130534
1115 -0.005727
1116 -0.276719
1117 0.150395
1118 -0.149200
1119 0.138945
1120 -0.036554
1121 -0.200604
1122 0.308774
1123 0.075749
1124 0.356278
1125 0.189786
1126 -0.082319
1127 0.012414
1128 0.388578
1129 -0.029505
1130 0.410033
1131 -0.090262
1132 0.293554
1133 0.206447
1134 0.241463
1135 0.262390
1136 0.389183
1137 0.595957
1138 0.336605
1139 0.111677
1140 -0.127926
1141 -0.043159
1142 -0.127249
1143 0.001121
1144 0.024362
1145 0.108344
1146 0.215369
1147 -0.003966
1148 -0.005620
1149 0.293054
1150 0.304211
1151 0.213924
1152 -0.164701
1153 0.048320
1154 -0.012954
1155 0.124193
1156 0.392727
1157 0.194157
1158 0.091413
1159 -0.079789
1160 -0.027386
1161 0.110779
1162 0.137530
1163 0.075212
1164 0.149065
1165 0.035591
1166 0.218630
1167 0.236888
1168 0.130552
1169 0.182542
1170 0.213818
1171 0.304869
1172 0.094795
1173 0.159091
1174 0.175508
1175 0.431052
1176 -0.115021
1177 0.079101
1178 0.428811
1179 0.441884
1180 0.383357
1181 0.270449
1182 0.324520
1183 -0.127436
1184 0.005928
1185 0.234009
1186 0.270496
1187 0.285966
1188 0.143529
1189 0.403270
1190 0.280339
1191 -0.059017
1192 0.088648
1193 0.393565
1194 0.081518
1195 -0.034850
1196 -0.109553
1197 0.160620
1198 0.036335
1199 0.194260
1200 0.076201
1201 -0.161869
1202 -0.167400
1203 0.118609
1204 0.093055
1205 -0.244757
1206 0.089449
1207 0.216860
1208 0.138099
1209 0.358932
1210 -0.010783
1211 0.135214
1212 0.143549
1213 -0.311839
1214 0.062636
1215 -0.025784
1216 0.011722
1217 -0.230949
1218 0.398426
1219 0.532583
1220 0.120987
1221 0.060427
1222 -0.021045
1223 0.045803
0 -0.248363
1 0.000872
2 -0.248363
3 -0.359057
4 -0.456093
5 0.021064
6 -0.373082
7 0.029923
8 0.214378
9 0.160080
10 -0.394511
11 -0.313755
12 0.017943
13 -0.057585
14 -0.023216
15 -0.098256
16 -0.030138
17 -0.136758
18 -0.146541
19 0.286509
20 -0.364515
21 -0.221966
22 0.039963
23 -0.247061
24 -0.141550
25 -0.214555
26 -0.236814
27 -0.084869
28 -0.161886
29 -0.089337
30 0.003407
31 0.097549
32 -0.157051
33 -0.036509
34 -0.015017
35 -0.248297
36 -0.422962
37 -0.113064
38 -0.014955
39 0.115083
40 -0.040219
41 0.014414
42 -0.101259
43 -0.233658
44 -0.269187
45 -0.251970
46 -0.039401
47 -0.241075
48 0.078405
49 0.075896
50 -0.027903
51 -0.048851
52 -0.223511
53 -0.198923
54 0.159444
55 -0.091924
56 0.244156
57 0.024748
58 -0.045454
59 0.054441
60 -0.011069
61 -0.172734
62 -0.260131
63 -0.284837
64 -0.096218
65 0.233672
66 0.200190
67 -0.148944
68 0.127806
69 0.106382
70 0.262236
71 -0.020287
72 0.266010
73 -0.178667
74 -0.157795
75 -0.409693
76 -0.366729
77 -0.284367
78 -0.010769
79 -0.143919
80 -0.268806
81 -0.225556
82 0.015968
83 0.113687
84 -0.139969
85 -0.244464
86 0.123742
87 -0.243235
88 -0.008003
89 0.023037
90 0.327445
91 0.198296
92 0.175688
93 0.083702
94 0.085260
95 -0.128112
96 0.111218
97 0.095529
98 0.055890
99 -0.040572
100 -0.172950
101 -0.332722
102 -0.084714
103 -0.037785
104 -0.165561
105 -0.259235
106 -0.097014
107 -0.129820
108 -0.268486
109 -0.342641
110 0.152622
111 0.315588
112 0.042806
113 -0.073192
114 0.268034
115 -0.054998
116 -0.072602
117 0.052152
118 -0.114945
119 -0.249587
120 -0.120631
121 -0.254458
122 -0.153131
123 -0.157333
124 -0.222650
125 -0.121937
126 -0.132492
127 -0.099970
128 -0.220295
129 -0.080092
130 -0.097817
131 -0.383655
132 -0.261704
133 -0.036947
134 0.301968
135 -0.005436
136 0.043661
137 -0.049602
138 -0.412915
139 -0.036582
140 -0.067858
141 0.000249
142 0.075824
143 -0.057032
144 -0.233335
145 -0.130367
146 -0.006491
147 -0.303869
148 -0.246951
149 0.024660
150 -0.115830
151 -0.020136
152 -0.016878
153 -0.147532
154 -0.101825
155 -0.405288
156 -0.257305
157 -0.243636
158 -0.072490
159 0.062760
160 0.004260
161 -0.342316
162 0.085303
163 -0.207824
164 0.073523
165 0.008150
166 0.152893
167 0.143073
168 -0.033030
169 0.252292
170 0.147358
171 -0.157671
172 0.151137
173 -0.105810
174 -0.234014
175 -0.044135
176 0.002857
177 0.014468
178 -0.222829
179 -0.178058
180 -0.173486
181 -0.215175
182 -0.042003
183 0.039173
184 -0.271672
185 0.006817
186 -0.154989
187 -0.153493
188 -0.136275
189 -0.174824
190 -0.152733
191 0.016564
192 0.058659
193 -0.045880
194 -0.048707
195 -0.050639
196 0.187968
197 0.240997
198 -0.170580
199 -0.276210
200 0.086524
201 0.248917
202 -0.086454
203 -0.056102
204 -0.110268
205 -0.279433
206 -0.132840
207 0.097216
208 0.087713
209 0.082864
210 -0.133501
211 0.321267
212 0.310767
213 0.074165
214 -0.040199
215 -0.190178
216 0.068135
217 -0.048132
218 0.007272
219 0.062263
220 0.053727
221 -0.088141
222 0.006461
223 -0.065515
224 -0.117597
225 -0.175555
226 0.289170
227 0.167960
228 0.429859
229 0.060752
230 -0.059419
231 -0.378092
232 -0.361069
233 -0.076200
234 -0.190537
235 -0.269475
236 -0.296284
237 -0.346952
238 -0.217626
239 -0.302643
240 -0.352884
241 -0.338399
242 -0.318247
243 -0.189513
244 0.180514
245 0.281689
246 -0.183362
247 -0.070744
248 0.221566
249 0.294605
250 0.060376
251 -0.012889
252 -0.028616
253 0.035028
254 0.015622
255 -0.280674
256 0.075772
257 0.164859
258 0.409076
259 0.097603
260 0.249864
261 0.235228
262 0.450747
263 0.449894
264 0.483288
265 0.374927
266 0.145062
267 -0.101887
268 0.239005
269 0.058165
270 0.166508
271 0.009504
272 0.390510
273 0.372103
274 0.149335
275 -0.034395
276 0.095581
277 0.348904
278 -0.111093
279 -0.080526
280 0.081043
281 0.425591
282 0.011881
283 -0.023022
284 0.558692
285 0.554000
286 0.405268
287 0.079018
288 -0.022397
289 0.114841
290 0.333199
291 0.099671
292 -0.161899
293 0.239079
294 0.508206
295 0.136354
296 -0.073117
297 0.152400
298 0.556245
299 0.508437
300 0.277721
301 -0.052645
302 0.592108
303 0.364549
304 0.317726
305 0.134678
306 0.391421
307 0.402111
308 0.151747
309 0.112926
310 0.104006
311 0.349223
312 0.136253
313 0.216851
314 -0.030242
315 0.200249
316 0.478063
317 0.353270
318 0.186377
319 -0.139188
320 0.290434
321 0.404675
322 0.644518
323 0.012905
324 0.534169
325 0.441269
326 0.298726
327 0.031290
328 0.220640
329 0.142681
330 0.030824
331 0.511606
332 0.230041
333 0.021745
334 0.036196
335 0.330335
336 0.308306
337 0.029615
338 -0.105966
339 -0.127741
340 0.338114
341 -0.273325
342 -0.012425
343 0.066634
344 0.038776
345 0.095045
346 0.109064
347 0.005078
348 0.055176
349 0.109299
350 -0.223932
351 0.259670
352 0.331088
353 0.112372
354 -0.204853
355 -0.146646
356 -0.038211
357 0.107386
358 0.507187
359 0.100602
360 0.312175
361 0.575600
362 0.534010
363 0.432920
364 0.080111
365 0.172401
366 0.429927
367 0.505240
368 0.317988
369 0.084939
370 0.666101
371 -0.032032
372 0.019537
373 -0.091989
374 -0.258416
375 0.372708
376 0.306947
377 0.265837
378 0.031479
379 0.036434
380 0.137002
381 -0.089180
382 0.285718
383 -0.174131
384 0.111607
385 0.150246
386 0.047789
387 0.125047
388 -0.177331
389 -0.097532
390 0.228766
391 0.088392
392 0.016914
393 -0.245409
394 -0.039341
395 0.132658
396 0.054630
397 0.059107
398 -0.181735
399 -0.213114
400 -0.013316
401 -0.098008
402 0.188734
403 -0.036509
404 0.315572
405 0.171413
406 0.084339
407 0.058852
408 0.070098
409 -0.042188
410 0.092206
411 0.234371
412 0.189098
413 0.066456
414 -0.309534
415 0.019425
416 -0.030255
417 0.110207
418 -0.063765
419 -0.172492
420 0.106575
421 0.392734
422 -0.024309
423 0.096068
424 -0.106938
425 0.006092
426 -0.011493
427 0.248006
428 -0.205105
429 -0.141802
430 -0.190456
431 0.034762
432 0.060196
433 0.064778
434 0.082179
435 -0.208751
436 -0.162726
437 -0.187746
438 0.233780
439 0.259747
440 -0.028211
441 0.042522
442 -0.120465
443 0.217741
444 0.349215
445 0.102119
446 -0.204130
447 -0.124001
448 0.107287
449 0.134564
450 0.155223
451 0.158721
452 -0.192583
453 0.079728
454 -0.208818
455 0.213707
456 0.005741
457 -0.277175
458 -0.004093
459 -0.080333
460 -0.175687
461 -0.226457
462 0.038294
463 0.178121
464 -0.167083
465 -0.081275
466 -0.067616
467 -0.186895
468 0.063123
469 -0.248579
470 0.155241
471 -0.276254
472 -0.032711
473 -0.094510
474 -0.153360
475 -0.177545
476 -0.130004
477 -0.274000
478 0.031264
479 -0.082095
480 0.163694
481 -0.114349
482 -0.196544
483 -0.225439
484 -0.163894
485 -0.156763
486 -0.127791
487 -0.322900
488 -0.212058
489 -0.284316
490 -0.159510
491 -0.275651
492 0.562349
493 0.112193
494 -0.001385
495 0.146965
496 -0.090403
497 -0.273141
498 -0.143371
499 -0.106142
500 0.158168
501 -0.221056
502 -0.273910
503 -0.093096
504 -0.307070
505 -0.109323
506 0.006287
507 0.038570
508 -0.113320
509 -0.188275
510 0.261181
511 0.453975
512 0.075267
513 0.274124
514 0.003971
515 -0.158502
516 -0.018247
517 -0.105849
518 -0.144207
519 -0.249012
520 0.000328
521 -0.117502
522 -0.237182
523 -0.163834
524 -0.037886
525 -0.235958
526 -0.407705
527 0.137538
528 -0.139869
529 -0.264668
530 -0.113650
531 -0.230478
532 -0.207793
533 -0.172637
534 0.116840
535 -0.055222
536 0.013130
537 -0.110820
538 -0.119642
539 0.184078
540 0.153420
541 -0.033642
542 0.034945
543 -0.259638
544 -0.118626
545 -0.329636
546 -0.242846
547 -0.171434
548 -0.130477
549 -0.312295
550 0.003645
551 -0.189070
552 -0.154813
553 0.185551
554 0.432947
555 -0.374458
556 -0.053918
557 0.027934
558 -0.272027
559 -0.142378
560 -0.363322
561 -0.301435
562 -0.208104
563 0.322945
564 -0.240673
565 -0.249211
566 -0.255082
567 -0.059179
568 -0.005489
569 -0.119167
570 -0.218809
571 -0.177460
572 -0.213670
573 -0.271438
574 -0.178107
575 -0.342633
576 0.007179
577 -0.043012
578 -0.114971
579 -0.213918
580 -0.061906
581 -0.353074
582 -0.434351
583 -0.153642
584 -0.167975
585 -0.009334
586 -0.255425
587 -0.218973
588 -0.015079
589 -0.292129
590 -0.025620
591 -0.208998
592 -0.265056
593 0.333934
594 -0.107364
595 0.040595
596 -0.183825
597 -0.100998
598 -0.121521
599 -0.203018
600 0.322405
601 0.101219
602 -0.021238
603 0.106726
604 0.077518
605 -0.157664
606 -0.147178
607 -0.394599
608 -0.304627
609 -0.003113
610 0.007248
611 0.103188
612 0.301301
613 -0.047548
614 -0.148498
615 0.132963
616 -0.148845
617 0.203506
618 -0.003605
619 -0.307154
620 0.126518
621 0.035680
622 0.014107
623 0.022097
624 0.005705
625 -0.112651
626 0.059613
627 -0.086663
628 0.100766
629 0.175781
630 0.027193
631 -0.100936
632 -0.118696
633 0.343716
634 0.220013
635 -0.277329
636 -0.154269
637 0.378431
638 0.126214
639 0.059676
640 -0.102211
641 -0.074191
642 0.092478
643 -0.016475
644 -0.208669
645 0.061274
646 -0.040148
647 0.555878
648 -0.146681
649 0.203763
650 0.135251
651 0.245377
652 0.007487
653 0.096583
654 -0.122656
655 -0.044217
656 -0.078696
657 0.182664
658 -0.162981
659 -0.322895
660 0.144475
661 0.086003
662 0.010658
663 -0.411768
664 0.018070
665 0.024062
666 -0.131265
667 -0.009156
668 -0.038976
669 0.203428
670 0.295404
671 -0.062578
672 -0.009754
673 0.001913
674 0.037803
675 0.050754
676 0.347184
677 -0.069483
678 -0.173490
679 0.263814
680 0.110573
681 0.212559
682 0.029136
683 0.124734
684 -0.077948
685 -0.019115
686 -0.133453
687 -0.032338
688 0.097325
689 -0.170406
690 -0.103374
691 0.017198
692 0.065139
693 0.314246
694 0.051404
695 0.010492
696 -0.208437
697 0.633365
698 0.076711
699 0.183655
700 0.258928
701 0.001313
702 -0.077762
703 -0.004327
704 -0.086090
705 0.020690
706 -0.003830
707 0.151779
708 0.283889
709 0.345100
710 0.502017
711 -0.001209
712 -0.203074
713 0.297438
714 0.282773
715 -0.087166
716 0.032136
717 -0.147846
718 -0.229671
719 0.305903
720 0.472664
721 0.062286
722 -0.008368
723 -0.023608
724 0.284931
725 -0.069195
726 0.032982
727 0.262298
728 -0.011564
729 0.106689
730 0.204522
731 0.099500
732 -0.077751
733 -0.014392
734 0.040755
735 0.370131
736 0.015126
737 0.197787
738 0.006324
739 0.210025
740 -0.030818
741 0.303060
742 0.348698
743 -0.000965
744 0.364331
745 -0.167727
746 -0.108538
747 -0.055087
748 0.228312
749 -0.111214
750 -0.036909
751 -0.000297
752 -0.162676
753 0.269717
754 -0.047556
755 0.099978
756 0.141207
757 0.177546
758 0.043284
759 0.244607
760 0.300794
761 0.134189
762 0.127764
763 0.065836
764 -0.027973
765 0.152095
766 0.221707
767 0.192072
768 0.453265
769 0.090167
770 0.290809
771 0.079376
772 0.166510
773 0.063547
774 0.127594
775 0.090404
776 0.113110
777 0.215380
778 -0.025552
779 0.058227
780 0.132990
781 0.122929
782 0.235216
783 0.151637
784 0.323357
785 -0.221748
786 0.276164
787 -0.093884
788 0.060861
789 0.276010
790 0.155241
791 0.042534
792 -0.170623
793 0.105867
794 -0.175481
795 0.020003
796 0.317528
797 -0.012399
798 0.252046
799 -0.090978
800 0.139690
801 0.022580
802 0.268855
803 0.053187
804 0.229773
805 -0.211284
806 0.238387
807 -0.149726
808 0.132953
809 0.048779
810 0.235117
811 0.291377
812 0.388865
813 0.181392
814 -0.014451
815 0.188877
816 0.082680
817 -0.067868
818 0.047964
819 0.035716
820 -0.152367
821 0.129582
822 0.118444
823 0.183309
824 0.083481
825 -0.145108
826 0.243359
827 -0.053776
828 0.306304
829 0.096273
830 0.223660
831 0.025168
832 0.234928
833 0.115103
834 -0.192093
835 0.243440
836 -0.003968
837 0.027631
838 -0.200181
839 -0.253792
840 0.233204
841 -0.046330
842 -0.143559
843 0.463932
844 0.474642
845 0.086451
846 -0.161174
847 -0.029007
848 -0.197982
849 -0.092336
850 0.042837
851 0.092106
852 0.048914
853 0.287879
854 -0.012916
855 0.033620
856 -0.160020
857 0.117039
858 0.444250
859 -0.048689
860 0.240876
861 0.115388
862 -0.065258
863 0.150551
864 0.422981
865 0.228485
866 -0.133917
867 0.341887
868 0.352781
869 0.162031
870 0.039945
871 0.370255
872 0.104971
873 0.231421
874 0.193832
875 0.137355
876 -0.306087
877 0.222498
878 -0.072022
879 0.099711
880 -0.166410
881 0.315750
882 0.066233
883 0.002092
884 0.019264
885 0.300232
886 -0.048387
887 0.161890
888 0.195561
889 0.085620
890 -0.158332
891 -0.317998
892 0.424442
893 0.166004
894 -0.071455
895 -0.212553
896 0.271381
897 -0.094431
898 0.003296
899 0.019693
900 -0.037109
901 0.586415
902 -0.008435
903 -0.078952
904 0.018689
905 0.295619
906 0.079526
907 -0.157863
908 -0.230352
909 0.265062
910 0.089835
911 -0.036451
912 0.096498
913 -0.046598
914 0.207164
915 -0.066407
916 0.056308
917 0.332965
918 0.389590
919 0.313988
920 0.133594
921 0.260655
922 0.087115
923 0.025627
924 -0.212403
925 0.249027
926 0.010769
927 -0.057046
928 0.162278
929 -0.352884
930 -0.237618
931 -0.215971
932 0.054365
933 -0.029089
934 0.018764
935 -0.310605
936 0.091419
937 -0.069591
938 -0.261289
939 0.149793
940 0.211228
941 0.128295
942 -0.193120
943 0.172854
944 0.110572
945 0.314477
946 0.140052
947 -0.134345
948 -0.046950
949 0.120455
950 0.131015
951 -0.051199
952 0.051607
953 0.223912
954 0.065554
955 0.113391
956 -0.122886
957 0.033351
958 -0.092208
959 0.002619
960 0.114039
961 0.087785
962 0.107034
963 -0.047419
964 -0.117262
965 -0.002438
966 0.211487
967 0.057587
968 -0.072644
969 0.015283
970 0.136798
971 0.332496
972 -0.218061
973 -0.130895
974 -0.268686
975 0.147366
976 0.154483
977 0.105264
978 -0.026479
979 0.066056
980 -0.083699
981 -0.053722
982 -0.093523
983 0.241185
984 0.007267
985 0.133871
986 -0.101895
987 -0.154641
988 0.009720
989 0.256790
990 0.339932
991 0.050654
992 0.000525
993 0.305751
994 0.020843
995 0.276706
996 -0.008070
997 0.160203
998 0.292902
999 0.058759
1000 -0.185766
1001 0.112841
1002 -0.229089
1003 0.004276
1004 0.107302
1005 -0.330191
1006 -0.019861
1007 -0.028908
1008 -0.005545
1009 0.231997
1010 -0.108592
1011 0.178557
1012 0.109577
1013 0.005293
1014 -0.095821
1015 -0.106492
1016 0.384924
1017 0.216166
1018 0.263398
1019 -0.415334
1020 -0.074739
1021 0.183559
1022 0.322059
1023 0.158547
1024 0.231002
1025 0.091651
1026 0.119201
1027 -0.125055
1028 0.240649
1029 -0.214196
1030 -0.187277
1031 0.034165
1032 0.070585
1033 0.341184
1034 0.307413
1035 0.149128
1036 0.399445
1037 -0.050933
1038 0.015722
1039 -0.065590
1040 -0.017677
1041 -0.274147
1042 -0.170192
1043 -0.009927
1044 -0.286298
1045 -0.033918
1046 0.096132
1047 0.062768
1048 -0.017987
1049 0.178365
1050 0.300617
1051 0.224464
1052 0.352199
1053 0.404189
1054 0.177328
1055 -0.036960
1056 0.203939
1057 -0.219679
1058 -0.101812
1059 0.077186
1060 0.154804
1061 0.122437
1062 0.071388
1063 -0.059825
1064 -0.067735
1065 0.078436
1066 -0.020056
1067 0.164033
1068 -0.319160
1069 0.217810
1070 -0.105965
1071 -0.037502
1072 -0.151357
1073 -0.114187
1074 0.023895
1075 0.235405
1076 -0.019355
1077 -0.086058
1078 -0.074854
1079 0.114341
1080 -0.144622
1081 0.278760
1082 0.035841
1083 -0.089898
1084 -0.140849
1085 -0.276871
1086 -0.062926
1087 0.061614
1088 0.350253
1089 0.099914
1090 0.395944
1091 0.304955
1092 0.158718
1093 0.441053
1094 0.321114
1095 -0.145647
1096 -0.023180
1097 0.121196
1098 -0.027000
1099 -0.206611
1100 0.042225
1101 0.102827
1102 0.220191
1103 0.235045
1104 0.192039
1105 -0.128870
1106 0.146841
1107 -0.154110
1108 0.034879
1109 -0.061995
1110 0.222879
1111 0.291721
1112 0.169406
1113 0.110978
1114 0.130534
1115 -0.005727
1116 -0.276719
1117 0.150395
1118 -0.149200
1119 0.138945
1120 -0.036554
1121 -0.200604
1122 0.308774
1123 0.075749
1124 0.356278
1125 0.189786
1126 -0.082319
1127 0.012414
1128 0.388578
1129 -0.029505
1130 0.410033
1131 -0.090262
1132 0.293554
1133 0.206447
1134 0.241463
1135 0.262390
1136 0.389183
1137 0.595957
1138 0.336605
1139 0.111677
1140 -0.127926
1141 -0.043159
1142 -0.127249
1143 0.001121
1144 0.024362
1145 0.108344
1146 0.215369
1147 -0.003966
1148 -0.005620
1149 0.293054
1150 0.304211
1151 0.213924
1152 -0.164701
1153 0.048320
1154 -0.012954
1155 0.124193
1156 0.392727
1157 0.194157
1158 0.091413
1159 -0.079789
1160 -0.027386
1161 0.110779
1162 0.137530
1163 0.075212
1164 0.149065
1165 0.035591
1166 0.218630
1167 0.236888
1168 0.130552
1169 0.182542
1170 0.213818
1171 0.304869
1172 0.094795
1173 0.159091
1174 0.175508
1175 0.431052
1176 -0.115021
1177 0.079101
1178 0.428811
1179 0.441884
1180 0.383357
1181 0.270449
1182 0.324520
1183 -0.127436
1184 0.005928
1185 0.234009
1186 0.270496
1187 0.285966
1188 0.143529
1189 0.403270
1190 0.280339
1191 -0.059017
1192 0.088648
1193 0.393565
1194 0.081518
1195 -0.034850
1196 -0.109553
1197 0.160620
1198 0.036335
1199 0.194260
1200 0.076201
1201 -0.161869
1202 -0.167400
1203 0.118609
1204 0.093055
1205 -0.244757
1206 0.089449
1207 0.216860
1208 0.138099
1209 0.358932
1210 -0.010783
1211 0.135214
1212 0.143549
1213 -0.311839
1214 0.062636
1215 -0.025784
1216 0.011722
1217 -0.230949
1218 0.398426
1219 0.532583
1220 0.120987
1221 0.060427
1222 -0.021045
1223 0.045803
