0 -0.080762
1 -0.176495
2 -0.050518
3 -0.074871
4 -0.143473
5 -0.132361
6 0.137575
7 0.038080
8 -0.068181
9 -0.171847
10 0.053443
11 -0.068677
12 -0.166999
13 0.010634
14 0.031767
15 0.134109
16 0.015655
17 -0.172052
18 0.048397
19 -0.242766
20 0.066210
21 -0.087613
22 -0.087403
23 -0.160030
24 0.208138
25 0.093159
26 0.137716
27 -0.134272
28 0.161378
29 0.184558
30 -0.139358
31 -0.159925
32 0.083482
33 0.287722
34 0.188924
35 0.064366
36 -0.115457
37 -0.119659
38 0.135642
39 -0.135718
40 -0.062607
41 0.101042
42 0.030999
43 -0.043100
44 0.098170
45 -0.141828
46 -0.170128
47 0.080191
48 -0.017526
49 0.002172
50 0.228300
51 -0.101859
52 0.061834
53 -0.005861
54 0.158918
55 0.050942
56 0.133489
57 0.057853
58 -0.010912
59 -0.035518
60 0.029331
61 0.161683
62 0.149363
63 0.204694
64 -0.060427
65 -0.131577
66 0.046885
67 -0.122934
68 -0.072225
69 -0.104311
70 0.193581
71 -0.140210
72 -0.236239
73 0.076262
74 0.095452
75 0.237490
76 -0.032309
77 0.251622
78 -0.133975
79 -0.018235
80 -0.146852
81 -0.025301
82 0.198735
83 0.020224
84 -0.246619
85 0.082553
86 0.100069
87 -0.048404
88 0.188111
89 -0.058030
90 -0.248660
91 -0.013578
92 0.006409
93 -0.061074
94 0.189449
95 0.095876
96 -0.013391
97 0.010768
98 0.005747
99 0.114469
100 0.165720
101 -0.108896
102 -0.113311
103 0.232287
104 -0.034633
105 0.029363
106 0.092289
107 0.304762
108 0.079789
109 0.040639
110 -0.016190
111 -0.062810
112 0.268806
113 -0.029099
114 0.063966
115 0.111245
116 0.157845
117 0.090657
118 0.085909
119 0.207487
120 0.088551
121 0.089420
122 -0.291479
123 -0.009257
124 -0.140978
125 -0.182794
126 0.039760
127 -0.080002
128 -0.127067
129 -0.326968
130 0.134676
131 -0.122893
132 -0.146055
133 -0.156390
134 0.019816
135 -0.091536
136 -0.045439
137 0.071504
138 -0.223715
139 -0.055249
140 -0.072492
141 0.108680
142 0.107979
143 -0.120139
144 -0.022693
145 -0.072058
146 -0.008114
147 -0.188095
148 0.028823
149 0.021718
150 0.116308
151 -0.167298
152 -0.132509
153 0.198355
154 -0.182507
155 -0.001968
156 -0.026459
157 0.049044
158 0.325315
159 0.113571
160 0.129598
161 0.178439
162 -0.157033
163 0.182707
164 -0.072807
165 0.207607
166 0.148669
167 0.019252
168 0.185003
169 0.142152
170 -0.288144
171 0.179588
172 -0.034639
173 -0.011927
174 -0.269475
175 -0.072165
176 -0.069921
177 -0.182973
178 0.026576
179 -0.013787
180 -0.102102
181 -0.160518
182 -0.214763
183 -0.092389
184 -0.068856
185 -0.098062
186 -0.153351
187 -0.041741
188 -0.271147
189 0.158145
190 -0.021870
191 0.064259
192 0.049664
193 0.129817
194 -0.072133
195 0.090039
196 0.084969
197 0.053390
198 -0.007085
199 0.224307
200 0.145768
201 0.050931
202 0.080723
203 0.128948
204 0.131291
205 -0.072119
206 0.061996
207 0.147893
208 -0.009242
209 0.109751
210 -0.166590
211 -0.352361
212 -0.189228
213 0.052164
214 0.058951
215 0.123143
216 -0.078107
217 0.179609
218 0.057841
219 0.049051
220 -0.020862
221 -0.092688
222 0.178294
223 0.050027
224 0.009614
225 -0.057203
226 -0.069464
227 0.205251
228 0.136058
229 0.120393
230 -0.160458
231 0.073646
232 0.122785
233 0.000235
234 -0.035310
235 0.009508
236 0.124867
237 -0.051154
238 -0.103100
239 -0.016621
240 -0.002754
241 0.090472
242 -0.119602
243 -0.036303
244 0.017666
245 0.058160
246 0.055563
247 0.001625
248 -0.009194
249 0.058113
250 0.086112
251 -0.042532
252 0.027914
253 0.093062
254 0.028682
255 -0.071181
256 0.021229
257 0.123794
258 0.082087
259 -0.207753
260 0.111731
261 0.086897
262 0.051911
263 -0.022490
264 0.184160
265 0.083413
266 0.093724
267 0.011782
268 0.109515
269 -0.029003
270 0.038179
271 -0.092233
272 -0.038970
273 -0.122021
274 0.137187
275 0.111365
276 0.159864
277 -0.041838
278 0.099629
279 0.098160
280 -0.147388
281 -0.028991
282 0.090673
283 -0.028768
284 -0.038101
285 -0.067394
286 0.091624
287 0.133385
288 0.069796
289 -0.016186
290 0.033822
291 0.011557
292 0.021842
293 -0.007190
294 0.070193
295 -0.020788
296 0.032516
297 -0.142276
298 -0.060143
299 0.011552
300 -0.069224
301 0.128127
302 0.094970
303 0.048269
304 0.040219
305 0.134010
306 0.077075
307 0.087699
308 0.039978
309 -0.075312
310 0.065257
311 0.098750
312 0.069340
313 0.075338
314 0.048717
315 -0.079935
316 0.016634
317 -0.063150
318 0.008381
319 -0.054394
320 0.051135
321 0.064646
322 0.090672
323 -0.152890
324 0.031746
325 -0.015733
326 0.078556
327 0.117433
328 0.024327
329 0.094786
330 -0.059881
331 0.091149
332 0.061777
333 0.128420
334 -0.065013
335 -0.064056
336 -0.007409
337 0.063092
338 -0.042728
339 -0.083158
340 0.032643
341 -0.024887
342 -0.063825
343 -0.062033
344 -0.156379
345 0.028523
346 -0.072171
347 -0.075533
348 -0.195792
349 0.062423
350 0.051267
351 -0.082770
352 -0.145224
353 -0.004023
354 -0.067040
355 0.118091
356 0.023588
357 -0.055180
358 0.041209
359 0.015284
360 0.062454
361 -0.008253
362 -0.008975
363 -0.052806
364 -0.075389
365 -0.001591
366 0.034188
367 -0.090361
368 -0.067899
369 -0.016796
370 0.132886
371 -0.106182
372 0.091838
373 0.063484
374 -0.042854
375 -0.008360
376 0.021965
377 -0.116311
378 0.114696
379 0.104534
380 0.014612
381 -0.114953
382 -0.159217
383 0.051409
384 0.091310
385 0.125426
386 0.063511
387 -0.023918
388 0.058719
389 0.015133
390 0.062675
391 -0.027821
392 0.074597
393 0.019243
394 -0.026540
395 0.038481
396 0.020017
397 0.006336
398 -0.104373
399 0.090195
400 -0.084281
401 0.020263
402 0.130105
403 -0.011116
404 0.074449
405 -0.024391
406 0.140199
407 -0.121524
408 0.057970
409 -0.060770
410 0.079576
411 0.053568
412 0.068123
413 0.093551
414 -0.054240
415 -0.039122
416 -0.086776
417 -0.047372
418 0.067632
419 0.035744
420 -0.024469
421 0.105544
422 -0.076629
423 0.009601
424 -0.056732
425 0.067138
426 0.182992
427 0.066938
428 0.075115
429 0.180955
430 0.044459
431 -0.103452
432 0.086222
433 -0.002667
434 -0.082619
435 -0.054158
436 0.076631
437 0.044255
438 0.003438
439 0.056891
440 -0.251616
441 0.019991
442 0.256739
443 0.052579
444 0.078898
445 0.018364
446 0.124055
447 0.026014
448 0.018242
449 0.024233
450 0.063013
451 0.038424
452 0.170752
453 0.054588
454 -0.058295
455 0.048801
456 -0.017125
457 0.075258
458 0.079634
459 -0.240909
460 -0.027415
461 -0.066282
462 -0.136308
463 -0.002691
464 -0.097366
465 0.073535
466 0.081477
467 0.011679
468 0.076406
469 0.027890
470 0.201143
471 0.029942
472 0.085039
473 -0.025680
474 -0.003040
475 -0.038820
476 0.106541
477 0.147667
478 -0.017379
479 -0.131265
480 0.162784
481 0.069006
482 -0.003989
483 0.013135
484 0.128567
485 0.108391
486 0.039660
487 0.044471
488 0.030115
489 -0.052036
490 0.128932
491 -0.120080
492 0.042111
493 -0.065459
494 0.095591
495 0.067147
496 0.122627
497 0.005961
498 -0.025310
499 -0.089722
500 0.118686
501 0.046789
502 0.000008
503 0.056424
504 0.030572
505 0.131337
506 -0.034491
507 0.108880
508 -0.037507
509 0.100822
510 -0.002225
511 0.101771
512 0.116910
513 -0.279114
514 -0.039233
515 -0.142814
516 -0.011397
517 -0.053271
518 -0.119521
519 -0.210312
520 0.060356
521 -0.015150
522 -0.124565
523 -0.102176
524 -0.229414
525 -0.048149
526 -0.057970
527 -0.029781
528 0.055478
529 -0.063854
530 -0.121262
531 -0.158007
532 0.235460
533 -0.036450
534 -0.014694
535 -0.227641
536 -0.031066
537 -0.259950
538 0.109353
539 -0.045934
540 0.123113
541 -0.056418
542 0.064545
543 -0.066900
544 0.035430
545 0.022508
546 0.020048
547 -0.189045
548 -0.058349
549 -0.021607
550 -0.031163
551 0.021302
552 -0.015529
553 -0.285671
554 0.059314
555 -0.108419
556 -0.096725
557 0.011808
558 -0.221922
559 -0.122209
560 -0.185346
561 0.023056
562 -0.127227
563 0.036262
564 -0.014650
565 -0.075400
566 0.023694
567 -0.027049
568 -0.050535
569 0.030279
570 -0.082310
571 -0.074933
572 -0.106043
573 -0.083939
574 -0.016931
575 0.069630
576 0.150149
577 -0.058462
578 -0.067611
579 -0.154863
580 -0.081846
581 -0.085208
582 -0.005372
583 -0.172925
584 0.178062
585 -0.122042
586 -0.109511
587 -0.102292
588 -0.030237
589 0.044339
590 0.034970
591 -0.158484
592 -0.185612
593 -0.050669
594 -0.040523
595 0.046680
596 -0.002942
597 -0.111810
598 -0.013633
599 0.095471
600 -0.052836
601 -0.057198
602 0.058908
603 0.016222
604 -0.102067
605 -0.126040
606 -0.080554
607 -0.044618
608 -0.042952
609 -0.027061
610 -0.078790
611 -0.064373
612 -0.059834
613 -0.076356
614 -0.038079
615 -0.014231
616 -0.125780
617 -0.026463
618 -0.063943
619 -0.057925
620 0.002238
621 -0.005590
622 -0.016486
623 -0.012449
624 -0.064554
625 -0.123940
626 -0.111536
627 0.010286
628 -0.118300
629 -0.102305
630 -0.037216
631 -0.053991
632 -0.056399
633 -0.051070
634 -0.081968
635 -0.006294
636 -0.186935
637 -0.082539
638 -0.057673
639 0.099416
640 -0.160336
641 -0.031845
642 -0.071432
643 0.085971
644 -0.107293
645 0.058538
646 0.043781
647 -0.108113
648 0.032533
649 -0.047949
650 -0.066091
651 -0.029996
652 -0.078738
653 0.093713
654 -0.229482
655 -0.007992
656 -0.051955
657 0.129098
658 0.086633
659 -0.206575
660 0.028646
661 -0.104092
662 -0.149838
663 -0.021091
664 0.090162
665 -0.124913
666 0.070580
667 -0.138289
668 -0.004212
669 -0.156502
670 0.147292
671 -0.029926
672 0.031537
673 -0.035619
674 -0.206355
675 -0.076587
676 0.024946
677 -0.037014
678 0.005810
679 0.131631
680 0.083306
681 -0.089457
682 -0.147413
683 -0.234090
684 0.144059
685 0.222296
686 0.025728
687 -0.242989
688 0.000324
689 -0.027849
690 0.060525
691 0.161742
692 -0.091395
693 -0.145662
694 0.034761
695 -0.156175
696 -0.195021
697 0.245027
698 0.179457
699 0.022165
700 -0.015748
701 0.055258
702 0.040687
703 0.136736
704 -0.200416
705 0.155130
706 -0.063504
707 0.141691
708 0.104805
709 -0.005132
710 -0.321586
711 -0.110710
712 -0.186882
713 -0.024950
714 -0.241938
715 0.066999
716 0.052276
717 0.070320
718 0.024081
719 0.023813
720 0.007158
721 -0.001919
722 -0.147791
723 0.009251
724 -0.043956
725 -0.013833
726 0.120952
727 -0.139393
728 -0.113630
729 -0.264391
730 -0.087614
731 -0.265804
732 0.148122
733 0.111080
734 -0.289789
735 -0.166307
736 -0.041590
737 -0.117113
738 -0.125726
739 -0.055380
740 -0.011440
741 0.085301
742 0.124598
743 -0.033397
744 -0.006677
745 -0.030212
746 -0.069678
747 0.010385
748 0.154653
749 -0.080116
750 -0.017705
751 -0.003185
752 -0.107709
753 0.104353
754 0.258102
755 0.123716
756 0.079670
757 -0.177299
758 0.131402
759 0.294699
760 0.155582
761 -0.105379
762 0.075578
763 -0.004789
764 0.075941
765 0.021853
766 0.148580
767 -0.049829
768 -0.121095
769 0.081230
770 -0.086020
771 -0.265504
772 -0.093285
773 -0.016398
774 0.121041
775 -0.122977
776 0.080580
777 0.196328
778 -0.001557
779 -0.111054
780 -0.151065
781 0.333187
782 0.049248
783 -0.057457
784 -0.124705
785 -0.061975
786 -0.113920
787 0.076556
788 0.137381
789 -0.012969
790 0.092024
791 0.100313
792 0.131877
793 -0.058330
794 -0.031228
795 -0.169081
796 -0.073709
797 0.109560
798 -0.114940
799 0.122347
800 -0.070063
801 0.039364
802 0.402098
803 -0.019645
804 -0.231196
805 0.118619
806 0.009749
807 -0.019924
808 -0.053922
809 0.002968
810 -0.071032
811 0.007291
812 -0.085968
813 -0.102236
814 -0.054327
815 -0.248292
816 -0.113913
817 0.017121
818 -0.130505
819 -0.130670
820 0.136209
821 -0.009759
822 -0.039781
823 -0.011669
824 -0.086896
825 0.256095
826 0.210707
827 0.166375
828 0.335807
829 0.148692
830 -0.267564
831 0.322722
832 -0.051484
833 0.104918
834 -0.035806
835 0.053620
836 0.032650
837 0.353636
838 0.118962
839 -0.064536
840 -0.037249
841 -0.018136
842 0.113068
843 0.190708
844 0.119566
845 0.058318
846 0.258068
847 0.026548
848 -0.029506
849 -0.107479
850 0.008936
851 0.055798
852 0.195010
853 0.016848
854 -0.162104
855 -0.234333
856 -0.019137
857 -0.096689
858 -0.043064
859 -0.146615
860 0.309119
861 0.076702
862 0.097570
863 -0.037180
864 -0.071417
865 -0.091499
866 0.126410
867 0.053466
868 -0.161861
869 -0.080253
870 0.085802
871 -0.043324
872 -0.051264
873 0.178162
874 0.073009
875 0.249458
876 -0.228389
877 -0.103976
878 0.052362
879 -0.152225
880 0.119355
881 0.142020
882 0.120643
883 0.126695
884 0.092628
885 -0.158501
886 0.077075
887 0.132990
888 -0.026834
889 0.031764
890 -0.009849
891 0.137089
892 -0.109055
893 0.354499
894 -0.129795
895 -0.029020
896 -0.101509
897 0.073730
898 0.220271
899 0.160292
900 -0.163081
901 0.161608
902 -0.011504
903 -0.270354
904 0.003138
905 -0.219174
906 -0.029182
907 -0.059776
908 0.049526
909 0.001432
910 -0.018504
911 -0.149821
912 0.052522
913 0.189874
914 -0.011501
915 0.073429
916 -0.186085
917 0.039973
918 0.104450
919 -0.035884
920 0.063095
921 -0.225657
922 -0.173671
923 -0.034110
924 0.088042
925 0.010779
926 0.093952
927 0.176144
928 0.081557
929 -0.008454
930 0.148626
931 -0.310015
932 -0.129651
933 0.010900
934 -0.097954
935 0.314199
936 0.193561
937 0.256560
938 -0.108677
939 -0.214934
940 0.037700
941 0.197602
942 0.098301
943 -0.083928
944 -0.003483
945 0.127819
946 -0.013971
947 -0.078098
948 0.078849
949 -0.008062
950 -0.171558
951 -0.188307
952 0.002494
953 -0.096898
954 -0.053618
955 0.252312
956 0.016050
957 -0.135016
958 -0.043483
959 0.009366
960 -0.181733
961 0.035227
962 -0.019105
963 -0.147370
964 0.020288
965 0.147930
966 0.168028
967 -0.090981
968 -0.147516
969 -0.187425
970 0.081607
971 -0.149864
972 -0.119666
973 0.053118
974 0.140608
975 0.176693
976 0.126586
977 -0.264632
978 0.124193
979 -0.055647
980 -0.086673
981 -0.079466
982 0.082225
983 0.197480
984 0.179173
985 0.087073
986 0.001529
987 -0.175822
988 -0.148801
989 -0.144525
990 -0.105466
991 -0.178248
992 0.088949
993 0.027703
994 0.175568
995 -0.116822
996 0.322572
997 -0.081982
998 -0.207542
999 -0.046158
1000 0.245007
1001 0.222348
1002 -0.118875
1003 -0.100611
1004 0.023026
1005 -0.128053
1006 0.131399
1007 0.012640
1008 0.027047
1009 0.088489
1010 0.068856
1011 -0.063357
1012 -0.081677
1013 -0.075352
1014 -0.043160
1015 0.120573
1016 0.025213
1017 0.239604
1018 0.098954
1019 0.252346
1020 -0.071883
1021 0.031688
1022 0.083792
1023 0.012767
1024 -0.164107
1025 -0.145449
1026 0.170394
1027 -0.025261
1028 0.184183
1029 0.081765
1030 0.047042
1031 -0.229628
1032 0.001395
1033 0.269575
1034 -0.062021
1035 -0.031813
1036 -0.046303
1037 -0.155343
1038 0.048771
1039 -0.090349
1040 0.044514
1041 -0.176386
1042 -0.016165
1043 -0.004468
1044 0.067890
1045 0.041729
1046 -0.139064
1047 0.240965
1048 -0.235074
1049 0.058733
1050 -0.151675
1051 0.090954
1052 -0.207195
1053 0.029722
1054 0.126476
1055 -0.209537
1056 -0.264144
1057 -0.072102
1058 0.048406
1059 0.106812
1060 -0.162174
1061 -0.034305
1062 -0.278653
1063 -0.180716
1064 0.248144
1065 -0.010152
1066 -0.152503
1067 -0.313625
1068 -0.171848
1069 0.071587
1070 0.181634
1071 -0.075489
1072 0.046534
1073 -0.076615
1074 0.068200
1075 -0.038351
1076 0.108500
1077 -0.126265
1078 0.086142
1079 0.022685
1080 -0.080153
1081 -0.219946
1082 0.030202
1083 -0.019284
1084 0.046592
1085 -0.178202
1086 0.205191
1087 -0.010331
1088 0.016581
1089 -0.036180
1090 -0.004557
1091 -0.035223
1092 -0.094897
1093 0.030138
1094 -0.052318
1095 0.082815
1096 -0.057302
1097 -0.078508
1098 -0.138208
1099 0.200383
1100 -0.032867
1101 -0.035724
1102 -0.068024
1103 -0.068406
1104 0.080819
1105 -0.074134
1106 0.036142
1107 -0.015973
1108 -0.170836
1109 0.004647
1110 -0.002705
1111 -0.054683
1112 -0.087840
1113 -0.057151
1114 -0.082164
1115 0.121445
1116 -0.101710
1117 -0.209687
1118 0.028959
1119 0.155527
1120 -0.179283
1121 -0.102022
1122 0.031398
1123 -0.314272
1124 -0.135828
1125 0.137430
1126 -0.107232
1127 0.046812
1128 0.140211
1129 0.059309
1130 -0.072859
1131 -0.056456
1132 -0.038958
1133 -0.051916
1134 0.009520
1135 -0.118340
1136 -0.211690
1137 0.064439
1138 0.115391
1139 0.146272
1140 -0.136468
1141 0.054504
1142 -0.033393
1143 -0.024384
1144 -0.180077
1145 0.074473
1146 -0.137932
1147 -0.224753
1148 0.036128
1149 -0.030481
1150 -0.041813
1151 -0.148460
1152 0.205148
1153 0.158182
1154 -0.123784
1155 -0.000326
1156 -0.005855
1157 0.052724
1158 -0.010017
1159 -0.055887
1160 0.025778
1161 -0.098843
1162 0.050550
1163 -0.188502
1164 -0.005874
1165 0.135857
1166 0.258236
1167 0.169625
1168 0.076844
1169 -0.023449
1170 0.104945
1171 -0.073723
1172 -0.037367
1173 -0.092804
1174 0.016165
1175 -0.075355
1176 0.103316
1177 0.049989
1178 0.282178
1179 -0.242876
1180 0.105776
1181 -0.018810
1182 -0.037394
1183 0.179501
1184 -0.043166
1185 -0.160530
1186 -0.089989
1187 -0.113164
1188 0.066388
1189 -0.057014
1190 -0.095937
1191 0.111198
1192 0.084969
1193 -0.096411
1194 -0.031869
1195 0.142285
1196 -0.168544
1197 0.038662
1198 -0.224511
1199 0.186146
1200 0.078986
1201 0.004484
1202 -0.037842
1203 -0.045721
1204 -0.078117
1205 -0.100488
1206 -0.010640
1207 0.252719
1208 0.122984
1209 -0.019234
1210 -0.246204
1211 -0.105347
1212 0.121187
1213 -0.108144
1214 0.113791
1215 0.089119
0 -0.080762
1 -0.176495
2 -0.050518
3 -0.074871
4 -0.143473
5 -0.132361
6 0.137575
7 0.038080
8 -0.068181
9 -0.171847
10 0.053443
11 -0.068677
12 -0.166999
13 0.010634
14 0.031767
15 0.134109
16 0.015655
17 -0.172052
18 0.048397
19 -0.242766
20 0.066210
21 -0.087613
22 -0.087403
23 -0.160030
24 0.208138
25 0.093159
26 0.137716
27 -0.134272
28 0.161378
29 0.184558
30 -0.139358
31 -0.159925
32 0.083482
33 0.287722
34 0.188924
35 0.064366
36 -0.115457
37 -0.119659
38 0.135642
39 -0.135718
40 -0.062607
41 0.101042
42 0.030999
43 -0.043100
44 0.098170
45 -0.141828
46 -0.170128
47 0.080191
48 -0.017526
49 0.002172
50 0.228300
51 -0.101859
52 0.061834
53 -0.005861
54 0.158918
55 0.050942
56 0.133489
57 0.057853
58 -0.010912
59 -0.035518
60 0.029331
61 0.161683
62 0.149363
63 0.204694
64 -0.060427
65 -0.131577
66 0.046885
67 -0.122934
68 -0.072225
69 -0.104311
70 0.193581
71 -0.140210
72 -0.236239
73 0.076262
74 0.095452
75 0.237490
76 -0.032309
77 0.251622
78 -0.133975
79 -0.018235
80 -0.146852
81 -0.025301
82 0.198735
83 0.020224
84 -0.246619
85 0.082553
86 0.100069
87 -0.048404
88 0.188111
89 -0.058030
90 -0.248660
91 -0.013578
92 0.006409
93 -0.061074
94 0.189449
95 0.095876
96 -0.013391
97 0.010768
98 0.005747
99 0.114469
100 0.165720
101 -0.108896
102 -0.113311
103 0.232287
104 -0.034633
105 0.029363
106 0.092289
107 0.304762
108 0.079789
109 0.040639
110 -0.016190
111 -0.062810
112 0.268806
113 -0.029099
114 0.063966
115 0.111245
116 0.157845
117 0.090657
118 0.085909
119 0.207487
120 0.088551
121 0.089420
122 -0.291479
123 -0.009257
124 -0.140978
125 -0.182794
126 0.039760
127 -0.080002
128 -0.127067
129 -0.326968
130 0.134676
131 -0.122893
132 -0.146055
133 -0.156390
134 0.019816
135 -0.091536
136 -0.045439
137 0.071504
138 -0.223715
139 -0.055249
140 -0.072492
141 0.108680
142 0.107979
143 -0.120139
144 -0.022693
145 -0.072058
146 -0.008114
147 -0.188095
148 0.028823
149 0.021718
150 0.116308
151 -0.167298
152 -0.132509
153 0.198355
154 -0.182507
155 -0.001968
156 -0.026459
157 0.049044
158 0.325315
159 0.113571
160 0.129598
161 0.178439
162 -0.157033
163 0.182707
164 -0.072807
165 0.207607
166 0.148669
167 0.019252
168 0.185003
169 0.142152
170 -0.288144
171 0.179588
172 -0.034639
173 -0.011927
174 -0.269475
175 -0.072165
176 -0.069921
177 -0.182973
178 0.026576
179 -0.013787
180 -0.102102
181 -0.160518
182 -0.214763
183 -0.092389
184 -0.068856
185 -0.098062
186 -0.153351
187 -0.041741
188 -0.271147
189 0.158145
190 -0.021870
191 0.064259
192 0.049664
193 0.129817
194 -0.072133
195 0.090039
196 0.084969
197 0.053390
198 -0.007085
199 0.224307
200 0.145768
201 0.050931
202 0.080723
203 0.128948
204 0.131291
205 -0.072119
206 0.061996
207 0.147893
208 -0.009242
209 0.109751
210 -0.166590
211 -0.352361
212 -0.189228
213 0.052164
214 0.058951
215 0.123143
216 -0.078107
217 0.179609
218 0.057841
219 0.049051
220 -0.020862
221 -0.092688
222 0.178294
223 0.050027
224 0.009614
225 -0.057203
226 -0.069464
227 0.205251
228 0.136058
229 0.120393
230 -0.160458
231 0.073646
232 0.122785
233 0.000235
234 -0.035310
235 0.009508
236 0.124867
237 -0.051154
238 -0.103100
239 -0.016621
240 -0.002754
241 0.090472
242 -0.119602
243 -0.036303
244 0.017666
245 0.058160
246 0.055563
247 0.001625
248 -0.009194
249 0.058113
250 0.086112
251 -0.042532
252 0.027914
253 0.093062
254 0.028682
255 -0.071181
256 0.021229
257 0.123794
258 0.082087
259 -0.207753
260 0.111731
261 0.086897
262 0.051911
263 -0.022490
264 0.184160
265 0.083413
266 0.093724
267 0.011782
268 0.109515
269 -0.029003
270 0.038179
271 -0.092233
272 -0.038970
273 -0.122021
274 0.137187
275 0.111365
276 0.159864
277 -0.041838
278 0.099629
279 0.098160
280 -0.147388
281 -0.028991
282 0.090673
283 -0.028768
284 -0.038101
285 -0.067394
286 0.091624
287 0.133385
288 0.069796
289 -0.016186
290 0.033822
291 0.011557
292 0.021842
293 -0.007190
294 0.070193
295 -0.020788
296 0.032516
297 -0.142276
298 -0.060143
299 0.011552
300 -0.069224
301 0.128127
302 0.094970
303 0.048269
304 0.040219
305 0.134010
306 0.077075
307 0.087699
308 0.039978
309 -0.075312
310 0.065257
311 0.098750
312 0.069340
313 0.075338
314 0.048717
315 -0.079935
316 0.016634
317 -0.063150
318 0.008381
319 -0.054394
320 0.051135
321 0.064646
322 0.090672
323 -0.152890
324 0.031746
325 -0.015733
326 0.078556
327 0.117433
328 0.024327
329 0.094786
330 -0.059881
331 0.091149
332 0.061777
333 0.128420
334 -0.065013
335 -0.064056
336 -0.007409
337 0.063092
338 -0.042728
339 -0.083158
340 0.032643
341 -0.024887
342 -0.063825
343 -0.062033
344 -0.156379
345 0.028523
346 -0.072171
347 -0.075533
348 -0.195792
349 0.062423
350 0.051267
351 -0.082770
352 -0.145224
353 -0.004023
354 -0.067040
355 0.118091
356 0.023588
357 -0.055180
358 0.041209
359 0.015284
360 0.062454
361 -0.008253
362 -0.008975
363 -0.052806
364 -0.075389
365 -0.001591
366 0.034188
367 -0.090361
368 -0.067899
369 -0.016796
370 0.132886
371 -0.106182
372 0.091838
373 0.063484
374 -0.042854
375 -0.008360
376 0.021965
377 -0.116311
378 0.114696
379 0.104534
380 0.014612
381 -0.114953
382 -0.159217
383 0.051409
384 0.091310
385 0.125426
386 0.063511
387 -0.023918
388 0.058719
389 0.015133
390 0.062675
391 -0.027821
392 0.074597
393 0.019243
394 -0.026540
395 0.038481
396 0.020017
397 0.006336
398 -0.104373
399 0.090195
400 -0.084281
401 0.020263
402 0.130105
403 -0.011116
404 0.074449
405 -0.024391
406 0.140199
407 -0.121524
408 0.057970
409 -0.060770
410 0.079576
411 0.053568
412 0.068123
413 0.093551
414 -0.054240
415 -0.039122
416 -0.086776
417 -0.047372
418 0.067632
419 0.035744
420 -0.024469
421 0.105544
422 -0.076629
423 0.009601
424 -0.056732
425 0.067138
426 0.182992
427 0.066938
428 0.075115
429 0.180955
430 0.044459
431 -0.103452
432 0.086222
433 -0.002667
434 -0.082619
435 -0.054158
436 0.076631
437 0.044255
438 0.003438
439 0.056891
440 -0.251616
441 0.019991
442 0.256739
443 0.052579
444 0.078898
445 0.018364
446 0.124055
447 0.026014
448 0.018242
449 0.024233
450 0.063013
451 0.038424
452 0.170752
453 0.054588
454 -0.058295
455 0.048801
456 -0.017125
457 0.075258
458 0.079634
459 -0.240909
460 -0.027415
461 -0.066282
462 -0.136308
463 -0.002691
464 -0.097366
465 0.073535
466 0.081477
467 0.011679
468 0.076406
469 0.027890
470 0.201143
471 0.029942
472 0.085039
473 -0.025680
474 -0.003040
475 -0.038820
476 0.106541
477 0.147667
478 -0.017379
479 -0.131265
480 0.162784
481 0.069006
482 -0.003989
483 0.013135
484 0.128567
485 0.108391
486 0.039660
487 0.044471
488 0.030115
489 -0.052036
490 0.128932
491 -0.120080
492 0.042111
493 -0.065459
494 0.095591
495 0.067147
496 0.122627
497 0.005961
498 -0.025310
499 -0.089722
500 0.118686
501 0.046789
502 0.000008
503 0.056424
504 0.030572
505 0.131337
506 -0.034491
507 0.108880
508 -0.037507
509 0.100822
510 -0.002225
511 0.101771
512 0.116910
513 -0.279114
514 -0.039233
515 -0.142814
516 -0.011397
517 -0.053271
518 -0.119521
519 -0.210312
520 0.060356
521 -0.015150
522 -0.124565
523 -0.102176
524 -0.229414
525 -0.048149
526 -0.057970
527 -0.029781
528 0.055478
529 -0.063854
530 -0.121262
531 -0.158007
532 0.235460
533 -0.036450
534 -0.014694
535 -0.227641
536 -0.031066
537 -0.259950
538 0.109353
539 -0.045934
540 0.123113
541 -0.056418
542 0.064545
543 -0.066900
544 0.035430
545 0.022508
546 0.020048
547 -0.189045
548 -0.058349
549 -0.021607
550 -0.031163
551 0.021302
552 -0.015529
553 -0.285671
554 0.059314
555 -0.108419
556 -0.096725
557 0.011808
558 -0.221922
559 -0.122209
560 -0.185346
561 0.023056
562 -0.127227
563 0.036262
564 -0.014650
565 -0.075400
566 0.023694
567 -0.027049
568 -0.050535
569 0.030279
570 -0.082310
571 -0.074933
572 -0.106043
573 -0.083939
574 -0.016931
575 0.069630
576 0.150149
577 -0.058462
578 -0.067611
579 -0.154863
580 -0.081846
581 -0.085208
582 -0.005372
583 -0.172925
584 0.178062
585 -0.122042
586 -0.109511
587 -0.102292
588 -0.030237
589 0.044339
590 0.034970
591 -0.158484
592 -0.185612
593 -0.050669
594 -0.040523
595 0.046680
596 -0.002942
597 -0.111810
598 -0.013633
599 0.095471
600 -0.052836
601 -0.057198
602 0.058908
603 0.016222
604 -0.102067
605 -0.126040
606 -0.080554
607 -0.044618
608 -0.042952
609 -0.027061
610 -0.078790
611 -0.064373
612 -0.059834
613 -0.076356
614 -0.038079
615 -0.014231
616 -0.125780
617 -0.026463
618 -0.063943
619 -0.057925
620 0.002238
621 -0.005590
622 -0.016486
623 -0.012449
624 -0.064554
625 -0.123940
626 -0.111536
627 0.010286
628 -0.118300
629 -0.102305
630 -0.037216
631 -0.053991
632 -0.056399
633 -0.051070
634 -0.081968
635 -0.006294
636 -0.186935
637 -0.082539
638 -0.057673
639 0.099416
640 -0.160336
641 -0.031845
642 -0.071432
643 0.085971
644 -0.107293
645 0.058538
646 0.043781
647 -0.108113
648 0.032533
649 -0.047949
650 -0.066091
651 -0.029996
652 -0.078738
653 0.093713
654 -0.229482
655 -0.007992
656 -0.051955
657 0.129098
658 0.086633
659 -0.206575
660 0.028646
661 -0.104092
662 -0.149838
663 -0.021091
664 0.090162
665 -0.124913
666 0.070580
667 -0.138289
668 -0.004212
669 -0.156502
670 0.147292
671 -0.029926
672 0.031537
673 -0.035619
674 -0.206355
675 -0.076587
676 0.024946
677 -0.037014
678 0.005810
679 0.131631
680 0.083306
681 -0.089457
682 -0.147413
683 -0.234090
684 0.144059
685 0.222296
686 0.025728
687 -0.242989
688 0.000324
689 -0.027849
690 0.060525
691 0.161742
692 -0.091395
693 -0.145662
694 0.034761
695 -0.156175
696 -0.195021
697 0.245027
698 0.179457
699 0.022165
700 -0.015748
701 0.055258
702 0.040687
703 0.136736
704 -0.200416
705 0.155130
706 -0.063504
707 0.141691
708 0.104805
709 -0.005132
710 -0.321586
711 -0.110710
712 -0.186882
713 -0.024950
714 -0.241938
715 0.066999
716 0.052276
717 0.070320
718 0.024081
719 0.023813
720 0.007158
721 -0.001919
722 -0.147791
723 0.009251
724 -0.043956
725 -0.013833
726 0.120952
727 -0.139393
728 -0.113630
729 -0.264391
730 -0.087614
731 -0.265804
732 0.148122
733 0.111080
734 -0.289789
735 -0.166307
736 -0.041590
737 -0.117113
738 -0.125726
739 -0.055380
740 -0.011440
741 0.085301
742 0.124598
743 -0.033397
744 -0.006677
745 -0.030212
746 -0.069678
747 0.010385
748 0.154653
749 -0.080116
750 -0.017705
751 -0.003185
752 -0.107709
753 0.104353
754 0.258102
755 0.123716
756 0.079670
757 -0.177299
758 0.131402
759 0.294699
760 0.155582
761 -0.105379
762 0.075578
763 -0.004789
764 0.075941
765 0.021853
766 0.148580
767 -0.049829
768 -0.121095
769 0.081230
770 -0.086020
771 -0.265504
772 -0.093285
773 -0.016398
774 0.121041
775 -0.122977
776 0.080580
777 0.196328
778 -0.001557
779 -0.111054
780 -0.151065
781 0.333187
782 0.049248
783 -0.057457
784 -0.124705
785 -0.061975
786 -0.113920
787 0.076556
788 0.137381
789 -0.012969
790 0.092024
791 0.100313
792 0.131877
793 -0.058330
794 -0.031228
795 -0.169081
796 -0.073709
797 0.109560
798 -0.114940
799 0.122347
800 -0.070063
801 0.039364
802 0.402098
803 -0.019645
804 -0.231196
805 0.118619
806 0.009749
807 -0.019924
808 -0.053922
809 0.002968
810 -0.071032
811 0.007291
812 -0.085968
813 -0.102236
814 -0.054327
815 -0.248292
816 -0.113913
817 0.017121
818 -0.130505
819 -0.130670
820 0.136209
821 -0.009759
822 -0.039781
823 -0.011669
824 -0.086896
825 0.256095
826 0.210707
827 0.166375
828 0.335807
829 0.148692
830 -0.267564
831 0.322722
832 -0.051484
833 0.104918
834 -0.035806
835 0.053620
836 0.032650
837 0.353636
838 0.118962
839 -0.064536
840 -0.037249
841 -0.018136
842 0.113068
843 0.190708
844 0.119566
845 0.058318
846 0.258068
847 0.026548
848 -0.029506
849 -0.107479
850 0.008936
851 0.055798
852 0.195010
853 0.016848
854 -0.162104
855 -0.234333
856 -0.019137
857 -0.096689
858 -0.043064
859 -0.146615
860 0.309119
861 0.076702
862 0.097570
863 -0.037180
864 -0.071417
865 -0.091499
866 0.126410
867 0.053466
868 -0.161861
869 -0.080253
870 0.085802
871 -0.043324
872 -0.051264
873 0.178162
874 0.073009
875 0.249458
876 -0.228389
877 -0.103976
878 0.052362
879 -0.152225
880 0.119355
881 0.142020
882 0.120643
883 0.126695
884 0.092628
885 -0.158501
886 0.077075
887 0.132990
888 -0.026834
889 0.031764
890 -0.009849
891 0.137089
892 -0.109055
893 0.354499
894 -0.129795
895 -0.029020
896 -0.101509
897 0.073730
898 0.220271
899 0.160292
900 -0.163081
901 0.161608
902 -0.011504
903 -0.270354
904 0.003138
905 -0.219174
906 -0.029182
907 -0.059776
908 0.049526
909 0.001432
910 -0.018504
911 -0.149821
912 0.052522
913 0.189874
914 -0.011501
915 0.073429
916 -0.186085
917 0.039973
918 0.104450
919 -0.035884
920 0.063095
921 -0.225657
922 -0.173671
923 -0.034110
924 0.088042
925 0.010779
926 0.093952
927 0.176144
928 0.081557
929 -0.008454
930 0.148626
931 -0.310015
932 -0.129651
933 0.010900
934 -0.097954
935 0.314199
936 0.193561
937 0.256560
938 -0.108677
939 -0.214934
940 0.037700
941 0.197602
942 0.098301
943 -0.083928
944 -0.003483
945 0.127819
946 -0.013971
947 -0.078098
948 0.078849
949 -0.008062
950 -0.171558
951 -0.188307
952 0.002494
953 -0.096898
954 -0.053618
955 0.252312
956 0.016050
957 -0.135016
958 -0.043483
959 0.009366
960 -0.181733
961 0.035227
962 -0.019105
963 -0.147370
964 0.020288
965 0.147930
966 0.168028
967 -0.090981
968 -0.147516
969 -0.187425
970 0.081607
971 -0.149864
972 -0.119666
973 0.053118
974 0.140608
975 0.176693
976 0.126586
977 -0.264632
978 0.124193
979 -0.055647
980 -0.086673
981 -0.079466
982 0.082225
983 0.197480
984 0.179173
985 0.087073
986 0.001529
987 -0.175822
988 -0.148801
989 -0.144525
990 -0.105466
991 -0.178248
992 0.088949
993 0.027703
994 0.175568
995 -0.116822
996 0.322572
997 -0.081982
998 -0.207542
999 -0.046158
1000 0.245007
1001 0.222348
1002 -0.118875
1003 -0.100611
1004 0.023026
1005 -0.128053
1006 0.131399
1007 0.012640
1008 0.027047
1009 0.088489
1010 0.068856
1011 -0.063357
1012 -0.081677
1013 -0.075352
1014 -0.043160
1015 0.120573
1016 0.025213
1017 0.239604
1018 0.098954
1019 0.252346
1020 -0.071883
1021 0.031688
1022 0.083792
1023 0.012767
1024 -0.164107
1025 -0.145449
1026 0.170394
1027 -0.025261
1028 0.184183
1029 0.081765
1030 0.047042
1031 -0.229628
1032 0.001395
1033 0.269575
1034 -0.062021
1035 -0.031813
1036 -0.046303
1037 -0.155343
1038 0.048771
1039 -0.090349
1040 0.044514
1041 -0.176386
1042 -0.016165
1043 -0.004468
1044 0.067890
1045 0.041729
1046 -0.139064
1047 0.240965
1048 -0.235074
1049 0.058733
1050 -0.151675
1051 0.090954
1052 -0.207195
1053 0.029722
1054 0.126476
1055 -0.209537
1056 -0.264144
1057 -0.072102
1058 0.048406
1059 0.106812
1060 -0.162174
1061 -0.034305
1062 -0.278653
1063 -0.180716
1064 0.248144
1065 -0.010152
1066 -0.152503
1067 -0.313625
1068 -0.171848
1069 0.071587
1070 0.181634
1071 -0.075489
1072 0.046534
1073 -0.076615
1074 0.068200
1075 -0.038351
1076 0.108500
1077 -0.126265
1078 0.086142
1079 0.022685
1080 -0.080153
1081 -0.219946
1082 0.030202
1083 -0.019284
1084 0.046592
1085 -0.178202
1086 0.205191
1087 -0.010331
1088 0.016581
1089 -0.036180
1090 -0.004557
1091 -0.035223
1092 -0.094897
1093 0.030138
1094 -0.052318
1095 0.082815
1096 -0.057302
1097 -0.078508
1098 -0.138208
1099 0.200383
1100 -0.032867
1101 -0.035724
1102 -0.068024
1103 -0.068406
1104 0.080819
1105 -0.074134
1106 0.036142
1107 -0.015973
1108 -0.170836
1109 0.004647
1110 -0.002705
1111 -0.054683
1112 -0.087840
1113 -0.057151
1114 -0.082164
1115 0.121445
1116 -0.101710
1117 -0.209687
1118 0.028959
1119 0.155527
1120 -0.179283
1121 -0.102022
1122 0.031398
1123 -0.314272
1124 -0.135828
1125 0.137430
1126 -0.107232
1127 0.046812
1128 0.140211
1129 0.059309
1130 -0.072859
1131 -0.056456
1132 -0.038958
1133 -0.051916
1134 0.009520
1135 -0.118340
1136 -0.211690
1137 0.064439
1138 0.115391
1139 0.146272
1140 -0.136468
1141 0.054504
1142 -0.033393
1143 -0.024384
1144 -0.180077
1145 0.074473
1146 -0.137932
1147 -0.224753
1148 0.036128
1149 -0.030481
1150 -0.041813
1151 -0.148460
1152 0.205148
1153 0.158182
1154 -0.123784
1155 -0.000326
1156 -0.005855
1157 0.052724
1158 -0.010017
1159 -0.055887
1160 0.025778
1161 -0.098843
1162 0.050550
1163 -0.188502
1164 -0.005874
1165 0.135857
1166 0.258236
1167 0.169625
1168 0.076844
1169 -0.023449
1170 0.104945
1171 -0.073723
1172 -0.037367
1173 -0.092804
1174 0.016165
1175 -0.075355
1176 0.103316
1177 0.049989
1178 0.282178
1179 -0.242876
1180 0.105776
1181 -0.018810
1182 -0.037394
1183 0.179501
1184 -0.043166
1185 -0.160530
1186 -0.089989
1187 -0.113164
1188 0.066388
1189 -0.057014
1190 -0.095937
1191 0.111198
1192 0.084969
1193 -0.096411
1194 -0.031869
1195 0.142285
1196 -0.168544
1197 0.038662
1198 -0.224511
1199 0.186146
1200 0.078986
1201 0.004484
1202 -0.037842
1203 -0.045721
1204 -0.078117
1205 -0.100488
1206 -0.010640
1207 0.252719
1208 0.122984
1209 -0.019234
1210 -0.246204
1211 -0.105347
1212 0.121187
1213 -0.108144
1214 0.113791
1215 0.089119
0 -0.080762
1 -0.176495
2 -0.050518
3 -0.074871
4 -0.143473
5 -0.132361
6 0.137575
7 0.038080
8 -0.068181
9 -0.171847
10 0.053443
11 -0.068677
12 -0.166999
13 0.010634
14 0.031767
15 0.134109
16 0.015655
17 -0.172052
18 0.048397
19 -0.242766
20 0.066210
21 -0.087613
22 -0.087403
23 -0.160030
24 0.208138
25 0.093159
26 0.137716
27 -0.134272
28 0.161378
29 0.184558
30 -0.139358
31 -0.159925
32 0.083482
33 0.287722
34 0.188924
35 0.064366
36 -0.115457
37 -0.119659
38 0.135642
39 -0.135718
40 -0.062607
41 0.101042
42 0.030999
43 -0.043100
44 0.098170
45 -0.141828
46 -0.170128
47 0.080191
48 -0.017526
49 0.002172
50 0.228300
51 -0.101859
52 0.061834
53 -0.005861
54 0.158918
55 0.050942
56 0.133489
57 0.057853
58 -0.010912
59 -0.035518
60 0.029331
61 0.161683
62 0.149363
63 0.204694
64 -0.060427
65 -0.131577
66 0.046885
67 -0.122934
68 -0.072225
69 -0.104311
70 0.193581
71 -0.140210
72 -0.236239
73 0.076262
74 0.095452
75 0.237490
76 -0.032309
77 0.251622
78 -0.133975
79 -0.018235
80 -0.146852
81 -0.025301
82 0.198735
83 0.020224
84 -0.246619
85 0.082553
86 0.100069
87 -0.048404
88 0.188111
89 -0.058030
90 -0.248660
91 -0.013578
92 0.006409
93 -0.061074
94 0.189449
95 0.095876
96 -0.013391
97 0.010768
98 0.005747
99 0.114469
100 0.165720
101 -0.108896
102 -0.113311
103 0.232287
104 -0.034633
105 0.029363
106 0.092289
107 0.304762
108 0.079789
109 0.040639
110 -0.016190
111 -0.062810
112 0.268806
113 -0.029099
114 0.063966
115 0.111245
116 0.157845
117 0.090657
118 0.085909
119 0.207487
120 0.088551
121 0.089420
122 -0.291479
123 -0.009257
124 -0.140978
125 -0.182794
126 0.039760
127 -0.080002
128 -0.127067
129 -0.326968
130 0.134676
131 -0.122893
132 -0.146055
133 -0.156390
134 0.019816
135 -0.091536
136 -0.045439
137 0.071504
138 -0.223715
139 -0.055249
140 -0.072492
141 0.108680
142 0.107979
143 -0.120139
144 -0.022693
145 -0.072058
146 -0.008114
147 -0.188095
148 0.028823
149 0.021718
150 0.116308
151 -0.167298
152 -0.132509
153 0.198355
154 -0.182507
155 -0.001968
156 -0.026459
157 0.049044
158 0.325315
159 0.113571
160 0.129598
161 0.178439
162 -0.157033
163 0.182707
164 -0.072807
165 0.207607
166 0.148669
167 0.019252
168 0.185003
169 0.142152
170 -0.288144
171 0.179588
172 -0.034639
173 -0.011927
174 -0.269475
175 -0.072165
176 -0.069921
177 -0.182973
178 0.026576
179 -0.013787
180 -0.102102
181 -0.160518
182 -0.214763
183 -0.092389
184 -0.068856
185 -0.098062
186 -0.153351
187 -0.041741
188 -0.271147
189 0.158145
190 -0.021870
191 0.064259
192 0.049664
193 0.129817
194 -0.072133
195 0.090039
196 0.084969
197 0.053390
198 -0.007085
199 0.224307
200 0.145768
201 0.050931
202 0.080723
203 0.128948
204 0.131291
205 -0.072119
206 0.061996
207 0.147893
208 -0.009242
209 0.109751
210 -0.166590
211 -0.352361
212 -0.189228
213 0.052164
214 0.058951
215 0.123143
216 -0.078107
217 0.179609
218 0.057841
219 0.049051
220 -0.020862
221 -0.092688
222 0.178294
223 0.050027
224 0.009614
225 -0.057203
226 -0.069464
227 0.205251
228 0.136058
229 0.120393
230 -0.160458
231 0.073646
232 0.122785
233 0.000235
234 -0.035310
235 0.009508
236 0.124867
237 -0.051154
238 -0.103100
239 -0.016621
240 -0.002754
241 0.090472
242 -0.119602
243 -0.036303
244 0.017666
245 0.058160
246 0.055563
247 0.001625
248 -0.009194
249 0.058113
250 0.086112
251 -0.042532
252 0.027914
253 0.093062
254 0.028682
255 -0.071181
256 0.021229
257 0.123794
258 0.082087
259 -0.207753
260 0.111731
261 0.086897
262 0.051911
263 -0.022490
264 0.184160
265 0.083413
266 0.093724
267 0.011782
268 0.109515
269 -0.029003
270 0.038179
271 -0.092233
272 -0.038970
273 -0.122021
274 0.137187
275 0.111365
276 0.159864
277 -0.041838
278 0.099629
279 0.098160
280 -0.147388
281 -0.028991
282 0.090673
283 -0.028768
284 -0.038101
285 -0.067394
286 0.091624
287 0.133385
288 0.069796
289 -0.016186
290 0.033822
291 0.011557
292 0.021842
293 -0.007190
294 0.070193
295 -0.020788
296 0.032516
297 -0.142276
298 -0.060143
299 0.011552
300 -0.069224
301 0.128127
302 0.094970
303 0.048269
304 0.040219
305 0.134010
306 0.077075
307 0.087699
308 0.039978
309 -0.075312
310 0.065257
311 0.098750
312 0.069340
313 0.075338
314 0.048717
315 -0.079935
316 0.016634
317 -0.063150
318 0.008381
319 -0.054394
320 0.051135
321 0.064646
322 0.090672
323 -0.152890
324 0.031746
325 -0.015733
326 0.078556
327 0.117433
328 0.024327
329 0.094786
330 -0.059881
331 0.091149
332 0.061777
333 0.128420
334 -0.065013
335 -0.064056
336 -0.007409
337 0.063092
338 -0.042728
339 -0.083158
340 0.032643
341 -0.024887
342 -0.063825
343 -0.062033
344 -0.156379
345 0.028523
346 -0.072171
347 -0.075533
348 -0.195792
349 0.062423
350 0.051267
351 -0.082770
352 -0.145224
353 -0.004023
354 -0.067040
355 0.118091
356 0.023588
357 -0.055180
358 0.041209
359 0.015284
360 0.062454
361 -0.008253
362 -0.008975
363 -0.052806
364 -0.075389
365 -0.001591
366 0.034188
367 -0.090361
368 -0.067899
369 -0.016796
370 0.132886
371 -0.106182
372 0.091838
373 0.063484
374 -0.042854
375 -0.008360
376 0.021965
377 -0.116311
378 0.114696
379 0.104534
380 0.014612
381 -0.114953
382 -0.159217
383 0.051409
384 0.091310
385 0.125426
386 0.063511
387 -0.023918
388 0.058719
389 0.015133
390 0.062675
391 -0.027821
392 0.074597
393 0.019243
394 -0.026540
395 0.038481
396 0.020017
397 0.006336
398 -0.104373
399 0.090195
400 -0.084281
401 0.020263
402 0.130105
403 -0.011116
404 0.074449
405 -0.024391
406 0.140199
407 -0.121524
408 0.057970
409 -0.060770
410 0.079576
411 0.053568
412 0.068123
413 0.093551
414 -0.054240
415 -0.039122
416 -0.086776
417 -0.047372
418 0.067632
419 0.035744
420 -0.024469
421 0.105544
422 -0.076629
423 0.009601
424 -0.056732
425 0.067138
426 0.182992
427 0.066938
428 0.075115
429 0.180955
430 0.044459
431 -0.103452
432 0.086222
433 -0.002667
434 -0.082619
435 -0.054158
436 0.076631
437 0.044255
438 0.003438
439 0.056891
440 -0.251616
441 0.019991
442 0.256739
443 0.052579
444 0.078898
445 0.018364
446 0.124055
447 0.026014
448 0.018242
449 0.024233
450 0.063013
451 0.038424
452 0.170752
453 0.054588
454 -0.058295
455 0.048801
456 -0.017125
457 0.075258
458 0.079634
459 -0.240909
460 -0.027415
461 -0.066282
462 -0.136308
463 -0.002691
464 -0.097366
465 0.073535
466 0.081477
467 0.011679
468 0.076406
469 0.027890
470 0.201143
471 0.029942
472 0.085039
473 -0.025680
474 -0.003040
475 -0.038820
476 0.106541
477 0.147667
478 -0.017379
479 -0.131265
480 0.162784
481 0.069006
482 -0.003989
483 0.013135
484 0.128567
485 0.108391
486 0.039660
487 0.044471
488 0.030115
489 -0.052036
490 0.128932
491 -0.120080
492 0.042111
493 -0.065459
494 0.095591
495 0.067147
496 0.122627
497 0.005961
498 -0.025310
499 -0.089722
500 0.118686
501 0.046789
502 0.000008
503 0.056424
504 0.030572
505 0.131337
506 -0.034491
507 0.108880
508 -0.037507
509 0.100822
510 -0.002225
511 0.101771
512 0.116910
513 -0.279114
514 -0.039233
515 -0.142814
516 -0.011397
517 -0.053271
518 -0.119521
519 -0.210312
520 0.060356
521 -0.015150
522 -0.124565
523 -0.102176
524 -0.229414
525 -0.048149
526 -0.057970
527 -0.029781
528 0.055478
529 -0.063854
530 -0.121262
531 -0.158007
532 0.235460
533 -0.036450
534 -0.014694
535 -0.227641
536 -0.031066
537 -0.259950
538 0.109353
539 -0.045934
540 0.123113
541 -0.056418
542 0.064545
543 -0.066900
544 0.035430
545 0.022508
546 0.020048
547 -0.189045
548 -0.058349
549 -0.021607
550 -0.031163
551 0.021302
552 -0.015529
553 -0.285671
554 0.059314
555 -0.108419
556 -0.096725
557 0.011808
558 -0.221922
559 -0.122209
560 -0.185346
561 0.023056
562 -0.127227
563 0.036262
564 -0.014650
565 -0.075400
566 0.023694
567 -0.027049
568 -0.050535
569 0.030279
570 -0.082310
571 -0.074933
572 -0.106043
573 -0.083939
574 -0.016931
575 0.069630
576 0.150149
577 -0.058462
578 -0.067611
579 -0.154863
580 -0.081846
581 -0.085208
582 -0.005372
583 -0.172925
584 0.178062
585 -0.122042
586 -0.109511
587 -0.102292
588 -0.030237
589 0.044339
590 0.034970
591 -0.158484
592 -0.185612
593 -0.050669
594 -0.040523
595 0.046680
596 -0.002942
597 -0.111810
598 -0.013633
599 0.095471
600 -0.052836
601 -0.057198
602 0.058908
603 0.016222
604 -0.102067
605 -0.126040
606 -0.080554
607 -0.044618
608 -0.042952
609 -0.027061
610 -0.078790
611 -0.064373
612 -0.059834
613 -0.076356
614 -0.038079
615 -0.014231
616 -0.125780
617 -0.026463
618 -0.063943
619 -0.057925
620 0.002238
621 -0.005590
622 -0.016486
623 -0.012449
624 -0.064554
625 -0.123940
626 -0.111536
627 0.010286
628 -0.118300
629 -0.102305
630 -0.037216
631 -0.053991
632 -0.056399
633 -0.051070
634 -0.081968
635 -0.006294
636 -0.186935
637 -0.082539
638 -0.057673
639 0.099416
640 -0.160336
641 -0.031845
642 -0.071432
643 0.085971
644 -0.107293
645 0.058538
646 0.043781
647 -0.108113
648 0.032533
649 -0.047949
650 -0.066091
651 -0.029996
652 -0.078738
653 0.093713
654 -0.229482
655 -0.007992
656 -0.051955
657 0.129098
658 0.086633
659 -0.206575
660 0.028646
661 -0.104092
662 -0.149838
663 -0.021091
664 0.090162
665 -0.124913
666 0.070580
667 -0.138289
668 -0.004212
669 -0.156502
670 0.147292
671 -0.029926
672 0.031537
673 -0.035619
674 -0.206355
675 -0.076587
676 0.024946
677 -0.037014
678 0.005810
679 0.131631
680 0.083306
681 -0.089457
682 -0.147413
683 -0.234090
684 0.144059
685 0.222296
686 0.025728
687 -0.242989
688 0.000324
689 -0.027849
690 0.060525
691 0.161742
692 -0.091395
693 -0.145662
694 0.034761
695 -0.156175
696 -0.195021
697 0.245027
698 0.179457
699 0.022165
700 -0.015748
701 0.055258
702 0.040687
703 0.136736
704 -0.200416
705 0.155130
706 -0.063504
707 0.141691
708 0.104805
709 -0.005132
710 -0.321586
711 -0.110710
712 -0.186882
713 -0.024950
714 -0.241938
715 0.066999
716 0.052276
717 0.070320
718 0.024081
719 0.023813
720 0.007158
721 -0.001919
722 -0.147791
723 0.009251
724 -0.043956
725 -0.013833
726 0.120952
727 -0.139393
728 -0.113630
729 -0.264391
730 -0.087614
731 -0.265804
732 0.148122
733 0.111080
734 -0.289789
735 -0.166307
736 -0.041590
737 -0.117113
738 -0.125726
739 -0.055380
740 -0.011440
741 0.085301
742 0.124598
743 -0.033397
744 -0.006677
745 -0.030212
746 -0.069678
747 0.010385
748 0.154653
749 -0.080116
750 -0.017705
751 -0.003185
752 -0.107709
753 0.104353
754 0.258102
755 0.123716
756 0.079670
757 -0.177299
758 0.131402
759 0.294699
760 0.155582
761 -0.105379
762 0.075578
763 -0.004789
764 0.075941
765 0.021853
766 0.148580
767 -0.049829
768 -0.121095
769 0.081230
770 -0.086020
771 -0.265504
772 -0.093285
773 -0.016398
774 0.121041
775 -0.122977
776 0.080580
777 0.196328
778 -0.001557
779 -0.111054
780 -0.151065
781 0.333187
782 0.049248
783 -0.057457
784 -0.124705
785 -0.061975
786 -0.113920
787 0.076556
788 0.137381
789 -0.012969
790 0.092024
791 0.100313
792 0.131877
793 -0.058330
794 -0.031228
795 -0.169081
796 -0.073709
797 0.109560
798 -0.114940
799 0.122347
800 -0.070063
801 0.039364
802 0.402098
803 -0.019645
804 -0.231196
805 0.118619
806 0.009749
807 -0.019924
808 -0.053922
809 0.002968
810 -0.071032
811 0.007291
812 -0.085968
813 -0.102236
814 -0.054327
815 -0.248292
816 -0.113913
817 0.017121
818 -0.130505
819 -0.130670
820 0.136209
821 -0.009759
822 -0.039781
823 -0.011669
824 -0.086896
825 0.256095
826 0.210707
827 0.166375
828 0.335807
829 0.148692
830 -0.267564
831 0.322722
832 -0.051484
833 0.104918
834 -0.035806
835 0.053620
836 0.032650
837 0.353636
838 0.118962
839 -0.064536
840 -0.037249
841 -0.018136
842 0.113068
843 0.190708
844 0.119566
845 0.058318
846 0.258068
847 0.026548
848 -0.029506
849 -0.107479
850 0.008936
851 0.055798
852 0.195010
853 0.016848
854 -0.162104
855 -0.234333
856 -0.019137
857 -0.096689
858 -0.043064
859 -0.146615
860 0.309119
861 0.076702
862 0.097570
863 -0.037180
864 -0.071417
865 -0.091499
866 0.126410
867 0.053466
868 -0.161861
869 -0.080253
870 0.085802
871 -0.043324
872 -0.051264
873 0.178162
874 0.073009
875 0.249458
876 -0.228389
877 -0.103976
878 0.052362
879 -0.152225
880 0.119355
881 0.142020
882 0.120643
883 0.126695
884 0.092628
885 -0.158501
886 0.077075
887 0.132990
888 -0.026834
889 0.031764
890 -0.009849
891 0.137089
892 -0.109055
893 0.354499
894 -0.129795
895 -0.029020
896 -0.101509
897 0.073730
898 0.220271
899 0.160292
900 -0.163081
901 0.161608
902 -0.011504
903 -0.270354
904 0.003138
905 -0.219174
906 -0.029182
907 -0.059776
908 0.049526
909 0.001432
910 -0.018504
911 -0.149821
912 0.052522
913 0.189874
914 -0.011501
915 0.073429
916 -0.186085
917 0.039973
918 0.104450
919 -0.035884
920 0.063095
921 -0.225657
922 -0.173671
923 -0.034110
924 0.088042
925 0.010779
926 0.093952
927 0.176144
928 0.081557
929 -0.008454
930 0.148626
931 -0.310015
932 -0.129651
933 0.010900
934 -0.097954
935 0.314199
936 0.193561
937 0.256560
938 -0.108677
939 -0.214934
940 0.037700
941 0.197602
942 0.098301
943 -0.083928
944 -0.003483
945 0.127819
946 -0.013971
947 -0.078098
948 0.078849
949 -0.008062
950 -0.171558
951 -0.188307
952 0.002494
953 -0.096898
954 -0.053618
955 0.252312
956 0.016050
957 -0.135016
958 -0.043483
959 0.009366
960 -0.181733
961 0.035227
962 -0.019105
963 -0.147370
964 0.020288
965 0.147930
966 0.168028
967 -0.090981
968 -0.147516
969 -0.187425
970 0.081607
971 -0.149864
972 -0.119666
973 0.053118
974 0.140608
975 0.176693
976 0.126586
977 -0.264632
978 0.124193
979 -0.055647
980 -0.086673
981 -0.079466
982 0.082225
983 0.197480
984 0.179173
985 0.087073
986 0.001529
987 -0.175822
988 -0.148801
989 -0.144525
990 -0.105466
991 -0.178248
992 0.088949
993 0.027703
994 0.175568
995 -0.116822
996 0.322572
997 -0.081982
998 -0.207542
999 -0.046158
1000 0.245007
1001 0.222348
1002 -0.118875
1003 -0.100611
1004 0.023026
1005 -0.128053
1006 0.131399
1007 0.012640
1008 0.027047
1009 0.088489
1010 0.068856
1011 -0.063357
1012 -0.081677
1013 -0.075352
1014 -0.043160
1015 0.120573
1016 0.025213
1017 0.239604
1018 0.098954
1019 0.252346
1020 -0.071883
1021 0.031688
1022 0.083792
1023 0.012767
1024 -0.164107
1025 -0.145449
1026 0.170394
1027 -0.025261
1028 0.184183
1029 0.081765
1030 0.047042
1031 -0.229628
1032 0.001395
1033 0.269575
1034 -0.062021
1035 -0.031813
1036 -0.046303
1037 -0.155343
1038 0.048771
1039 -0.090349
1040 0.044514
1041 -0.176386
1042 -0.016165
1043 -0.004468
1044 0.067890
1045 0.041729
1046 -0.139064
1047 0.240965
1048 -0.235074
1049 0.058733
1050 -0.151675
1051 0.090954
1052 -0.207195
1053 0.029722
1054 0.126476
1055 -0.209537
1056 -0.264144
1057 -0.072102
1058 0.048406
1059 0.106812
1060 -0.162174
1061 -0.034305
1062 -0.278653
1063 -0.180716
1064 0.248144
1065 -0.010152
1066 -0.152503
1067 -0.313625
1068 -0.171848
1069 0.071587
1070 0.181634
1071 -0.075489
1072 0.046534
1073 -0.076615
1074 0.068200
1075 -0.038351
1076 0.108500
1077 -0.126265
1078 0.086142
1079 0.022685
1080 -0.080153
1081 -0.219946
1082 0.030202
1083 -0.019284
1084 0.046592
1085 -0.178202
1086 0.205191
1087 -0.010331
1088 0.016581
1089 -0.036180
1090 -0.004557
1091 -0.035223
1092 -0.094897
1093 0.030138
1094 -0.052318
1095 0.082815
1096 -0.057302
1097 -0.078508
1098 -0.138208
1099 0.200383
1100 -0.032867
1101 -0.035724
1102 -0.068024
1103 -0.068406
1104 0.080819
1105 -0.074134
1106 0.036142
1107 -0.015973
1108 -0.170836
1109 0.004647
1110 -0.002705
1111 -0.054683
1112 -0.087840
1113 -0.057151
1114 -0.082164
1115 0.121445
1116 -0.101710
1117 -0.209687
1118 0.028959
1119 0.155527
1120 -0.179283
1121 -0.102022
1122 0.031398
1123 -0.314272
1124 -0.135828
1125 0.137430
1126 -0.107232
1127 0.046812
1128 0.140211
1129 0.059309
1130 -0.072859
1131 -0.056456
1132 -0.038958
1133 -0.051916
1134 0.009520
1135 -0.118340
1136 -0.211690
1137 0.064439
1138 0.115391
1139 0.146272
1140 -0.136468
1141 0.054504
1142 -0.033393
1143 -0.024384
1144 -0.180077
1145 0.074473
1146 -0.137932
1147 -0.224753
1148 0.036128
1149 -0.030481
1150 -0.041813
1151 -0.148460
1152 0.205148
1153 0.158182
1154 -0.123784
1155 -0.000326
1156 -0.005855
1157 0.052724
1158 -0.010017
1159 -0.055887
1160 0.025778
1161 -0.098843
1162 0.050550
1163 -0.188502
1164 -0.005874
1165 0.135857
1166 0.258236
1167 0.169625
1168 0.076844
1169 -0.023449
1170 0.104945
1171 -0.073723
1172 -0.037367
1173 -0.092804
1174 0.016165
1175 -0.075355
1176 0.103316
1177 0.049989
1178 0.282178
1179 -0.242876
1180 0.105776
1181 -0.018810
1182 -0.037394
1183 0.179501
1184 -0.043166
1185 -0.160530
1186 -0.089989
1187 -0.113164
1188 0.066388
1189 -0.057014
1190 -0.095937
1191 0.111198
1192 0.084969
1193 -0.096411
1194 -0.031869
1195 0.142285
1196 -0.168544
1197 0.038662
1198 -0.224511
1199 0.186146
1200 0.078986
1201 0.004484
1202 -0.037842
1203 -0.045721
1204 -0.078117
1205 -0.100488
1206 -0.010640
1207 0.252719
1208 0.122984
1209 -0.019234
1210 -0.246204
1211 -0.105347
1212 0.121187
1213 -0.108144
1214 0.113791
1215 0.089119
0 -0.080762
1 0.047988
2 -0.078329
3 -0.113560
4 -0.009109
5 0.096129
6 0.140185
7 0.080872
8 -0.355403
9 0.182469
10 0.010519
11 -0.032100
12 -0.199551
13 -0.057709
14 -0.194364
15 0.008285
16 -0.002812
17 0.202610
18 0.131619
19 -0.064022
20 -0.294076
21 -0.022244
22 -0.115083
23 0.138811
24 0.230103
25 0.300252
26 0.144017
27 -0.110821
28 -0.050898
29 0.168151
30 -0.235329
31 0.044448
32 0.140791
33 -0.090156
34 0.181493
35 -0.235220
36 -0.160046
37 -0.087013
38 -0.059387
39 -0.181804
40 0.015343
41 0.072200
42 -0.124604
43 -0.092779
44 -0.040499
45 -0.114598
46 -0.026526
47 0.037093
48 -0.046814
49 -0.107720
50 0.055841
51 0.159816
52 0.018558
53 0.034944
54 0.076900
55 0.126204
56 -0.079901
57 0.106356
58 -0.070512
59 0.206215
60 0.053832
61 0.079582
62 -0.078860
63 0.030530
64 -0.116713
65 -0.192747
66 0.009299
67 -0.010027
68 -0.175753
69 0.275499
70 0.130348
71 0.038121
72 -0.000118
73 -0.078523
74 -0.047309
75 -0.111922
76 0.124922
77 0.183473
78 0.126847
79 0.139364
80 -0.024450
81 -0.096054
82 -0.044234
83 -0.074418
84 0.019605
85 -0.038126
86 0.069803
87 0.148980
88 0.035160
89 0.021242
90 0.137796
91 0.171284
92 0.153652
93 -0.152037
94 -0.009097
95 -0.017896
96 -0.003112
97 -0.193445
98 -0.045266
99 0.121542
100 0.115794
101 -0.181452
102 0.121783
103 0.081873
104 -0.027563
105 0.214327
106 -0.028496
107 0.140309
108 -0.003879
109 -0.052688
110 0.129450
111 -0.126432
112 0.099268
113 -0.102836
114 -0.115024
115 0.047221
116 0.071427
117 0.303882
118 -0.016398
119 0.228964
120 -0.038941
121 0.033613
122 0.087569
123 -0.117922
124 0.060651
125 0.192736
126 -0.024847
127 0.162580
128 0.024102
129 0.339665
130 0.101597
131 -0.303071
132 -0.034961
133 0.005262
134 0.027004
135 0.024508
136 0.044467
137 0.208542
138 0.128670
139 0.029955
140 -0.222144
141 -0.023864
142 -0.094691
143 -0.093190
144 0.014066
145 0.072918
146 0.084560
147 -0.213707
148 0.050797
149 -0.066164
150 0.031735
151 0.078740
152 0.139325
153 -0.054390
154 0.082286
155 0.087841
156 0.131111
157 -0.100086
158 0.049433
159 0.190774
160 -0.153738
161 0.017355
162 0.166795
163 0.117329
164 0.170714
165 0.047007
166 0.140415
167 -0.004982
168 0.031749
169 -0.255317
170 0.086695
171 0.020497
172 0.243805
173 0.115729
174 -0.014697
175 0.089827
176 -0.102972
177 -0.064158
178 -0.142180
179 -0.172104
180 -0.054132
181 0.130496
182 -0.065743
183 0.002293
184 0.006393
185 -0.171578
186 -0.012061
187 0.033863
188 0.025531
189 -0.033934
190 0.000975
191 -0.087675
192 -0.126390
193 0.110638
194 0.003276
195 -0.013037
196 -0.105822
197 0.243276
198 0.197176
199 0.033731
200 0.322937
201 -0.019028
202 0.132556
203 -0.048828
204 -0.025119
205 -0.079037
206 0.064138
207 0.030100
208 0.018063
209 -0.025950
210 -0.057695
211 0.143674
212 -0.226008
213 -0.077506
214 0.035101
215 0.078756
216 0.164624
217 -0.125026
218 -0.067402
219 0.236742
220 0.001607
221 -0.001901
222 0.026921
223 0.059798
224 -0.070881
225 0.087361
226 -0.038416
227 0.222550
228 -0.036484
229 -0.069165
230 0.133693
231 -0.207913
232 -0.234411
233 -0.137939
234 -0.074632
235 -0.095117
236 -0.061619
237 -0.088651
238 -0.013879
239 -0.064579
240 -0.140987
241 -0.092426
242 -0.085080
243 -0.191826
244 -0.025849
245 -0.103358
246 0.016540
247 -0.173171
248 0.101098
249 0.099736
250 -0.032865
251 0.147926
252 0.089728
253 0.110039
254 0.143822
255 -0.007931
256 0.139645
257 0.015329
258 -0.093030
259 0.097990
260 0.141233
261 -0.092313
262 0.052232
263 0.005371
264 0.143389
265 0.174257
266 0.205045
267 -0.117110
268 -0.011025
269 0.150379
270 -0.162002
271 -0.114688
272 -0.039524
273 0.056195
274 0.059856
275 0.126085
276 0.081651
277 -0.097197
278 0.049814
279 -0.125986
280 0.014625
281 -0.056930
282 0.063921
283 -0.011428
284 0.007718
285 -0.014191
286 0.056329
287 0.121134
288 -0.058866
289 -0.187206
290 0.072027
291 0.005730
292 -0.144834
293 0.173562
294 -0.020745
295 -0.049584
296 -0.018399
297 -0.065105
298 -0.041674
299 0.118628
300 0.078141
301 -0.080013
302 -0.035391
303 -0.166334
304 0.050358
305 -0.080749
306 0.214624
307 0.089327
308 -0.108103
309 0.022572
310 -0.066804
311 -0.029774
312 -0.094346
313 0.020182
314 -0.149975
315 0.017833
316 -0.122498
317 -0.060338
318 -0.023735
319 0.003078
320 -0.133362
321 -0.082730
322 -0.021411
323 -0.182916
324 0.014979
325 -0.148136
326 0.028376
327 -0.118436
328 -0.037217
329 0.002591
330 0.013878
331 0.024236
332 -0.145194
333 0.113806
334 -0.083051
335 -0.118416
336 -0.158927
337 -0.215744
338 -0.128920
339 -0.018667
340 -0.081075
341 -0.139125
342 0.102648
343 -0.105719
344 0.129047
345 -0.240840
346 -0.165962
347 -0.004644
348 -0.100131
349 0.071868
350 -0.011524
351 -0.026528
352 -0.065277
353 -0.119269
354 -0.179852
355 -0.102596
356 0.041470
357 0.017383
358 -0.038112
359 -0.085877
360 -0.113244
361 -0.075930
362 -0.154712
363 0.023798
364 -0.147193
365 0.001935
366 -0.099053
367 0.055545
368 -0.016668
369 -0.136371
370 -0.007092
371 -0.102675
372 -0.031980
373 -0.015413
374 -0.015701
375 -0.298748
376 -0.151655
377 -0.117279
378 -0.068860
379 -0.012893
380 -0.172968
381 -0.162842
382 -0.095897
383 -0.195275
384 -0.117165
385 0.005329
386 -0.180645
387 -0.077084
388 -0.149185
389 -0.105722
390 -0.046535
391 -0.102977
392 0.123075
393 -0.123477
394 -0.110017
395 0.035100
396 -0.091586
397 0.056977
398 -0.098323
399 -0.147189
400 0.094526
401 -0.166780
402 -0.129966
403 -0.145149
404 -0.092257
405 -0.034117
406 0.007918
407 0.009668
408 0.096945
409 -0.029659
410 -0.099809
411 -0.014444
412 0.088055
413 -0.118132
414 -0.115587
415 -0.186286
416 -0.199895
417 0.030428
418 0.089424
419 -0.285348
420 0.046838
421 -0.088127
422 -0.008032
423 0.182865
424 0.034380
425 -0.077855
426 -0.182431
427 0.034837
428 -0.162788
429 -0.137680
430 -0.136974
431 -0.030612
432 0.069295
433 0.049695
434 -0.110930
435 -0.054629
436 0.031091
437 0.004046
438 0.013574
439 -0.001309
440 -0.094771
441 -0.125957
442 -0.129860
443 0.122375
444 0.005961
445 0.026251
446 0.048172
447 0.069313
448 -0.100312
449 -0.146278
450 -0.049552
451 0.050501
452 -0.153899
453 -0.126704
454 0.064695
455 -0.155859
456 -0.014317
457 -0.019945
458 0.057024
459 -0.109919
460 0.036300
461 0.003205
462 -0.088182
463 -0.039827
464 -0.199245
465 0.146228
466 0.006347
467 -0.047237
468 0.012064
469 0.066269
470 -0.090164
471 -0.079322
472 -0.199553
473 -0.111368
474 -0.024970
475 -0.004106
476 -0.104948
477 0.054562
478 0.025107
479 0.068139
480 -0.185510
481 0.012350
482 0.001502
483 -0.006385
484 -0.115968
485 -0.016997
486 -0.179234
487 -0.199849
488 -0.018619
489 -0.091113
490 -0.028677
491 0.049456
492 -0.063480
493 -0.036606
494 -0.215892
495 -0.049791
496 0.033127
497 -0.052316
498 -0.131917
499 -0.188301
500 -0.125506
501 -0.158756
502 -0.025687
503 -0.064838
504 -0.053114
505 -0.097823
506 -0.067656
507 -0.012774
508 -0.052992
509 0.011455
510 0.017199
511 0.016786
512 -0.100220
513 -0.231094
514 -0.172748
515 0.015338
516 -0.046569
517 -0.102520
518 -0.056963
519 -0.143975
520 -0.109542
521 -0.008674
522 0.058293
523 0.039965
524 -0.075468
525 -0.011205
526 0.009997
527 -0.023808
528 -0.166603
529 -0.040928
530 -0.113849
531 -0.099921
532 -0.034742
533 -0.075731
534 -0.208976
535 -0.060898
536 -0.004215
537 -0.060186
538 -0.131765
539 -0.341437
540 0.140714
541 -0.034561
542 -0.145209
543 -0.094522
544 -0.049231
545 -0.052118
546 -0.009311
547 -0.002294
548 0.041167
549 -0.037234
550 -0.060369
551 -0.129089
552 0.020037
553 0.082501
554 0.085010
555 -0.150514
556 -0.074859
557 -0.097145
558 -0.016311
559 -0.133713
560 -0.042241
561 -0.000332
562 0.113130
563 -0.129930
564 0.061219
565 0.002425
566 0.018752
567 0.159160
568 -0.053474
569 0.002603
570 -0.087400
571 -0.011285
572 -0.060175
573 -0.021220
574 -0.071711
575 0.087194
576 -0.075523
577 -0.056562
578 0.010260
579 -0.007245
580 -0.122859
581 -0.264195
582 0.096477
583 0.055150
584 0.270148
585 -0.018086
586 -0.265285
587 -0.192033
588 0.024596
589 -0.061197
590 0.101742
591 -0.210903
592 -0.052200
593 -0.124878
594 0.218946
595 -0.173667
596 -0.084306
597 0.117772
598 0.099605
599 0.007182
600 0.050834
601 -0.021451
602 -0.072237
603 0.026561
604 0.278437
605 -0.057095
606 0.102621
607 0.115735
608 -0.049604
609 0.031956
610 -0.148979
611 -0.071682
612 -0.053539
613 -0.012111
614 -0.110689
615 -0.139595
616 -0.065374
617 -0.061740
618 0.041176
619 0.062480
620 0.067405
621 0.129726
622 0.103545
623 -0.070320
624 0.249752
625 -0.032844
626 -0.206884
627 -0.026416
628 0.016513
629 -0.057257
630 0.048621
631 0.138502
632 0.157989
633 0.120028
634 0.076138
635 -0.021379
636 0.074125
637 0.067874
638 0.006419
639 -0.015178
640 0.104091
641 -0.230526
642 0.040273
643 0.073572
644 0.112916
645 0.022047
646 0.065581
647 -0.058148
648 0.082240
649 0.142018
650 -0.036720
651 0.098556
652 0.076660
653 -0.014637
654 -0.091162
655 0.040434
656 -0.064178
657 0.085428
658 -0.019970
659 -0.075131
660 0.081080
661 0.214855
662 -0.132885
663 0.087555
664 0.070972
665 -0.022677
666 -0.040180
667 -0.074187
668 0.032474
669 0.057835
670 0.009195
671 -0.004538
672 -0.072835
673 -0.117453
674 0.213732
675 -0.032152
676 0.143466
677 -0.080563
678 -0.379161
679 0.131150
680 -0.089471
681 -0.061677
682 0.140150
683 -0.049156
684 -0.175975
685 0.233221
686 0.087742
687 0.222554
688 0.062064
689 0.284735
690 -0.016983
691 -0.150534
692 0.212723
693 -0.089495
694 -0.002573
695 -0.216466
696 -0.076866
697 0.105494
698 0.111304
699 -0.153690
700 -0.234359
701 -0.036386
702 0.098514
703 0.182370
704 -0.008852
705 0.107138
706 0.186487
707 -0.016319
708 0.042243
709 -0.039723
710 0.041294
711 -0.100079
712 -0.018828
713 -0.031403
714 0.060373
715 -0.171143
716 -0.067755
717 -0.120338
718 -0.048075
719 0.026274
720 -0.050750
721 0.051190
722 -0.064142
723 -0.139302
724 0.207933
725 0.123234
726 -0.052190
727 -0.074769
728 0.122818
729 -0.054632
730 -0.260065
731 0.058309
732 -0.257475
733 -0.284692
734 0.029789
735 -0.171353
736 0.005369
737 0.080157
738 0.061791
739 -0.088120
740 0.179048
741 -0.119860
742 0.128634
743 -0.059357
744 0.008320
745 -0.055513
746 0.005655
747 -0.179713
748 0.153965
749 0.079495
750 -0.183099
751 0.077122
752 -0.033570
753 -0.185500
754 -0.171866
755 -0.016389
756 -0.007247
757 -0.161950
758 0.079382
759 -0.002180
760 0.176145
761 0.284116
762 0.173275
763 0.309017
764 -0.084500
765 -0.002823
766 0.007852
767 0.239378
768 -0.070576
769 0.062379
770 -0.123515
771 0.031514
772 0.208566
773 -0.033386
774 -0.057340
775 0.170827
776 -0.033673
777 -0.125157
778 0.084149
779 0.153984
780 -0.124047
781 0.028579
782 0.028870
783 0.034636
784 0.079377
785 -0.096328
786 0.133733
787 -0.255673
788 -0.018806
789 -0.129963
790 -0.059428
791 -0.021430
792 -0.244077
793 -0.252209
794 -0.133601
795 -0.142182
796 -0.151691
797 0.086729
798 -0.170580
799 0.093425
800 -0.136144
801 -0.065514
802 -0.134289
803 -0.136057
804 -0.123771
805 0.003471
806 0.141924
807 0.100792
808 0.082129
809 0.036400
810 -0.151615
811 -0.175766
812 0.056416
813 0.022571
814 -0.043166
815 -0.028684
816 0.075378
817 0.082615
818 0.048198
819 -0.154993
820 0.009427
821 -0.073323
822 0.002625
823 -0.028193
824 0.289858
825 0.021079
826 -0.095121
827 -0.142370
828 0.010695
829 0.170576
830 -0.014892
831 0.072034
832 0.164888
833 0.149266
834 -0.054939
835 -0.031399
836 0.150315
837 -0.138308
838 0.192096
839 -0.135426
840 0.082763
841 -0.127275
842 0.218397
843 0.089404
844 0.220608
845 -0.151257
846 0.032664
847 -0.098058
848 -0.130963
849 0.134960
850 -0.205272
851 0.002334
852 0.292635
853 0.298811
854 -0.200173
855 0.206901
856 0.111550
857 0.268203
858 -0.009345
859 0.045632
860 -0.016650
861 0.195618
862 0.200212
863 -0.158511
864 0.038190
865 0.156977
866 -0.038253
867 0.072263
868 -0.161287
869 0.220744
870 -0.099760
871 -0.120865
872 0.320612
873 0.215965
874 0.265136
875 0.092387
876 -0.242709
877 -0.055792
878 0.181728
879 0.038750
880 0.261659
881 0.163186
882 0.063323
883 -0.224259
884 0.073024
885 -0.047507
886 0.041638
887 0.010304
888 0.086118
889 0.091019
890 0.050277
891 -0.205848
892 -0.064780
893 0.180017
894 -0.026958
895 0.130609
896 0.151634
897 0.109926
898 0.003632
899 0.060390
900 0.127639
901 -0.021922
902 0.201705
903 0.038507
904 -0.093697
905 0.173087
906 0.031464
907 0.064974
908 -0.260755
909 0.040597
910 0.113010
911 0.151074
912 -0.137813
913 -0.059891
914 -0.030170
915 -0.027071
916 0.049601
917 0.098500
918 -0.053657
919 0.092224
920 0.111157
921 0.002859
922 0.139141
923 -0.182930
924 0.103687
925 -0.063879
926 0.102075
927 0.044631
928 0.215878
929 -0.058505
930 -0.067108
931 0.233363
932 0.324699
933 -0.370661
934 0.119305
935 -0.073854
936 0.163333
937 -0.003785
938 0.135494
939 0.118374
940 0.052831
941 0.007328
942 -0.048417
943 0.160119
944 -0.148742
945 0.219075
946 0.252472
947 0.126962
948 -0.309737
949 0.193092
950 0.080470
951 -0.025924
952 0.048218
953 0.121135
954 -0.055554
955 0.065018
956 0.179255
957 0.281412
958 -0.180342
959 -0.099226
960 0.262078
961 -0.057428
962 0.095821
963 0.090703
964 0.106153
965 0.082801
966 -0.130483
967 0.283488
968 -0.203956
969 0.017675
970 0.085260
971 0.067520
972 0.212824
973 -0.110904
974 0.032192
975 0.182786
976 0.156523
977 0.198753
978 0.183996
979 -0.058585
980 0.065016
981 -0.200274
982 0.127787
983 0.162435
984 -0.088004
985 0.035486
986 -0.088559
987 -0.054675
988 0.069820
989 0.085765
990 -0.256953
991 0.097607
992 0.028079
993 -0.108906
994 0.024730
995 -0.021324
996 0.014802
997 0.083998
998 0.104361
999 0.160157
1000 0.135942
1001 -0.073608
1002 -0.234566
1003 0.034642
1004 0.078933
1005 0.155166
1006 -0.045404
1007 0.059304
1008 -0.049613
1009 0.021750
1010 -0.018048
1011 -0.020697
1012 -0.217603
1013 0.102562
1014 0.043804
1015 0.222808
1016 0.029445
1017 -0.136367
1018 -0.065691
1019 0.039951
1020 -0.139038
1021 -0.064725
1022 -0.056477
1023 -0.046471
1024 -0.071130
1025 -0.039133
1026 0.063409
1027 0.021538
1028 -0.160565
1029 -0.107530
1030 -0.014471
1031 -0.032056
1032 0.001717
1033 0.104072
1034 0.089987
1035 0.020015
1036 0.077846
1037 0.163781
1038 -0.191449
1039 0.146091
1040 0.301572
1041 0.148453
1042 -0.033841
1043 0.104866
1044 -0.031468
1045 0.120216
1046 0.296988
1047 -0.071169
1048 -0.054494
1049 0.157962
1050 0.112705
1051 0.295920
1052 0.116523
1053 -0.045987
1054 0.082922
1055 0.104302
1056 0.166946
1057 0.024692
1058 -0.158638
1059 0.188411
1060 -0.057310
1061 0.122032
1062 -0.144357
1063 0.006134
1064 0.136202
1065 0.107406
1066 -0.215855
1067 -0.106504
1068 0.030785
1069 -0.018164
1070 0.049642
1071 -0.200685
1072 -0.187204
1073 -0.130476
1074 -0.085153
1075 -0.011256
1076 0.067602
1077 0.143625
1078 -0.003661
1079 -0.159964
1080 0.077777
1081 -0.112234
1082 0.099423
1083 -0.104202
1084 0.156961
1085 -0.045761
1086 -0.024949
1087 0.082954
1088 0.020215
1089 -0.106730
1090 0.193405
1091 -0.033254
1092 0.137706
1093 0.189410
1094 -0.249830
1095 0.134083
1096 -0.041646
1097 -0.134821
1098 0.180739
1099 -0.219053
1100 0.159189
1101 0.064193
1102 0.114566
1103 0.130180
1104 -0.025424
1105 -0.015110
1106 0.281064
1107 0.204953
1108 -0.130599
1109 -0.069729
1110 -0.102524
1111 -0.029758
1112 0.067220
1113 -0.092977
1114 0.149916
1115 0.221744
1116 -0.137634
1117 0.074390
1118 -0.116452
1119 -0.293724
1120 0.285634
1121 0.024788
1122 0.134248
1123 0.079268
1124 0.341023
1125 -0.071186
1126 0.005704
1127 0.045689
1128 0.093351
1129 0.197473
1130 0.060344
1131 -0.127766
1132 -0.035939
1133 -0.197456
1134 -0.146933
1135 -0.041603
1136 -0.021332
1137 0.113679
1138 -0.006261
1139 0.054810
1140 -0.309476
1141 0.068271
1142 0.064600
1143 0.023546
1144 -0.166098
1145 -0.016726
1146 0.076931
1147 0.109123
1148 -0.124229
1149 -0.164158
1150 0.125190
1151 0.125184
1152 -0.019466
1153 -0.096706
1154 0.149743
1155 0.187189
1156 -0.030636
1157 0.128028
1158 0.133116
1159 -0.015697
1160 0.219400
1161 0.077939
1162 0.051203
1163 -0.174515
1164 0.014464
1165 0.100081
1166 -0.138079
1167 0.173239
1168 -0.031396
1169 0.284108
1170 0.156278
1171 -0.093608
1172 -0.086566
1173 -0.150642
1174 0.232086
1175 0.111331
1176 -0.060537
1177 -0.146452
1178 0.191193
1179 0.035046
1180 -0.194932
1181 -0.094057
1182 0.108760
1183 0.001068
1184 -0.109061
1185 -0.087373
1186 -0.150498
1187 0.219649
1188 -0.174110
1189 0.005009
1190 0.045471
1191 -0.107027
1192 0.054702
1193 -0.040196
1194 -0.019669
1195 -0.125809
1196 -0.019908
1197 -0.040306
1198 -0.206889
1199 -0.100919
1200 -0.028974
1201 0.031696
1202 -0.117119
1203 0.039715
1204 0.121158
1205 -0.106594
1206 -0.017506
1207 0.152533
1208 -0.020549
1209 -0.125829
1210 0.202017
1211 -0.034738
1212 0.280778
1213 0.086065
1214 -0.045170
1215 0.118373
1216 -0.153051
1217 0.069793
1218 0.033974
1219 0.147871
1220 -0.110174
1221 0.043770
1222 -0.025257
1223 -0.079103
0 -0.080762
1 0.047988
2 -0.078329
3 -0.113560
4 -0.009109
5 0.096129
6 0.140185
7 0.080872
8 -0.355403
9 0.182469
10 0.010519
11 -0.032100
12 -0.199551
13 -0.057709
14 -0.194364
15 0.008285
16 -0.002812
17 0.202610
18 0.131619
19 -0.064022
20 -0.294076
21 -0.022244
22 -0.115083
23 0.138811
24 0.230103
25 0.300252
26 0.144017
27 -0.110821
28 -0.050898
29 0.168151
30 -0.235329
31 0.044448
32 0.140791
33 -0.090156
34 0.181493
35 -0.235220
36 -0.160046
37 -0.087013
38 -0.059387
39 -0.181804
40 0.015343
41 0.072200
42 -0.124604
43 -0.092779
44 -0.040499
45 -0.114598
46 -0.026526
47 0.037093
48 -0.046814
49 -0.107720
50 0.055841
51 0.159816
52 0.018558
53 0.034944
54 0.076900
55 0.126204
56 -0.079901
57 0.106356
58 -0.070512
59 0.206215
60 0.053832
61 0.079582
62 -0.078860
63 0.030530
64 -0.116713
65 -0.192747
66 0.009299
67 -0.010027
68 -0.175753
69 0.275499
70 0.130348
71 0.038121
72 -0.000118
73 -0.078523
74 -0.047309
75 -0.111922
76 0.124922
77 0.183473
78 0.126847
79 0.139364
80 -0.024450
81 -0.096054
82 -0.044234
83 -0.074418
84 0.019605
85 -0.038126
86 0.069803
87 0.148980
88 0.035160
89 0.021242
90 0.137796
91 0.171284
92 0.153652
93 -0.152037
94 -0.009097
95 -0.017896
96 -0.003112
97 -0.193445
98 -0.045266
99 0.121542
100 0.115794
101 -0.181452
102 0.121783
103 0.081873
104 -0.027563
105 0.214327
106 -0.028496
107 0.140309
108 -0.003879
109 -0.052688
110 0.129450
111 -0.126432
112 0.099268
113 -0.102836
114 -0.115024
115 0.047221
116 0.071427
117 0.303882
118 -0.016398
119 0.228964
120 -0.038941
121 0.033613
122 0.087569
123 -0.117922
124 0.060651
125 0.192736
126 -0.024847
127 0.162580
128 0.024102
129 0.339665
130 0.101597
131 -0.303071
132 -0.034961
133 0.005262
134 0.027004
135 0.024508
136 0.044467
137 0.208542
138 0.128670
139 0.029955
140 -0.222144
141 -0.023864
142 -0.094691
143 -0.093190
144 0.014066
145 0.072918
146 0.084560
147 -0.213707
148 0.050797
149 -0.066164
150 0.031735
151 0.078740
152 0.139325
153 -0.054390
154 0.082286
155 0.087841
156 0.131111
157 -0.100086
158 0.049433
159 0.190774
160 -0.153738
161 0.017355
162 0.166795
163 0.117329
164 0.170714
165 0.047007
166 0.140415
167 -0.004982
168 0.031749
169 -0.255317
170 0.086695
171 0.020497
172 0.243805
173 0.115729
174 -0.014697
175 0.089827
176 -0.102972
177 -0.064158
178 -0.142180
179 -0.172104
180 -0.054132
181 0.130496
182 -0.065743
183 0.002293
184 0.006393
185 -0.171578
186 -0.012061
187 0.033863
188 0.025531
189 -0.033934
190 0.000975
191 -0.087675
192 -0.126390
193 0.110638
194 0.003276
195 -0.013037
196 -0.105822
197 0.243276
198 0.197176
199 0.033731
200 0.322937
201 -0.019028
202 0.132556
203 -0.048828
204 -0.025119
205 -0.079037
206 0.064138
207 0.030100
208 0.018063
209 -0.025950
210 -0.057695
211 0.143674
212 -0.226008
213 -0.077506
214 0.035101
215 0.078756
216 0.164624
217 -0.125026
218 -0.067402
219 0.236742
220 0.001607
221 -0.001901
222 0.026921
223 0.059798
224 -0.070881
225 0.087361
226 -0.038416
227 0.222550
228 -0.036484
229 -0.069165
230 0.133693
231 -0.207913
232 -0.234411
233 -0.137939
234 -0.074632
235 -0.095117
236 -0.061619
237 -0.088651
238 -0.013879
239 -0.064579
240 -0.140987
241 -0.092426
242 -0.085080
243 -0.191826
244 -0.025849
245 -0.103358
246 0.016540
247 -0.173171
248 0.101098
249 0.099736
250 -0.032865
251 0.147926
252 0.089728
253 0.110039
254 0.143822
255 -0.007931
256 0.139645
257 0.015329
258 -0.093030
259 0.097990
260 0.141233
261 -0.092313
262 0.052232
263 0.005371
264 0.143389
265 0.174257
266 0.205045
267 -0.117110
268 -0.011025
269 0.150379
270 -0.162002
271 -0.114688
272 -0.039524
273 0.056195
274 0.059856
275 0.126085
276 0.081651
277 -0.097197
278 0.049814
279 -0.125986
280 0.014625
281 -0.056930
282 0.063921
283 -0.011428
284 0.007718
285 -0.014191
286 0.056329
287 0.121134
288 -0.058866
289 -0.187206
290 0.072027
291 0.005730
292 -0.144834
293 0.173562
294 -0.020745
295 -0.049584
296 -0.018399
297 -0.065105
298 -0.041674
299 0.118628
300 0.078141
301 -0.080013
302 -0.035391
303 -0.166334
304 0.050358
305 -0.080749
306 0.214624
307 0.089327
308 -0.108103
309 0.022572
310 -0.066804
311 -0.029774
312 -0.094346
313 0.020182
314 -0.149975
315 0.017833
316 -0.122498
317 -0.060338
318 -0.023735
319 0.003078
320 -0.133362
321 -0.082730
322 -0.021411
323 -0.182916
324 0.014979
325 -0.148136
326 0.028376
327 -0.118436
328 -0.037217
329 0.002591
330 0.013878
331 0.024236
332 -0.145194
333 0.113806
334 -0.083051
335 -0.118416
336 -0.158927
337 -0.215744
338 -0.128920
339 -0.018667
340 -0.081075
341 -0.139125
342 0.102648
343 -0.105719
344 0.129047
345 -0.240840
346 -0.165962
347 -0.004644
348 -0.100131
349 0.071868
350 -0.011524
351 -0.026528
352 -0.065277
353 -0.119269
354 -0.179852
355 -0.102596
356 0.041470
357 0.017383
358 -0.038112
359 -0.085877
360 -0.113244
361 -0.075930
362 -0.154712
363 0.023798
364 -0.147193
365 0.001935
366 -0.099053
367 0.055545
368 -0.016668
369 -0.136371
370 -0.007092
371 -0.102675
372 -0.031980
373 -0.015413
374 -0.015701
375 -0.298748
376 -0.151655
377 -0.117279
378 -0.068860
379 -0.012893
380 -0.172968
381 -0.162842
382 -0.095897
383 -0.195275
384 -0.117165
385 0.005329
386 -0.180645
387 -0.077084
388 -0.149185
389 -0.105722
390 -0.046535
391 -0.102977
392 0.123075
393 -0.123477
394 -0.110017
395 0.035100
396 -0.091586
397 0.056977
398 -0.098323
399 -0.147189
400 0.094526
401 -0.166780
402 -0.129966
403 -0.145149
404 -0.092257
405 -0.034117
406 0.007918
407 0.009668
408 0.096945
409 -0.029659
410 -0.099809
411 -0.014444
412 0.088055
413 -0.118132
414 -0.115587
415 -0.186286
416 -0.199895
417 0.030428
418 0.089424
419 -0.285348
420 0.046838
421 -0.088127
422 -0.008032
423 0.182865
424 0.034380
425 -0.077855
426 -0.182431
427 0.034837
428 -0.162788
429 -0.137680
430 -0.136974
431 -0.030612
432 0.069295
433 0.049695
434 -0.110930
435 -0.054629
436 0.031091
437 0.004046
438 0.013574
439 -0.001309
440 -0.094771
441 -0.125957
442 -0.129860
443 0.122375
444 0.005961
445 0.026251
446 0.048172
447 0.069313
448 -0.100312
449 -0.146278
450 -0.049552
451 0.050501
452 -0.153899
453 -0.126704
454 0.064695
455 -0.155859
456 -0.014317
457 -0.019945
458 0.057024
459 -0.109919
460 0.036300
461 0.003205
462 -0.088182
463 -0.039827
464 -0.199245
465 0.146228
466 0.006347
467 -0.047237
468 0.012064
469 0.066269
470 -0.090164
471 -0.079322
472 -0.199553
473 -0.111368
474 -0.024970
475 -0.004106
476 -0.104948
477 0.054562
478 0.025107
479 0.068139
480 -0.185510
481 0.012350
482 0.001502
483 -0.006385
484 -0.115968
485 -0.016997
486 -0.179234
487 -0.199849
488 -0.018619
489 -0.091113
490 -0.028677
491 0.049456
492 -0.063480
493 -0.036606
494 -0.215892
495 -0.049791
496 0.033127
497 -0.052316
498 -0.131917
499 -0.188301
500 -0.125506
501 -0.158756
502 -0.025687
503 -0.064838
504 -0.053114
505 -0.097823
506 -0.067656
507 -0.012774
508 -0.052992
509 0.011455
510 0.017199
511 0.016786
512 -0.100220
513 -0.231094
514 -0.172748
515 0.015338
516 -0.046569
517 -0.102520
518 -0.056963
519 -0.143975
520 -0.109542
521 -0.008674
522 0.058293
523 0.039965
524 -0.075468
525 -0.011205
526 0.009997
527 -0.023808
528 -0.166603
529 -0.040928
530 -0.113849
531 -0.099921
532 -0.034742
533 -0.075731
534 -0.208976
535 -0.060898
536 -0.004215
537 -0.060186
538 -0.131765
539 -0.341437
540 0.140714
541 -0.034561
542 -0.145209
543 -0.094522
544 -0.049231
545 -0.052118
546 -0.009311
547 -0.002294
548 0.041167
549 -0.037234
550 -0.060369
551 -0.129089
552 0.020037
553 0.082501
554 0.085010
555 -0.150514
556 -0.074859
557 -0.097145
558 -0.016311
559 -0.133713
560 -0.042241
561 -0.000332
562 0.113130
563 -0.129930
564 0.061219
565 0.002425
566 0.018752
567 0.159160
568 -0.053474
569 0.002603
570 -0.087400
571 -0.011285
572 -0.060175
573 -0.021220
574 -0.071711
575 0.087194
576 -0.075523
577 -0.056562
578 0.010260
579 -0.007245
580 -0.122859
581 -0.264195
582 0.096477
583 0.055150
584 0.270148
585 -0.018086
586 -0.265285
587 -0.192033
588 0.024596
589 -0.061197
590 0.101742
591 -0.210903
592 -0.052200
593 -0.124878
594 0.218946
595 -0.173667
596 -0.084306
597 0.117772
598 0.099605
599 0.007182
600 0.050834
601 -0.021451
602 -0.072237
603 0.026561
604 0.278437
605 -0.057095
606 0.102621
607 0.115735
608 -0.049604
609 0.031956
610 -0.148979
611 -0.071682
612 -0.053539
613 -0.012111
614 -0.110689
615 -0.139595
616 -0.065374
617 -0.061740
618 0.041176
619 0.062480
620 0.067405
621 0.129726
622 0.103545
623 -0.070320
624 0.249752
625 -0.032844
626 -0.206884
627 -0.026416
628 0.016513
629 -0.057257
630 0.048621
631 0.138502
632 0.157989
633 0.120028
634 0.076138
635 -0.021379
636 0.074125
637 0.067874
638 0.006419
639 -0.015178
640 0.104091
641 -0.230526
642 0.040273
643 0.073572
644 0.112916
645 0.022047
646 0.065581
647 -0.058148
648 0.082240
649 0.142018
650 -0.036720
651 0.098556
652 0.076660
653 -0.014637
654 -0.091162
655 0.040434
656 -0.064178
657 0.085428
658 -0.019970
659 -0.075131
660 0.081080
661 0.214855
662 -0.132885
663 0.087555
664 0.070972
665 -0.022677
666 -0.040180
667 -0.074187
668 0.032474
669 0.057835
670 0.009195
671 -0.004538
672 -0.072835
673 -0.117453
674 0.213732
675 -0.032152
676 0.143466
677 -0.080563
678 -0.379161
679 0.131150
680 -0.089471
681 -0.061677
682 0.140150
683 -0.049156
684 -0.175975
685 0.233221
686 0.087742
687 0.222554
688 0.062064
689 0.284735
690 -0.016983
691 -0.150534
692 0.212723
693 -0.089495
694 -0.002573
695 -0.216466
696 -0.076866
697 0.105494
698 0.111304
699 -0.153690
700 -0.234359
701 -0.036386
702 0.098514
703 0.182370
704 -0.008852
705 0.107138
706 0.186487
707 -0.016319
708 0.042243
709 -0.039723
710 0.041294
711 -0.100079
712 -0.018828
713 -0.031403
714 0.060373
715 -0.171143
716 -0.067755
717 -0.120338
718 -0.048075
719 0.026274
720 -0.050750
721 0.051190
722 -0.064142
723 -0.139302
724 0.207933
725 0.123234
726 -0.052190
727 -0.074769
728 0.122818
729 -0.054632
730 -0.260065
731 0.058309
732 -0.257475
733 -0.284692
734 0.029789
735 -0.171353
736 0.005369
737 0.080157
738 0.061791
739 -0.088120
740 0.179048
741 -0.119860
742 0.128634
743 -0.059357
744 0.008320
745 -0.055513
746 0.005655
747 -0.179713
748 0.153965
749 0.079495
750 -0.183099
751 0.077122
752 -0.033570
753 -0.185500
754 -0.171866
755 -0.016389
756 -0.007247
757 -0.161950
758 0.079382
759 -0.002180
760 0.176145
761 0.284116
762 0.173275
763 0.309017
764 -0.084500
765 -0.002823
766 0.007852
767 0.239378
768 -0.070576
769 0.062379
770 -0.123515
771 0.031514
772 0.208566
773 -0.033386
774 -0.057340
775 0.170827
776 -0.033673
777 -0.125157
778 0.084149
779 0.153984
780 -0.124047
781 0.028579
782 0.028870
783 0.034636
784 0.079377
785 -0.096328
786 0.133733
787 -0.255673
788 -0.018806
789 -0.129963
790 -0.059428
791 -0.021430
792 -0.244077
793 -0.252209
794 -0.133601
795 -0.142182
796 -0.151691
797 0.086729
798 -0.170580
799 0.093425
800 -0.136144
801 -0.065514
802 -0.134289
803 -0.136057
804 -0.123771
805 0.003471
806 0.141924
807 0.100792
808 0.082129
809 0.036400
810 -0.151615
811 -0.175766
812 0.056416
813 0.022571
814 -0.043166
815 -0.028684
816 0.075378
817 0.082615
818 0.048198
819 -0.154993
820 0.009427
821 -0.073323
822 0.002625
823 -0.028193
824 0.289858
825 0.021079
826 -0.095121
827 -0.142370
828 0.010695
829 0.170576
830 -0.014892
831 0.072034
832 0.164888
833 0.149266
834 -0.054939
835 -0.031399
836 0.150315
837 -0.138308
838 0.192096
839 -0.135426
840 0.082763
841 -0.127275
842 0.218397
843 0.089404
844 0.220608
845 -0.151257
846 0.032664
847 -0.098058
848 -0.130963
849 0.134960
850 -0.205272
851 0.002334
852 0.292635
853 0.298811
854 -0.200173
855 0.206901
856 0.111550
857 0.268203
858 -0.009345
859 0.045632
860 -0.016650
861 0.195618
862 0.200212
863 -0.158511
864 0.038190
865 0.156977
866 -0.038253
867 0.072263
868 -0.161287
869 0.220744
870 -0.099760
871 -0.120865
872 0.320612
873 0.215965
874 0.265136
875 0.092387
876 -0.242709
877 -0.055792
878 0.181728
879 0.038750
880 0.261659
881 0.163186
882 0.063323
883 -0.224259
884 0.073024
885 -0.047507
886 0.041638
887 0.010304
888 0.086118
889 0.091019
890 0.050277
891 -0.205848
892 -0.064780
893 0.180017
894 -0.026958
895 0.130609
896 0.151634
897 0.109926
898 0.003632
899 0.060390
900 0.127639
901 -0.021922
902 0.201705
903 0.038507
904 -0.093697
905 0.173087
906 0.031464
907 0.064974
908 -0.260755
909 0.040597
910 0.113010
911 0.151074
912 -0.137813
913 -0.059891
914 -0.030170
915 -0.027071
916 0.049601
917 0.098500
918 -0.053657
919 0.092224
920 0.111157
921 0.002859
922 0.139141
923 -0.182930
924 0.103687
925 -0.063879
926 0.102075
927 0.044631
928 0.215878
929 -0.058505
930 -0.067108
931 0.233363
932 0.324699
933 -0.370661
934 0.119305
935 -0.073854
936 0.163333
937 -0.003785
938 0.135494
939 0.118374
940 0.052831
941 0.007328
942 -0.048417
943 0.160119
944 -0.148742
945 0.219075
946 0.252472
947 0.126962
948 -0.309737
949 0.193092
950 0.080470
951 -0.025924
952 0.048218
953 0.121135
954 -0.055554
955 0.065018
956 0.179255
957 0.281412
958 -0.180342
959 -0.099226
960 0.262078
961 -0.057428
962 0.095821
963 0.090703
964 0.106153
965 0.082801
966 -0.130483
967 0.283488
968 -0.203956
969 0.017675
970 0.085260
971 0.067520
972 0.212824
973 -0.110904
974 0.032192
975 0.182786
976 0.156523
977 0.198753
978 0.183996
979 -0.058585
980 0.065016
981 -0.200274
982 0.127787
983 0.162435
984 -0.088004
985 0.035486
986 -0.088559
987 -0.054675
988 0.069820
989 0.085765
990 -0.256953
991 0.097607
992 0.028079
993 -0.108906
994 0.024730
995 -0.021324
996 0.014802
997 0.083998
998 0.104361
999 0.160157
1000 0.135942
1001 -0.073608
1002 -0.234566
1003 0.034642
1004 0.078933
1005 0.155166
1006 -0.045404
1007 0.059304
1008 -0.049613
1009 0.021750
1010 -0.018048
1011 -0.020697
1012 -0.217603
1013 0.102562
1014 0.043804
1015 0.222808
1016 0.029445
1017 -0.136367
1018 -0.065691
1019 0.039951
1020 -0.139038
1021 -0.064725
1022 -0.056477
1023 -0.046471
1024 -0.071130
1025 -0.039133
1026 0.063409
1027 0.021538
1028 -0.160565
1029 -0.107530
1030 -0.014471
1031 -0.032056
1032 0.001717
1033 0.104072
1034 0.089987
1035 0.020015
1036 0.077846
1037 0.163781
1038 -0.191449
1039 0.146091
1040 0.301572
1041 0.148453
1042 -0.033841
1043 0.104866
1044 -0.031468
1045 0.120216
1046 0.296988
1047 -0.071169
1048 -0.054494
1049 0.157962
1050 0.112705
1051 0.295920
1052 0.116523
1053 -0.045987
1054 0.082922
1055 0.104302
1056 0.166946
1057 0.024692
1058 -0.158638
1059 0.188411
1060 -0.057310
1061 0.122032
1062 -0.144357
1063 0.006134
1064 0.136202
1065 0.107406
1066 -0.215855
1067 -0.106504
1068 0.030785
1069 -0.018164
1070 0.049642
1071 -0.200685
1072 -0.187204
1073 -0.130476
1074 -0.085153
1075 -0.011256
1076 0.067602
1077 0.143625
1078 -0.003661
1079 -0.159964
1080 0.077777
1081 -0.112234
1082 0.099423
1083 -0.104202
1084 0.156961
1085 -0.045761
1086 -0.024949
1087 0.082954
1088 0.020215
1089 -0.106730
1090 0.193405
1091 -0.033254
1092 0.137706
1093 0.189410
1094 -0.249830
1095 0.134083
1096 -0.041646
1097 -0.134821
1098 0.180739
1099 -0.219053
1100 0.159189
1101 0.064193
1102 0.114566
1103 0.130180
1104 -0.025424
1105 -0.015110
1106 0.281064
1107 0.204953
1108 -0.130599
1109 -0.069729
1110 -0.102524
1111 -0.029758
1112 0.067220
1113 -0.092977
1114 0.149916
1115 0.221744
1116 -0.137634
1117 0.074390
1118 -0.116452
1119 -0.293724
1120 0.285634
1121 0.024788
1122 0.134248
1123 0.079268
1124 0.341023
1125 -0.071186
1126 0.005704
1127 0.045689
1128 0.093351
1129 0.197473
1130 0.060344
1131 -0.127766
1132 -0.035939
1133 -0.197456
1134 -0.146933
1135 -0.041603
1136 -0.021332
1137 0.113679
1138 -0.006261
1139 0.054810
1140 -0.309476
1141 0.068271
1142 0.064600
1143 0.023546
1144 -0.166098
1145 -0.016726
1146 0.076931
1147 0.109123
1148 -0.124229
1149 -0.164158
1150 0.125190
1151 0.125184
1152 -0.019466
1153 -0.096706
1154 0.149743
1155 0.187189
1156 -0.030636
1157 0.128028
1158 0.133116
1159 -0.015697
1160 0.219400
1161 0.077939
1162 0.051203
1163 -0.174515
1164 0.014464
1165 0.100081
1166 -0.138079
1167 0.173239
1168 -0.031396
1169 0.284108
1170 0.156278
1171 -0.093608
1172 -0.086566
1173 -0.150642
1174 0.232086
1175 0.111331
1176 -0.060537
1177 -0.146452
1178 0.191193
1179 0.035046
1180 -0.194932
1181 -0.094057
1182 0.108760
1183 0.001068
1184 -0.109061
1185 -0.087373
1186 -0.150498
1187 0.219649
1188 -0.174110
1189 0.005009
1190 0.045471
1191 -0.107027
1192 0.054702
1193 -0.040196
1194 -0.019669
1195 -0.125809
1196 -0.019908
1197 -0.040306
1198 -0.206889
1199 -0.100919
1200 -0.028974
1201 0.031696
1202 -0.117119
1203 0.039715
1204 0.121158
1205 -0.106594
1206 -0.017506
1207 0.152533
1208 -0.020549
1209 -0.125829
1210 0.202017
1211 -0.034738
1212 0.280778
1213 0.086065
1214 -0.045170
1215 0.118373
1216 -0.153051
1217 0.069793
1218 0.033974
1219 0.147871
1220 -0.110174
1221 0.043770
1222 -0.025257
1223 -0.079103
0 -0.080762
1 0.047988
2 -0.078329
3 -0.113560
4 -0.009109
5 0.096129
6 0.140185
7 0.080872
8 -0.355403
9 0.182469
10 0.010519
11 -0.032100
12 -0.199551
13 -0.057709
14 -0.194364
15 0.008285
16 -0.002812
17 0.202610
18 0.131619
19 -0.064022
20 -0.294076
21 -0.022244
22 -0.115083
23 0.138811
24 0.230103
25 0.300252
26 0.144017
27 -0.110821
28 -0.050898
29 0.168151
30 -0.235329
31 0.044448
32 0.140791
33 -0.090156
34 0.181493
35 -0.235220
36 -0.160046
37 -0.087013
38 -0.059387
39 -0.181804
40 0.015343
41 0.072200
42 -0.124604
43 -0.092779
44 -0.040499
45 -0.114598
46 -0.026526
47 0.037093
48 -0.046814
49 -0.107720
50 0.055841
51 0.159816
52 0.018558
53 0.034944
54 0.076900
55 0.126204
56 -0.079901
57 0.106356
58 -0.070512
59 0.206215
60 0.053832
61 0.079582
62 -0.078860
63 0.030530
64 -0.116713
65 -0.192747
66 0.009299
67 -0.010027
68 -0.175753
69 0.275499
70 0.130348
71 0.038121
72 -0.000118
73 -0.078523
74 -0.047309
75 -0.111922
76 0.124922
77 0.183473
78 0.126847
79 0.139364
80 -0.024450
81 -0.096054
82 -0.044234
83 -0.074418
84 0.019605
85 -0.038126
86 0.069803
87 0.148980
88 0.035160
89 0.021242
90 0.137796
91 0.171284
92 0.153652
93 -0.152037
94 -0.009097
95 -0.017896
96 -0.003112
97 -0.193445
98 -0.045266
99 0.121542
100 0.115794
101 -0.181452
102 0.121783
103 0.081873
104 -0.027563
105 0.214327
106 -0.028496
107 0.140309
108 -0.003879
109 -0.052688
110 0.129450
111 -0.126432
112 0.099268
113 -0.102836
114 -0.115024
115 0.047221
116 0.071427
117 0.303882
118 -0.016398
119 0.228964
120 -0.038941
121 0.033613
122 0.087569
123 -0.117922
124 0.060651
125 0.192736
126 -0.024847
127 0.162580
128 0.024102
129 0.339665
130 0.101597
131 -0.303071
132 -0.034961
133 0.005262
134 0.027004
135 0.024508
136 0.044467
137 0.208542
138 0.128670
139 0.029955
140 -0.222144
141 -0.023864
142 -0.094691
143 -0.093190
144 0.014066
145 0.072918
146 0.084560
147 -0.213707
148 0.050797
149 -0.066164
150 0.031735
151 0.078740
152 0.139325
153 -0.054390
154 0.082286
155 0.087841
156 0.131111
157 -0.100086
158 0.049433
159 0.190774
160 -0.153738
161 0.017355
162 0.166795
163 0.117329
164 0.170714
165 0.047007
166 0.140415
167 -0.004982
168 0.031749
169 -0.255317
170 0.086695
171 0.020497
172 0.243805
173 0.115729
174 -0.014697
175 0.089827
176 -0.102972
177 -0.064158
178 -0.142180
179 -0.172104
180 -0.054132
181 0.130496
182 -0.065743
183 0.002293
184 0.006393
185 -0.171578
186 -0.012061
187 0.033863
188 0.025531
189 -0.033934
190 0.000975
191 -0.087675
192 -0.126390
193 0.110638
194 0.003276
195 -0.013037
196 -0.105822
197 0.243276
198 0.197176
199 0.033731
200 0.322937
201 -0.019028
202 0.132556
203 -0.048828
204 -0.025119
205 -0.079037
206 0.064138
207 0.030100
208 0.018063
209 -0.025950
210 -0.057695
211 0.143674
212 -0.226008
213 -0.077506
214 0.035101
215 0.078756
216 0.164624
217 -0.125026
218 -0.067402
219 0.236742
220 0.001607
221 -0.001901
222 0.026921
223 0.059798
224 -0.070881
225 0.087361
226 -0.038416
227 0.222550
228 -0.036484
229 -0.069165
230 0.133693
231 -0.207913
232 -0.234411
233 -0.137939
234 -0.074632
235 -0.095117
236 -0.061619
237 -0.088651
238 -0.013879
239 -0.064579
240 -0.140987
241 -0.092426
242 -0.085080
243 -0.191826
244 -0.025849
245 -0.103358
246 0.016540
247 -0.173171
248 0.101098
249 0.099736
250 -0.032865
251 0.147926
252 0.089728
253 0.110039
254 0.143822
255 -0.007931
256 0.139645
257 0.015329
258 -0.093030
259 0.097990
260 0.141233
261 -0.092313
262 0.052232
263 0.005371
264 0.143389
265 0.174257
266 0.205045
267 -0.117110
268 -0.011025
269 0.150379
270 -0.162002
271 -0.114688
272 -0.039524
273 0.056195
274 0.059856
275 0.126085
276 0.081651
277 -0.097197
278 0.049814
279 -0.125986
280 0.014625
281 -0.056930
282 0.063921
283 -0.011428
284 0.007718
285 -0.014191
286 0.056329
287 0.121134
288 -0.058866
289 -0.187206
290 0.072027
291 0.005730
292 -0.144834
293 0.173562
294 -0.020745
295 -0.049584
296 -0.018399
297 -0.065105
298 -0.041674
299 0.118628
300 0.078141
301 -0.080013
302 -0.035391
303 -0.166334
304 0.050358
305 -0.080749
306 0.214624
307 0.089327
308 -0.108103
309 0.022572
310 -0.066804
311 -0.029774
312 -0.094346
313 0.020182
314 -0.149975
315 0.017833
316 -0.122498
317 -0.060338
318 -0.023735
319 0.003078
320 -0.133362
321 -0.082730
322 -0.021411
323 -0.182916
324 0.014979
325 -0.148136
326 0.028376
327 -0.118436
328 -0.037217
329 0.002591
330 0.013878
331 0.024236
332 -0.145194
333 0.113806
334 -0.083051
335 -0.118416
336 -0.158927
337 -0.215744
338 -0.128920
339 -0.018667
340 -0.081075
341 -0.139125
342 0.102648
343 -0.105719
344 0.129047
345 -0.240840
346 -0.165962
347 -0.004644
348 -0.100131
349 0.071868
350 -0.011524
351 -0.026528
352 -0.065277
353 -0.119269
354 -0.179852
355 -0.102596
356 0.041470
357 0.017383
358 -0.038112
359 -0.085877
360 -0.113244
361 -0.075930
362 -0.154712
363 0.023798
364 -0.147193
365 0.001935
366 -0.099053
367 0.055545
368 -0.016668
369 -0.136371
370 -0.007092
371 -0.102675
372 -0.031980
373 -0.015413
374 -0.015701
375 -0.298748
376 -0.151655
377 -0.117279
378 -0.068860
379 -0.012893
380 -0.172968
381 -0.162842
382 -0.095897
383 -0.195275
384 -0.117165
385 0.005329
386 -0.180645
387 -0.077084
388 -0.149185
389 -0.105722
390 -0.046535
391 -0.102977
392 0.123075
393 -0.123477
394 -0.110017
395 0.035100
396 -0.091586
397 0.056977
398 -0.098323
399 -0.147189
400 0.094526
401 -0.166780
402 -0.129966
403 -0.145149
404 -0.092257
405 -0.034117
406 0.007918
407 0.009668
408 0.096945
409 -0.029659
410 -0.099809
411 -0.014444
412 0.088055
413 -0.118132
414 -0.115587
415 -0.186286
416 -0.199895
417 0.030428
418 0.089424
419 -0.285348
420 0.046838
421 -0.088127
422 -0.008032
423 0.182865
424 0.034380
425 -0.077855
426 -0.182431
427 0.034837
428 -0.162788
429 -0.137680
430 -0.136974
431 -0.030612
432 0.069295
433 0.049695
434 -0.110930
435 -0.054629
436 0.031091
437 0.004046
438 0.013574
439 -0.001309
440 -0.094771
441 -0.125957
442 -0.129860
443 0.122375
444 0.005961
445 0.026251
446 0.048172
447 0.069313
448 -0.100312
449 -0.146278
450 -0.049552
451 0.050501
452 -0.153899
453 -0.126704
454 0.064695
455 -0.155859
456 -0.014317
457 -0.019945
458 0.057024
459 -0.109919
460 0.036300
461 0.003205
462 -0.088182
463 -0.039827
464 -0.199245
465 0.146228
466 0.006347
467 -0.047237
468 0.012064
469 0.066269
470 -0.090164
471 -0.079322
472 -0.199553
473 -0.111368
474 -0.024970
475 -0.004106
476 -0.104948
477 0.054562
478 0.025107
479 0.068139
480 -0.185510
481 0.012350
482 0.001502
483 -0.006385
484 -0.115968
485 -0.016997
486 -0.179234
487 -0.199849
488 -0.018619
489 -0.091113
490 -0.028677
491 0.049456
492 -0.063480
493 -0.036606
494 -0.215892
495 -0.049791
496 0.033127
497 -0.052316
498 -0.131917
499 -0.188301
500 -0.125506
501 -0.158756
502 -0.025687
503 -0.064838
504 -0.053114
505 -0.097823
506 -0.067656
507 -0.012774
508 -0.052992
509 0.011455
510 0.017199
511 0.016786
512 -0.100220
513 -0.231094
514 -0.172748
515 0.015338
516 -0.046569
517 -0.102520
518 -0.056963
519 -0.143975
520 -0.109542
521 -0.008674
522 0.058293
523 0.039965
524 -0.075468
525 -0.011205
526 0.009997
527 -0.023808
528 -0.166603
529 -0.040928
530 -0.113849
531 -0.099921
532 -0.034742
533 -0.075731
534 -0.208976
535 -0.060898
536 -0.004215
537 -0.060186
538 -0.131765
539 -0.341437
540 0.140714
541 -0.034561
542 -0.145209
543 -0.094522
544 -0.049231
545 -0.052118
546 -0.009311
547 -0.002294
548 0.041167
549 -0.037234
550 -0.060369
551 -0.129089
552 0.020037
553 0.082501
554 0.085010
555 -0.150514
556 -0.074859
557 -0.097145
558 -0.016311
559 -0.133713
560 -0.042241
561 -0.000332
562 0.113130
563 -0.129930
564 0.061219
565 0.002425
566 0.018752
567 0.159160
568 -0.053474
569 0.002603
570 -0.087400
571 -0.011285
572 -0.060175
573 -0.021220
574 -0.071711
575 0.087194
576 -0.075523
577 -0.056562
578 0.010260
579 -0.007245
580 -0.122859
581 -0.264195
582 0.096477
583 0.055150
584 0.270148
585 -0.018086
586 -0.265285
587 -0.192033
588 0.024596
589 -0.061197
590 0.101742
591 -0.210903
592 -0.052200
593 -0.124878
594 0.218946
595 -0.173667
596 -0.084306
597 0.117772
598 0.099605
599 0.007182
600 0.050834
601 -0.021451
602 -0.072237
603 0.026561
604 0.278437
605 -0.057095
606 0.102621
607 0.115735
608 -0.049604
609 0.031956
610 -0.148979
611 -0.071682
612 -0.053539
613 -0.012111
614 -0.110689
615 -0.139595
616 -0.065374
617 -0.061740
618 0.041176
619 0.062480
620 0.067405
621 0.129726
622 0.103545
623 -0.070320
624 0.249752
625 -0.032844
626 -0.206884
627 -0.026416
628 0.016513
629 -0.057257
630 0.048621
631 0.138502
632 0.157989
633 0.120028
634 0.076138
635 -0.021379
636 0.074125
637 0.067874
638 0.006419
639 -0.015178
640 0.104091
641 -0.230526
642 0.040273
643 0.073572
644 0.112916
645 0.022047
646 0.065581
647 -0.058148
648 0.082240
649 0.142018
650 -0.036720
651 0.098556
652 0.076660
653 -0.014637
654 -0.091162
655 0.040434
656 -0.064178
657 0.085428
658 -0.019970
659 -0.075131
660 0.081080
661 0.214855
662 -0.132885
663 0.087555
664 0.070972
665 -0.022677
666 -0.040180
667 -0.074187
668 0.032474
669 0.057835
670 0.009195
671 -0.004538
672 -0.072835
673 -0.117453
674 0.213732
675 -0.032152
676 0.143466
677 -0.080563
678 -0.379161
679 0.131150
680 -0.089471
681 -0.061677
682 0.140150
683 -0.049156
684 -0.175975
685 0.233221
686 0.087742
687 0.222554
688 0.062064
689 0.284735
690 -0.016983
691 -0.150534
692 0.212723
693 -0.089495
694 -0.002573
695 -0.216466
696 -0.076866
697 0.105494
698 0.111304
699 -0.153690
700 -0.234359
701 -0.036386
702 0.098514
703 0.182370
704 -0.008852
705 0.107138
706 0.186487
707 -0.016319
708 0.042243
709 -0.039723
710 0.041294
711 -0.100079
712 -0.018828
713 -0.031403
714 0.060373
715 -0.171143
716 -0.067755
717 -0.120338
718 -0.048075
719 0.026274
720 -0.050750
721 0.051190
722 -0.064142
723 -0.139302
724 0.207933
725 0.123234
726 -0.052190
727 -0.074769
728 0.122818
729 -0.054632
730 -0.260065
731 0.058309
732 -0.257475
733 -0.284692
734 0.029789
735 -0.171353
736 0.005369
737 0.080157
738 0.061791
739 -0.088120
740 0.179048
741 -0.119860
742 0.128634
743 -0.059357
744 0.008320
745 -0.055513
746 0.005655
747 -0.179713
748 0.153965
749 0.079495
750 -0.183099
751 0.077122
752 -0.033570
753 -0.185500
754 -0.171866
755 -0.016389
756 -0.007247
757 -0.161950
758 0.079382
759 -0.002180
760 0.176145
761 0.284116
762 0.173275
763 0.309017
764 -0.084500
765 -0.002823
766 0.007852
767 0.239378
768 -0.070576
769 0.062379
770 -0.123515
771 0.031514
772 0.208566
773 -0.033386
774 -0.057340
775 0.170827
776 -0.033673
777 -0.125157
778 0.084149
779 0.153984
780 -0.124047
781 0.028579
782 0.028870
783 0.034636
784 0.079377
785 -0.096328
786 0.133733
787 -0.255673
788 -0.018806
789 -0.129963
790 -0.059428
791 -0.021430
792 -0.244077
793 -0.252209
794 -0.133601
795 -0.142182
796 -0.151691
797 0.086729
798 -0.170580
799 0.093425
800 -0.136144
801 -0.065514
802 -0.134289
803 -0.136057
804 -0.123771
805 0.003471
806 0.141924
807 0.100792
808 0.082129
809 0.036400
810 -0.151615
811 -0.175766
812 0.056416
813 0.022571
814 -0.043166
815 -0.028684
816 0.075378
817 0.082615
818 0.048198
819 -0.154993
820 0.009427
821 -0.073323
822 0.002625
823 -0.028193
824 0.289858
825 0.021079
826 -0.095121
827 -0.142370
828 0.010695
829 0.170576
830 -0.014892
831 0.072034
832 0.164888
833 0.149266
834 -0.054939
835 -0.031399
836 0.150315
837 -0.138308
838 0.192096
839 -0.135426
840 0.082763
841 -0.127275
842 0.218397
843 0.089404
844 0.220608
845 -0.151257
846 0.032664
847 -0.098058
848 -0.130963
849 0.134960
850 -0.205272
851 0.002334
852 0.292635
853 0.298811
854 -0.200173
855 0.206901
856 0.111550
857 0.268203
858 -0.009345
859 0.045632
860 -0.016650
861 0.195618
862 0.200212
863 -0.158511
864 0.038190
865 0.156977
866 -0.038253
867 0.072263
868 -0.161287
869 0.220744
870 -0.099760
871 -0.120865
872 0.320612
873 0.215965
874 0.265136
875 0.092387
876 -0.242709
877 -0.055792
878 0.181728
879 0.038750
880 0.261659
881 0.163186
882 0.063323
883 -0.224259
884 0.073024
885 -0.047507
886 0.041638
887 0.010304
888 0.086118
889 0.091019
890 0.050277
891 -0.205848
892 -0.064780
893 0.180017
894 -0.026958
895 0.130609
896 0.151634
897 0.109926
898 0.003632
899 0.060390
900 0.127639
901 -0.021922
902 0.201705
903 0.038507
904 -0.093697
905 0.173087
906 0.031464
907 0.064974
908 -0.260755
909 0.040597
910 0.113010
911 0.151074
912 -0.137813
913 -0.059891
914 -0.030170
915 -0.027071
916 0.049601
917 0.098500
918 -0.053657
919 0.092224
920 0.111157
921 0.002859
922 0.139141
923 -0.182930
924 0.103687
925 -0.063879
926 0.102075
927 0.044631
928 0.215878
929 -0.058505
930 -0.067108
931 0.233363
932 0.324699
933 -0.370661
934 0.119305
935 -0.073854
936 0.163333
937 -0.003785
938 0.135494
939 0.118374
940 0.052831
941 0.007328
942 -0.048417
943 0.160119
944 -0.148742
945 0.219075
946 0.252472
947 0.126962
948 -0.309737
949 0.193092
950 0.080470
951 -0.025924
952 0.048218
953 0.121135
954 -0.055554
955 0.065018
956 0.179255
957 0.281412
958 -0.180342
959 -0.099226
960 0.262078
961 -0.057428
962 0.095821
963 0.090703
964 0.106153
965 0.082801
966 -0.130483
967 0.283488
968 -0.203956
969 0.017675
970 0.085260
971 0.067520
972 0.212824
973 -0.110904
974 0.032192
975 0.182786
976 0.156523
977 0.198753
978 0.183996
979 -0.058585
980 0.065016
981 -0.200274
982 0.127787
983 0.162435
984 -0.088004
985 0.035486
986 -0.088559
987 -0.054675
988 0.069820
989 0.085765
990 -0.256953
991 0.097607
992 0.028079
993 -0.108906
994 0.024730
995 -0.021324
996 0.014802
997 0.083998
998 0.104361
999 0.160157
1000 0.135942
1001 -0.073608
1002 -0.234566
1003 0.034642
1004 0.078933
1005 0.155166
1006 -0.045404
1007 0.059304
1008 -0.049613
1009 0.021750
1010 -0.018048
1011 -0.020697
1012 -0.217603
1013 0.102562
1014 0.043804
1015 0.222808
1016 0.029445
1017 -0.136367
1018 -0.065691
1019 0.039951
1020 -0.139038
1021 -0.064725
1022 -0.056477
1023 -0.046471
1024 -0.071130
1025 -0.039133
1026 0.063409
1027 0.021538
1028 -0.160565
1029 -0.107530
1030 -0.014471
1031 -0.032056
1032 0.001717
1033 0.104072
1034 0.089987
1035 0.020015
1036 0.077846
1037 0.163781
1038 -0.191449
1039 0.146091
1040 0.301572
1041 0.148453
1042 -0.033841
1043 0.104866
1044 -0.031468
1045 0.120216
1046 0.296988
1047 -0.071169
1048 -0.054494
1049 0.157962
1050 0.112705
1051 0.295920
1052 0.116523
1053 -0.045987
1054 0.082922
1055 0.104302
1056 0.166946
1057 0.024692
1058 -0.158638
1059 0.188411
1060 -0.057310
1061 0.122032
1062 -0.144357
1063 0.006134
1064 0.136202
1065 0.107406
1066 -0.215855
1067 -0.106504
1068 0.030785
1069 -0.018164
1070 0.049642
1071 -0.200685
1072 -0.187204
1073 -0.130476
1074 -0.085153
1075 -0.011256
1076 0.067602
1077 0.143625
1078 -0.003661
1079 -0.159964
1080 0.077777
1081 -0.112234
1082 0.099423
1083 -0.104202
1084 0.156961
1085 -0.045761
1086 -0.024949
1087 0.082954
1088 0.020215
1089 -0.106730
1090 0.193405
1091 -0.033254
1092 0.137706
1093 0.189410
1094 -0.249830
1095 0.134083
1096 -0.041646
1097 -0.134821
1098 0.180739
1099 -0.219053
1100 0.159189
1101 0.064193
1102 0.114566
1103 0.130180
1104 -0.025424
1105 -0.015110
1106 0.281064
1107 0.204953
1108 -0.130599
1109 -0.069729
1110 -0.102524
1111 -0.029758
1112 0.067220
1113 -0.092977
1114 0.149916
1115 0.221744
1116 -0.137634
1117 0.074390
1118 -0.116452
1119 -0.293724
1120 0.285634
1121 0.024788
1122 0.134248
1123 0.079268
1124 0.341023
1125 -0.071186
1126 0.005704
1127 0.045689
1128 0.093351
1129 0.197473
1130 0.060344
1131 -0.127766
1132 -0.035939
1133 -0.197456
1134 -0.146933
1135 -0.041603
1136 -0.021332
1137 0.113679
1138 -0.006261
1139 0.054810
1140 -0.309476
1141 0.068271
1142 0.064600
1143 0.023546
1144 -0.166098
1145 -0.016726
1146 0.076931
1147 0.109123
1148 -0.124229
1149 -0.164158
1150 0.125190
1151 0.125184
1152 -0.019466
1153 -0.096706
1154 0.149743
1155 0.187189
1156 -0.030636
1157 0.128028
1158 0.133116
1159 -0.015697
1160 0.219400
1161 0.077939
1162 0.051203
1163 -0.174515
1164 0.014464
1165 0.100081
1166 -0.138079
1167 0.173239
1168 -0.031396
1169 0.284108
1170 0.156278
1171 -0.093608
1172 -0.086566
1173 -0.150642
1174 0.232086
1175 0.111331
1176 -0.060537
1177 -0.146452
1178 0.191193
1179 0.035046
1180 -0.194932
1181 -0.094057
1182 0.108760
1183 0.001068
1184 -0.109061
1185 -0.087373
1186 -0.150498
1187 0.219649
1188 -0.174110
1189 0.005009
1190 0.045471
1191 -0.107027
1192 0.054702
1193 -0.040196
1194 -0.019669
1195 -0.125809
1196 -0.019908
1197 -0.040306
1198 -0.206889
1199 -0.100919
1200 -0.028974
1201 0.031696
1202 -0.117119
1203 0.039715
1204 0.121158
1205 -0.106594
1206 -0.017506
1207 0.152533
1208 -0.020549
1209 -0.125829
1210 0.202017
1211 -0.034738
1212 0.280778
1213 0.086065
1214 -0.045170
1215 0.118373
1216 -0.153051
1217 0.069793
1218 0.033974
1219 0.147871
1220 -0.110174
1221 0.043770
1222 -0.025257
1223 -0.079103
