0 0.271759
1 0.179657
2 -0.099735
3 0.160446
4 0.027207
5 0.056712
6 0.007220
7 -0.234365
8 -0.187526
9 0.064058
10 0.109253
11 0.023193
12 0.030840
13 0.142573
14 -0.052647
15 -0.010167
16 0.108902
17 -0.075422
18 -0.012445
19 0.091668
20 0.365152
21 0.136019
22 0.067442
23 0.189630
24 0.300101
25 0.223459
26 -0.123658
27 -0.037450
28 -0.175055
29 0.275916
30 0.084054
31 0.038417
32 -0.009034
33 0.142990
34 0.071312
35 -0.015953
36 -0.186144
37 0.001367
38 -0.021761
39 -0.026687
40 -0.079665
41 0.074029
42 -0.098184
43 0.053114
44 0.274899
45 0.233003
46 0.008840
47 0.116496
48 -0.009954
49 -0.123784
50 -0.163543
51 -0.006533
52 0.194385
53 -0.203239
54 0.117136
55 0.155154
56 -0.062646
57 -0.117288
58 0.175024
59 -0.087159
60 0.026104
61 0.081996
62 -0.152512
63 0.103490
64 -0.048436
65 -0.134569
66 0.203852
67 0.190592
68 0.064269
69 -0.109755
70 -0.080098
71 0.005932
72 0.045727
73 -0.029029
74 -0.102660
75 0.039021
76 -0.089312
77 -0.000647
78 0.140670
79 0.067886
80 -0.057790
81 0.290045
82 0.145173
83 0.129287
84 0.173863
85 0.199527
86 0.026238
87 0.018172
88 0.124424
89 -0.001638
90 0.232055
91 -0.024682
92 -0.231163
93 -0.236677
94 0.104001
95 0.391766
96 0.180021
97 0.074699
98 0.074585
99 0.099886
100 -0.012513
101 -0.166806
102 -0.232324
103 0.101368
104 -0.014838
105 0.067281
106 -0.164819
107 -0.062735
108 0.220852
109 0.271505
110 0.091798
111 -0.165301
112 -0.145443
113 -0.177510
114 0.156919
115 -0.004581
116 0.110326
117 0.130779
118 -0.002235
119 0.233991
120 -0.132967
121 0.142206
122 -0.047802
123 0.052108
124 -0.042901
125 0.197241
126 0.058420
127 0.160833
128 -0.160887
129 0.114687
130 -0.105600
131 -0.166473
132 0.031441
133 -0.036108
134 -0.109846
135 0.208161
136 0.032382
137 -0.100339
138 0.030780
139 0.108515
140 0.063701
141 -0.069510
142 -0.129698
143 0.162349
144 0.196384
145 0.195724
146 0.054462
147 -0.283047
148 0.190959
149 -0.076499
150 0.047882
151 0.235673
152 0.229581
153 0.099690
154 0.239437
155 -0.104038
156 0.091030
157 0.064663
158 0.109137
159 0.001043
160 0.121765
161 -0.039228
162 0.099027
163 0.072555
164 0.136401
165 0.274690
166 0.038927
167 0.056658
168 -0.147374
169 -0.045705
170 -0.072508
171 -0.027664
172 0.180944
173 0.067157
174 0.024964
175 -0.301515
176 0.253079
177 0.002337
178 -0.041692
179 -0.068051
180 0.033792
181 0.101727
182 -0.153160
183 -0.357572
184 0.078466
185 0.184692
186 0.061179
187 -0.072533
188 0.020368
189 -0.294717
190 -0.016771
191 -0.018804
192 -0.106514
193 -0.369961
194 0.169697
195 -0.030864
196 0.026818
197 0.019207
198 0.092066
199 0.070188
200 0.133530
201 -0.064033
202 -0.201801
203 -0.068477
204 0.030976
205 0.129058
206 -0.038375
207 0.032336
208 0.009622
209 -0.080769
210 -0.115392
211 0.055882
212 -0.248546
213 -0.053417
214 0.074886
215 -0.245685
216 -0.027180
217 -0.120094
218 0.180388
219 -0.439599
220 0.068258
221 -0.070402
222 0.130810
223 0.115991
224 0.068538
225 -0.061175
226 -0.026676
227 0.405857
228 0.211633
229 -0.089246
230 0.057499
231 0.028830
232 0.238470
233 -0.092725
234 0.041879
235 0.023876
236 0.128667
237 -0.045654
238 -0.033334
239 0.066450
240 -0.035654
241 0.047960
242 -0.069954
243 -0.049904
244 0.001763
245 0.135962
246 0.105156
247 0.009425
248 -0.069946
249 0.141774
250 -0.074131
251 -0.042866
252 0.033441
253 0.228579
254 -0.105418
255 -0.079829
256 0.002995
257 0.193283
258 0.087208
259 0.041951
260 0.144752
261 0.158734
262 0.157770
263 0.145029
264 0.049207
265 -0.055741
266 0.210954
267 0.045338
268 0.129817
269 -0.106991
270 0.094740
271 0.089748
272 -0.344178
273 -0.178531
274 0.269446
275 0.170121
276 -0.154641
277 -0.077215
278 0.128863
279 0.049069
280 0.026623
281 -0.078911
282 0.197354
283 -0.004046
284 0.092095
285 0.046516
286 0.064451
287 0.227355
288 -0.107448
289 -0.038208
290 -0.078058
291 0.100393
292 -0.068937
293 0.039621
294 -0.067192
295 0.034746
296 -0.110334
297 -0.021693
298 -0.014415
299 0.074135
300 -0.083630
301 -0.088397
302 -0.091015
303 0.180409
304 0.162813
305 0.052048
306 -0.102119
307 0.197848
308 0.115559
309 -0.151090
310 0.020784
311 -0.019766
312 0.167257
313 0.148488
314 0.083003
315 -0.198640
316 0.124322
317 -0.033587
318 0.134222
319 -0.173916
320 0.141958
321 0.149708
322 0.170439
323 -0.194939
324 0.170821
325 0.024249
326 0.105868
327 0.067899
328 0.104085
329 0.110141
330 -0.071470
331 0.144512
332 0.177867
333 0.217524
334 -0.109814
335 -0.030323
336 -0.340403
337 0.188458
338 -0.068668
339 -0.122498
340 0.056926
341 -0.007391
342 -0.138642
343 -0.134954
344 -0.065188
345 0.088828
346 -0.061047
347 0.020656
348 -0.087992
349 -0.070774
350 0.070125
351 0.168736
352 -0.162916
353 -0.020453
354 -0.065583
355 -0.054990
356 0.178951
357 -0.049555
358 0.080361
359 0.013416
360 0.220813
361 0.054298
362 0.047284
363 -0.070471
364 -0.103152
365 -0.043392
366 0.054072
367 0.000180
368 -0.028572
369 -0.012190
370 0.186496
371 -0.117415
372 -0.018911
373 0.229963
374 -0.096248
375 -0.019272
376 -0.086117
377 0.110858
378 -0.149804
379 0.233711
380 0.169148
381 0.061241
382 0.050329
383 0.151174
384 0.115612
385 -0.159912
386 -0.561597
387 -0.000335
388 0.122414
389 0.004069
390 -0.118633
391 0.093873
392 0.122144
393 -0.062359
394 0.204685
395 -0.183836
396 0.108879
397 0.014823
398 -0.160123
399 0.249818
400 -0.268154
401 -0.160690
402 -0.030257
403 0.079085
404 0.183430
405 -0.110111
406 -0.058177
407 0.018534
408 0.130139
409 -0.225550
410 0.133267
411 0.228298
412 0.098347
413 -0.369349
414 -0.088906
415 0.037197
416 0.137873
417 0.024942
418 0.138290
419 0.053570
420 -0.101774
421 0.112667
422 -0.009535
423 0.125614
424 0.151540
425 -0.023022
426 0.281595
427 0.111250
428 0.162896
429 -0.242783
430 0.066591
431 0.065175
432 0.233491
433 0.032158
434 -0.057284
435 0.094741
436 0.128936
437 0.097945
438 0.115231
439 0.129547
440 0.089208
441 0.026846
442 0.024064
443 -0.016303
444 0.079066
445 -0.058557
446 0.187926
447 0.173613
448 0.059231
449 0.202812
450 -0.099481
451 0.123167
452 -0.070535
453 -0.029325
454 -0.020737
455 0.001657
456 0.215898
457 0.000534
458 0.128781
459 -0.075897
460 -0.296844
461 0.145920
462 0.046646
463 0.008532
464 -0.143626
465 0.191225
466 0.147385
467 0.052584
468 0.146048
469 0.111745
470 0.208287
471 -0.087467
472 -0.140975
473 0.141018
474 -0.031680
475 0.001753
476 -0.117721
477 0.161798
478 -0.197480
479 -0.032133
480 0.057010
481 -0.135365
482 0.042117
483 -0.380435
484 -0.042926
485 0.104387
486 0.057731
487 0.157596
488 0.082783
489 0.149982
490 0.202736
491 0.338390
492 0.120131
493 0.153078
494 0.140958
495 0.216519
496 0.058679
497 0.218066
498 -0.001297
499 0.017232
500 0.286425
501 0.051183
502 0.180468
503 0.239752
504 -0.202642
505 0.246582
506 0.046377
507 0.060695
508 -0.124839
509 0.125562
510 0.146546
511 0.217720
512 0.018680
513 0.135026
514 0.002224
515 0.082185
516 -0.078062
517 0.049375
518 0.135312
519 -0.075917
520 -0.146542
521 -0.070103
522 -0.041406
523 0.241620
524 0.104896
525 0.089811
526 0.013748
527 -0.079977
528 -0.059354
529 0.258423
530 -0.115295
531 0.116774
532 0.014373
533 0.209454
534 0.103100
535 0.105597
536 -0.031183
537 0.104849
538 0.272688
539 0.016977
540 0.127292
541 0.245836
542 -0.024398
543 -0.066146
544 0.044021
545 0.034298
546 0.000665
547 0.090623
548 0.105464
549 -0.098096
550 0.135968
551 0.128706
552 0.024413
553 0.152781
554 0.071895
555 -0.129693
556 0.012251
557 0.129930
558 -0.102192
559 0.051191
560 0.193598
561 -0.036273
562 0.025559
563 0.022570
564 0.045657
565 0.005294
566 -0.026899
567 0.008105
568 -0.003719
569 -0.023302
570 0.017401
571 0.007040
572 -0.143193
573 0.086509
574 -0.047105
575 -0.053531
576 0.022877
577 0.095984
578 0.105859
579 -0.015580
580 0.076787
581 -0.019371
582 0.067609
583 0.024592
584 0.027232
585 -0.019950
586 0.158501
587 0.181300
588 0.019221
589 -0.015055
590 -0.153411
591 0.085300
592 0.001042
593 -0.060754
594 -0.006744
595 -0.108813
596 -0.063179
597 -0.061023
598 -0.065539
599 0.105705
600 -0.031725
601 -0.019622
602 -0.044160
603 -0.137389
604 0.057458
605 0.000601
606 -0.011316
607 -0.053265
608 -0.042217
609 -0.093668
610 -0.021922
611 0.005675
612 -0.049901
613 0.093213
614 0.027271
615 0.030594
616 0.019816
617 -0.010153
618 0.001416
619 -0.000036
620 -0.048427
621 -0.082635
622 -0.049123
623 -0.042459
624 0.028205
625 0.008353
626 -0.027370
627 0.015578
628 0.160389
629 0.033363
630 -0.023181
631 -0.041602
632 -0.180387
633 -0.022801
634 -0.016343
635 0.032129
636 0.094326
637 0.167594
638 -0.042567
639 -0.122713
640 0.089667
641 0.181617
642 -0.031704
643 -0.174206
644 0.013100
645 0.025063
646 -0.033431
647 0.021057
648 0.103741
649 -0.115313
650 -0.147056
651 -0.003546
652 -0.118396
653 0.040903
654 0.027242
655 0.046429
656 0.103687
657 0.143818
658 -0.172791
659 0.065848
660 -0.192713
661 0.015834
662 0.159433
663 0.103938
664 0.096758
665 -0.032534
666 -0.065514
667 0.165038
668 0.092404
669 -0.077572
670 -0.257607
671 -0.171778
672 -0.083874
673 0.081909
674 0.159198
675 0.145890
676 0.089509
677 0.093518
678 -0.138027
679 -0.037862
680 -0.055264
681 -0.038666
682 0.155074
683 0.064679
684 0.024170
685 -0.235901
686 0.098029
687 -0.051631
688 -0.055740
689 0.003126
690 0.135582
691 0.098483
692 0.127987
693 0.258667
694 -0.104547
695 0.191845
696 0.097289
697 -0.055641
698 0.026446
699 0.263617
700 0.089616
701 -0.035351
702 -0.197250
703 -0.129767
704 0.044105
705 -0.014498
706 0.003812
707 0.105626
708 0.036086
709 -0.100295
710 -0.048761
711 -0.145238
712 0.370498
713 -0.206304
714 -0.019651
715 0.293597
716 -0.089745
717 -0.314647
718 -0.131931
719 0.253694
720 0.100786
721 0.217793
722 0.095006
723 -0.019945
724 -0.062595
725 0.121441
726 0.039927
727 0.038737
728 0.003483
729 -0.129538
730 0.059626
731 0.143106
732 0.171825
733 -0.172847
734 0.345734
735 0.030813
736 0.108785
737 0.245250
738 -0.195293
739 -0.071464
740 0.048034
741 0.268724
742 0.255047
743 -0.198824
744 -0.085772
745 0.057263
746 -0.094591
747 0.167953
748 -0.028924
749 0.008817
750 0.002321
751 0.189771
752 -0.013220
753 -0.037744
754 -0.022990
755 -0.132675
756 -0.152200
757 0.237410
758 0.066194
759 0.292342
760 -0.045378
761 -0.074009
762 -0.054336
763 0.006891
764 0.183110
765 0.369099
766 -0.051475
767 0.126788
768 0.181517
769 0.040028
770 0.001910
771 0.165222
772 0.167347
773 0.016581
774 -0.089854
775 0.166484
776 0.320781
777 0.243118
778 0.046969
779 -0.132606
780 -0.011236
781 0.079407
782 -0.134954
783 0.100578
784 0.129734
785 0.405441
786 0.185984
787 0.097005
788 0.138281
789 -0.119430
790 -0.009357
791 -0.105505
792 -0.027035
793 -0.087239
794 0.043690
795 0.117639
796 0.066924
797 -0.075073
798 0.309831
799 -0.008836
800 -0.019112
801 -0.077820
802 -0.020289
803 -0.050998
804 0.386585
805 -0.064234
806 -0.173947
807 0.053954
808 -0.082284
809 0.044409
810 0.169599
811 -0.241607
812 0.118930
813 -0.060302
814 -0.122364
815 -0.027852
816 0.110344
817 0.199159
818 0.173332
819 0.005352
820 0.112886
821 0.078841
822 -0.171733
823 -0.214092
824 -0.009694
825 -0.081354
826 0.001138
827 -0.071765
828 0.131719
829 0.220449
830 0.136785
831 0.015626
832 -0.084642
833 -0.148735
834 0.111806
835 -0.333149
836 -0.107010
837 -0.052779
838 0.188539
839 0.329826
840 -0.055288
841 0.099126
842 -0.161262
843 -0.092858
844 0.095299
845 0.203821
846 -0.051175
847 0.076644
848 0.004952
849 -0.090076
850 0.036754
851 0.118958
852 0.035126
853 0.283378
854 0.162484
855 -0.017959
856 -0.049902
857 0.157717
858 0.122895
859 0.111415
860 0.164373
861 0.093552
862 0.000426
863 0.217900
864 0.172617
865 -0.054489
866 0.365911
867 0.039072
868 0.217831
869 -0.092912
870 -0.145328
871 0.016995
872 0.069197
873 -0.025393
874 -0.098130
875 -0.085163
876 0.158502
877 0.215465
878 0.083674
879 -0.183486
880 0.025767
881 0.207486
882 0.087002
883 -0.071007
884 0.231671
885 -0.256880
886 0.104825
887 -0.085697
888 -0.074118
889 0.081854
890 -0.092483
891 0.015919
892 -0.019813
893 -0.145308
894 -0.001050
895 0.168456
896 -0.027657
897 -0.139300
898 -0.090138
899 -0.174421
900 0.143970
901 -0.069917
902 0.012785
903 -0.181537
904 0.152757
905 0.060540
906 0.029533
907 -0.034351
908 -0.257544
909 -0.174385
910 0.257238
911 0.215261
912 0.061417
913 0.016129
914 0.009523
915 -0.195702
916 -0.197758
917 0.021977
918 -0.054481
919 0.086973
920 -0.137620
921 0.035849
922 0.078663
923 -0.091454
924 -0.142200
925 0.374445
926 0.053904
927 -0.105800
928 0.177659
929 -0.121324
930 -0.003075
931 -0.274054
932 0.134192
933 0.010236
934 -0.015438
935 -0.167746
936 -0.219669
937 0.047638
938 0.191083
939 0.065767
940 -0.154737
941 0.260408
942 -0.033111
943 0.128128
944 -0.102629
945 -0.184649
946 0.000588
947 -0.120292
948 -0.050296
949 0.063228
950 -0.040442
951 -0.023133
952 0.157641
953 0.242418
954 -0.055709
955 0.048504
956 0.043698
957 0.093645
958 0.047013
959 -0.220977
960 0.272269
961 0.021990
962 0.020123
963 -0.066458
964 0.166449
965 0.087468
966 -0.041968
967 0.323976
968 -0.030817
969 0.108059
970 -0.075444
971 -0.197767
972 -0.200059
973 -0.190022
974 -0.067414
975 0.101996
976 -0.010339
977 0.104920
978 0.318528
979 0.169977
980 0.176254
981 0.132551
982 0.254227
983 -0.016310
984 -0.158074
985 0.083115
986 -0.022463
987 0.191438
988 0.250097
989 -0.011103
990 0.222778
991 0.235053
992 -0.152454
993 0.146573
994 0.137634
995 0.093575
996 -0.061925
997 -0.024219
998 -0.032021
999 -0.148818
1000 0.196174
1001 0.016821
1002 0.140223
1003 -0.188408
1004 0.017101
1005 -0.002636
1006 0.182159
1007 0.005268
1008 -0.123415
1009 -0.068731
1010 0.019105
1011 -0.185106
1012 0.070017
1013 -0.247851
1014 0.185632
1015 0.010787
1016 0.077940
1017 -0.057910
1018 0.202174
1019 0.031538
1020 -0.169908
1021 -0.082920
1022 -0.011903
1023 0.005533
1024 -0.212575
1025 0.115510
1026 0.108839
1027 0.023507
1028 -0.070869
1029 -0.056936
1030 0.197234
1031 -0.141949
1032 0.280620
1033 -0.179867
1034 -0.291728
1035 0.142864
1036 -0.258383
1037 0.132637
1038 -0.122442
1039 0.162668
1040 0.198011
1041 0.117163
1042 0.021831
1043 0.017159
1044 0.059212
1045 -0.087039
1046 0.002882
1047 -0.029526
1048 -0.033530
1049 0.196903
1050 0.123852
1051 -0.129105
1052 -0.125227
1053 -0.002636
1054 0.098817
1055 0.263546
1056 -0.046535
1057 0.002177
1058 0.210370
1059 -0.046841
1060 0.064683
1061 -0.247676
1062 -0.139993
1063 0.122528
1064 -0.074346
1065 0.142700
1066 -0.253486
1067 -0.216397
1068 0.014623
1069 -0.077946
1070 0.084158
1071 -0.021586
1072 -0.113650
1073 0.019303
1074 0.019905
1075 0.275302
1076 0.077504
1077 -0.007961
1078 0.089363
1079 0.153235
1080 -0.098089
1081 -0.023624
1082 -0.088883
1083 0.071481
1084 0.120112
1085 0.245709
1086 0.034724
1087 -0.166476
1088 0.216010
1089 0.100200
1090 -0.116579
1091 -0.009950
1092 -0.085643
1093 -0.058310
1094 0.130887
1095 -0.011054
1096 -0.193824
1097 -0.042917
1098 0.070842
1099 0.001208
1100 -0.084685
1101 -0.114703
1102 -0.126150
1103 0.005715
1104 -0.136502
1105 -0.057467
1106 -0.128770
1107 0.016775
1108 -0.068863
1109 0.043731
1110 0.170660
1111 0.121046
1112 -0.109493
1113 0.024985
1114 -0.195812
1115 0.206193
1116 0.213469
1117 0.048012
1118 0.127867
1119 -0.012732
1120 0.012743
1121 -0.219911
1122 0.061553
1123 -0.043780
1124 0.063492
1125 -0.188640
1126 -0.038403
1127 -0.174246
1128 0.077325
1129 0.032854
1130 0.231078
1131 -0.030109
1132 0.074219
1133 0.005926
1134 -0.083673
1135 -0.282923
1136 0.121377
1137 -0.188770
1138 0.039408
1139 0.121909
1140 -0.014138
1141 0.026131
1142 0.179117
1143 0.096982
1144 -0.099033
1145 -0.174176
1146 0.196987
1147 0.194508
1148 -0.108067
1149 0.134814
1150 -0.103149
1151 -0.084567
1152 -0.061645
1153 0.090853
1154 -0.103180
1155 0.052448
1156 0.080706
1157 -0.082341
1158 -0.148016
1159 0.090972
1160 -0.188323
1161 0.342250
1162 0.059421
1163 0.054657
1164 -0.005199
1165 -0.138036
1166 -0.130787
1167 0.086350
1168 -0.123155
1169 -0.105619
1170 0.156227
1171 0.173236
1172 0.438836
1173 -0.211841
1174 -0.425159
1175 -0.008799
1176 -0.112733
1177 -0.028888
1178 -0.058901
1179 -0.045909
1180 0.088059
1181 0.083934
1182 0.136440
1183 0.198475
1184 -0.291363
1185 0.097224
1186 0.139451
1187 -0.003835
1188 -0.112715
1189 0.234512
1190 -0.093438
1191 0.046937
1192 0.061030
1193 -0.163057
1194 -0.092114
1195 -0.156426
1196 0.107906
1197 -0.081019
1198 -0.111388
1199 -0.129142
1200 0.023067
1201 -0.221937
1202 -0.149682
1203 -0.058058
1204 -0.015031
1205 0.085633
1206 0.027258
1207 0.198762
1208 0.067449
1209 -0.019600
1210 -0.155632
1211 0.013044
1212 0.027087
1213 -0.187640
1214 0.333506
1215 0.014224
0 0.271759
1 0.179657
2 -0.099735
3 0.160446
4 0.027207
5 0.056712
6 0.007220
7 -0.234365
8 -0.187526
9 0.064058
10 0.109253
11 0.023193
12 0.030840
13 0.142573
14 -0.052647
15 -0.010167
16 0.108902
17 -0.075422
18 -0.012445
19 0.091668
20 0.365152
21 0.136019
22 0.067442
23 0.189630
24 0.300101
25 0.223459
26 -0.123658
27 -0.037450
28 -0.175055
29 0.275916
30 0.084054
31 0.038417
32 -0.009034
33 0.142990
34 0.071312
35 -0.015953
36 -0.186144
37 0.001367
38 -0.021761
39 -0.026687
40 -0.079665
41 0.074029
42 -0.098184
43 0.053114
44 0.274899
45 0.233003
46 0.008840
47 0.116496
48 -0.009954
49 -0.123784
50 -0.163543
51 -0.006533
52 0.194385
53 -0.203239
54 0.117136
55 0.155154
56 -0.062646
57 -0.117288
58 0.175024
59 -0.087159
60 0.026104
61 0.081996
62 -0.152512
63 0.103490
64 -0.048436
65 -0.134569
66 0.203852
67 0.190592
68 0.064269
69 -0.109755
70 -0.080098
71 0.005932
72 0.045727
73 -0.029029
74 -0.102660
75 0.039021
76 -0.089312
77 -0.000647
78 0.140670
79 0.067886
80 -0.057790
81 0.290045
82 0.145173
83 0.129287
84 0.173863
85 0.199527
86 0.026238
87 0.018172
88 0.124424
89 -0.001638
90 0.232055
91 -0.024682
92 -0.231163
93 -0.236677
94 0.104001
95 0.391766
96 0.180021
97 0.074699
98 0.074585
99 0.099886
100 -0.012513
101 -0.166806
102 -0.232324
103 0.101368
104 -0.014838
105 0.067281
106 -0.164819
107 -0.062735
108 0.220852
109 0.271505
110 0.091798
111 -0.165301
112 -0.145443
113 -0.177510
114 0.156919
115 -0.004581
116 0.110326
117 0.130779
118 -0.002235
119 0.233991
120 -0.132967
121 0.142206
122 -0.047802
123 0.052108
124 -0.042901
125 0.197241
126 0.058420
127 0.160833
128 -0.160887
129 0.114687
130 -0.105600
131 -0.166473
132 0.031441
133 -0.036108
134 -0.109846
135 0.208161
136 0.032382
137 -0.100339
138 0.030780
139 0.108515
140 0.063701
141 -0.069510
142 -0.129698
143 0.162349
144 0.196384
145 0.195724
146 0.054462
147 -0.283047
148 0.190959
149 -0.076499
150 0.047882
151 0.235673
152 0.229581
153 0.099690
154 0.239437
155 -0.104038
156 0.091030
157 0.064663
158 0.109137
159 0.001043
160 0.121765
161 -0.039228
162 0.099027
163 0.072555
164 0.136401
165 0.274690
166 0.038927
167 0.056658
168 -0.147374
169 -0.045705
170 -0.072508
171 -0.027664
172 0.180944
173 0.067157
174 0.024964
175 -0.301515
176 0.253079
177 0.002337
178 -0.041692
179 -0.068051
180 0.033792
181 0.101727
182 -0.153160
183 -0.357572
184 0.078466
185 0.184692
186 0.061179
187 -0.072533
188 0.020368
189 -0.294717
190 -0.016771
191 -0.018804
192 -0.106514
193 -0.369961
194 0.169697
195 -0.030864
196 0.026818
197 0.019207
198 0.092066
199 0.070188
200 0.133530
201 -0.064033
202 -0.201801
203 -0.068477
204 0.030976
205 0.129058
206 -0.038375
207 0.032336
208 0.009622
209 -0.080769
210 -0.115392
211 0.055882
212 -0.248546
213 -0.053417
214 0.074886
215 -0.245685
216 -0.027180
217 -0.120094
218 0.180388
219 -0.439599
220 0.068258
221 -0.070402
222 0.130810
223 0.115991
224 0.068538
225 -0.061175
226 -0.026676
227 0.405857
228 0.211633
229 -0.089246
230 0.057499
231 0.028830
232 0.238470
233 -0.092725
234 0.041879
235 0.023876
236 0.128667
237 -0.045654
238 -0.033334
239 0.066450
240 -0.035654
241 0.047960
242 -0.069954
243 -0.049904
244 0.001763
245 0.135962
246 0.105156
247 0.009425
248 -0.069946
249 0.141774
250 -0.074131
251 -0.042866
252 0.033441
253 0.228579
254 -0.105418
255 -0.079829
256 0.002995
257 0.193283
258 0.087208
259 0.041951
260 0.144752
261 0.158734
262 0.157770
263 0.145029
264 0.049207
265 -0.055741
266 0.210954
267 0.045338
268 0.129817
269 -0.106991
270 0.094740
271 0.089748
272 -0.344178
273 -0.178531
274 0.269446
275 0.170121
276 -0.154641
277 -0.077215
278 0.128863
279 0.049069
280 0.026623
281 -0.078911
282 0.197354
283 -0.004046
284 0.092095
285 0.046516
286 0.064451
287 0.227355
288 -0.107448
289 -0.038208
290 -0.078058
291 0.100393
292 -0.068937
293 0.039621
294 -0.067192
295 0.034746
296 -0.110334
297 -0.021693
298 -0.014415
299 0.074135
300 -0.083630
301 -0.088397
302 -0.091015
303 0.180409
304 0.162813
305 0.052048
306 -0.102119
307 0.197848
308 0.115559
309 -0.151090
310 0.020784
311 -0.019766
312 0.167257
313 0.148488
314 0.083003
315 -0.198640
316 0.124322
317 -0.033587
318 0.134222
319 -0.173916
320 0.141958
321 0.149708
322 0.170439
323 -0.194939
324 0.170821
325 0.024249
326 0.105868
327 0.067899
328 0.104085
329 0.110141
330 -0.071470
331 0.144512
332 0.177867
333 0.217524
334 -0.109814
335 -0.030323
336 -0.340403
337 0.188458
338 -0.068668
339 -0.122498
340 0.056926
341 -0.007391
342 -0.138642
343 -0.134954
344 -0.065188
345 0.088828
346 -0.061047
347 0.020656
348 -0.087992
349 -0.070774
350 0.070125
351 0.168736
352 -0.162916
353 -0.020453
354 -0.065583
355 -0.054990
356 0.178951
357 -0.049555
358 0.080361
359 0.013416
360 0.220813
361 0.054298
362 0.047284
363 -0.070471
364 -0.103152
365 -0.043392
366 0.054072
367 0.000180
368 -0.028572
369 -0.012190
370 0.186496
371 -0.117415
372 -0.018911
373 0.229963
374 -0.096248
375 -0.019272
376 -0.086117
377 0.110858
378 -0.149804
379 0.233711
380 0.169148
381 0.061241
382 0.050329
383 0.151174
384 0.115612
385 -0.159912
386 -0.561597
387 -0.000335
388 0.122414
389 0.004069
390 -0.118633
391 0.093873
392 0.122144
393 -0.062359
394 0.204685
395 -0.183836
396 0.108879
397 0.014823
398 -0.160123
399 0.249818
400 -0.268154
401 -0.160690
402 -0.030257
403 0.079085
404 0.183430
405 -0.110111
406 -0.058177
407 0.018534
408 0.130139
409 -0.225550
410 0.133267
411 0.228298
412 0.098347
413 -0.369349
414 -0.088906
415 0.037197
416 0.137873
417 0.024942
418 0.138290
419 0.053570
420 -0.101774
421 0.112667
422 -0.009535
423 0.125614
424 0.151540
425 -0.023022
426 0.281595
427 0.111250
428 0.162896
429 -0.242783
430 0.066591
431 0.065175
432 0.233491
433 0.032158
434 -0.057284
435 0.094741
436 0.128936
437 0.097945
438 0.115231
439 0.129547
440 0.089208
441 0.026846
442 0.024064
443 -0.016303
444 0.079066
445 -0.058557
446 0.187926
447 0.173613
448 0.059231
449 0.202812
450 -0.099481
451 0.123167
452 -0.070535
453 -0.029325
454 -0.020737
455 0.001657
456 0.215898
457 0.000534
458 0.128781
459 -0.075897
460 -0.296844
461 0.145920
462 0.046646
463 0.008532
464 -0.143626
465 0.191225
466 0.147385
467 0.052584
468 0.146048
469 0.111745
470 0.208287
471 -0.087467
472 -0.140975
473 0.141018
474 -0.031680
475 0.001753
476 -0.117721
477 0.161798
478 -0.197480
479 -0.032133
480 0.057010
481 -0.135365
482 0.042117
483 -0.380435
484 -0.042926
485 0.104387
486 0.057731
487 0.157596
488 0.082783
489 0.149982
490 0.202736
491 0.338390
492 0.120131
493 0.153078
494 0.140958
495 0.216519
496 0.058679
497 0.218066
498 -0.001297
499 0.017232
500 0.286425
501 0.051183
502 0.180468
503 0.239752
504 -0.202642
505 0.246582
506 0.046377
507 0.060695
508 -0.124839
509 0.125562
510 0.146546
511 0.217720
512 0.018680
513 0.135026
514 0.002224
515 0.082185
516 -0.078062
517 0.049375
518 0.135312
519 -0.075917
520 -0.146542
521 -0.070103
522 -0.041406
523 0.241620
524 0.104896
525 0.089811
526 0.013748
527 -0.079977
528 -0.059354
529 0.258423
530 -0.115295
531 0.116774
532 0.014373
533 0.209454
534 0.103100
535 0.105597
536 -0.031183
537 0.104849
538 0.272688
539 0.016977
540 0.127292
541 0.245836
542 -0.024398
543 -0.066146
544 0.044021
545 0.034298
546 0.000665
547 0.090623
548 0.105464
549 -0.098096
550 0.135968
551 0.128706
552 0.024413
553 0.152781
554 0.071895
555 -0.129693
556 0.012251
557 0.129930
558 -0.102192
559 0.051191
560 0.193598
561 -0.036273
562 0.025559
563 0.022570
564 0.045657
565 0.005294
566 -0.026899
567 0.008105
568 -0.003719
569 -0.023302
570 0.017401
571 0.007040
572 -0.143193
573 0.086509
574 -0.047105
575 -0.053531
576 0.022877
577 0.095984
578 0.105859
579 -0.015580
580 0.076787
581 -0.019371
582 0.067609
583 0.024592
584 0.027232
585 -0.019950
586 0.158501
587 0.181300
588 0.019221
589 -0.015055
590 -0.153411
591 0.085300
592 0.001042
593 -0.060754
594 -0.006744
595 -0.108813
596 -0.063179
597 -0.061023
598 -0.065539
599 0.105705
600 -0.031725
601 -0.019622
602 -0.044160
603 -0.137389
604 0.057458
605 0.000601
606 -0.011316
607 -0.053265
608 -0.042217
609 -0.093668
610 -0.021922
611 0.005675
612 -0.049901
613 0.093213
614 0.027271
615 0.030594
616 0.019816
617 -0.010153
618 0.001416
619 -0.000036
620 -0.048427
621 -0.082635
622 -0.049123
623 -0.042459
624 0.028205
625 0.008353
626 -0.027370
627 0.015578
628 0.160389
629 0.033363
630 -0.023181
631 -0.041602
632 -0.180387
633 -0.022801
634 -0.016343
635 0.032129
636 0.094326
637 0.167594
638 -0.042567
639 -0.122713
640 0.089667
641 0.181617
642 -0.031704
643 -0.174206
644 0.013100
645 0.025063
646 -0.033431
647 0.021057
648 0.103741
649 -0.115313
650 -0.147056
651 -0.003546
652 -0.118396
653 0.040903
654 0.027242
655 0.046429
656 0.103687
657 0.143818
658 -0.172791
659 0.065848
660 -0.192713
661 0.015834
662 0.159433
663 0.103938
664 0.096758
665 -0.032534
666 -0.065514
667 0.165038
668 0.092404
669 -0.077572
670 -0.257607
671 -0.171778
672 -0.083874
673 0.081909
674 0.159198
675 0.145890
676 0.089509
677 0.093518
678 -0.138027
679 -0.037862
680 -0.055264
681 -0.038666
682 0.155074
683 0.064679
684 0.024170
685 -0.235901
686 0.098029
687 -0.051631
688 -0.055740
689 0.003126
690 0.135582
691 0.098483
692 0.127987
693 0.258667
694 -0.104547
695 0.191845
696 0.097289
697 -0.055641
698 0.026446
699 0.263617
700 0.089616
701 -0.035351
702 -0.197250
703 -0.129767
704 0.044105
705 -0.014498
706 0.003812
707 0.105626
708 0.036086
709 -0.100295
710 -0.048761
711 -0.145238
712 0.370498
713 -0.206304
714 -0.019651
715 0.293597
716 -0.089745
717 -0.314647
718 -0.131931
719 0.253694
720 0.100786
721 0.217793
722 0.095006
723 -0.019945
724 -0.062595
725 0.121441
726 0.039927
727 0.038737
728 0.003483
729 -0.129538
730 0.059626
731 0.143106
732 0.171825
733 -0.172847
734 0.345734
735 0.030813
736 0.108785
737 0.245250
738 -0.195293
739 -0.071464
740 0.048034
741 0.268724
742 0.255047
743 -0.198824
744 -0.085772
745 0.057263
746 -0.094591
747 0.167953
748 -0.028924
749 0.008817
750 0.002321
751 0.189771
752 -0.013220
753 -0.037744
754 -0.022990
755 -0.132675
756 -0.152200
757 0.237410
758 0.066194
759 0.292342
760 -0.045378
761 -0.074009
762 -0.054336
763 0.006891
764 0.183110
765 0.369099
766 -0.051475
767 0.126788
768 0.181517
769 0.040028
770 0.001910
771 0.165222
772 0.167347
773 0.016581
774 -0.089854
775 0.166484
776 0.320781
777 0.243118
778 0.046969
779 -0.132606
780 -0.011236
781 0.079407
782 -0.134954
783 0.100578
784 0.129734
785 0.405441
786 0.185984
787 0.097005
788 0.138281
789 -0.119430
790 -0.009357
791 -0.105505
792 -0.027035
793 -0.087239
794 0.043690
795 0.117639
796 0.066924
797 -0.075073
798 0.309831
799 -0.008836
800 -0.019112
801 -0.077820
802 -0.020289
803 -0.050998
804 0.386585
805 -0.064234
806 -0.173947
807 0.053954
808 -0.082284
809 0.044409
810 0.169599
811 -0.241607
812 0.118930
813 -0.060302
814 -0.122364
815 -0.027852
816 0.110344
817 0.199159
818 0.173332
819 0.005352
820 0.112886
821 0.078841
822 -0.171733
823 -0.214092
824 -0.009694
825 -0.081354
826 0.001138
827 -0.071765
828 0.131719
829 0.220449
830 0.136785
831 0.015626
832 -0.084642
833 -0.148735
834 0.111806
835 -0.333149
836 -0.107010
837 -0.052779
838 0.188539
839 0.329826
840 -0.055288
841 0.099126
842 -0.161262
843 -0.092858
844 0.095299
845 0.203821
846 -0.051175
847 0.076644
848 0.004952
849 -0.090076
850 0.036754
851 0.118958
852 0.035126
853 0.283378
854 0.162484
855 -0.017959
856 -0.049902
857 0.157717
858 0.122895
859 0.111415
860 0.164373
861 0.093552
862 0.000426
863 0.217900
864 0.172617
865 -0.054489
866 0.365911
867 0.039072
868 0.217831
869 -0.092912
870 -0.145328
871 0.016995
872 0.069197
873 -0.025393
874 -0.098130
875 -0.085163
876 0.158502
877 0.215465
878 0.083674
879 -0.183486
880 0.025767
881 0.207486
882 0.087002
883 -0.071007
884 0.231671
885 -0.256880
886 0.104825
887 -0.085697
888 -0.074118
889 0.081854
890 -0.092483
891 0.015919
892 -0.019813
893 -0.145308
894 -0.001050
895 0.168456
896 -0.027657
897 -0.139300
898 -0.090138
899 -0.174421
900 0.143970
901 -0.069917
902 0.012785
903 -0.181537
904 0.152757
905 0.060540
906 0.029533
907 -0.034351
908 -0.257544
909 -0.174385
910 0.257238
911 0.215261
912 0.061417
913 0.016129
914 0.009523
915 -0.195702
916 -0.197758
917 0.021977
918 -0.054481
919 0.086973
920 -0.137620
921 0.035849
922 0.078663
923 -0.091454
924 -0.142200
925 0.374445
926 0.053904
927 -0.105800
928 0.177659
929 -0.121324
930 -0.003075
931 -0.274054
932 0.134192
933 0.010236
934 -0.015438
935 -0.167746
936 -0.219669
937 0.047638
938 0.191083
939 0.065767
940 -0.154737
941 0.260408
942 -0.033111
943 0.128128
944 -0.102629
945 -0.184649
946 0.000588
947 -0.120292
948 -0.050296
949 0.063228
950 -0.040442
951 -0.023133
952 0.157641
953 0.242418
954 -0.055709
955 0.048504
956 0.043698
957 0.093645
958 0.047013
959 -0.220977
960 0.272269
961 0.021990
962 0.020123
963 -0.066458
964 0.166449
965 0.087468
966 -0.041968
967 0.323976
968 -0.030817
969 0.108059
970 -0.075444
971 -0.197767
972 -0.200059
973 -0.190022
974 -0.067414
975 0.101996
976 -0.010339
977 0.104920
978 0.318528
979 0.169977
980 0.176254
981 0.132551
982 0.254227
983 -0.016310
984 -0.158074
985 0.083115
986 -0.022463
987 0.191438
988 0.250097
989 -0.011103
990 0.222778
991 0.235053
992 -0.152454
993 0.146573
994 0.137634
995 0.093575
996 -0.061925
997 -0.024219
998 -0.032021
999 -0.148818
1000 0.196174
1001 0.016821
1002 0.140223
1003 -0.188408
1004 0.017101
1005 -0.002636
1006 0.182159
1007 0.005268
1008 -0.123415
1009 -0.068731
1010 0.019105
1011 -0.185106
1012 0.070017
1013 -0.247851
1014 0.185632
1015 0.010787
1016 0.077940
1017 -0.057910
1018 0.202174
1019 0.031538
1020 -0.169908
1021 -0.082920
1022 -0.011903
1023 0.005533
1024 -0.212575
1025 0.115510
1026 0.108839
1027 0.023507
1028 -0.070869
1029 -0.056936
1030 0.197234
1031 -0.141949
1032 0.280620
1033 -0.179867
1034 -0.291728
1035 0.142864
1036 -0.258383
1037 0.132637
1038 -0.122442
1039 0.162668
1040 0.198011
1041 0.117163
1042 0.021831
1043 0.017159
1044 0.059212
1045 -0.087039
1046 0.002882
1047 -0.029526
1048 -0.033530
1049 0.196903
1050 0.123852
1051 -0.129105
1052 -0.125227
1053 -0.002636
1054 0.098817
1055 0.263546
1056 -0.046535
1057 0.002177
1058 0.210370
1059 -0.046841
1060 0.064683
1061 -0.247676
1062 -0.139993
1063 0.122528
1064 -0.074346
1065 0.142700
1066 -0.253486
1067 -0.216397
1068 0.014623
1069 -0.077946
1070 0.084158
1071 -0.021586
1072 -0.113650
1073 0.019303
1074 0.019905
1075 0.275302
1076 0.077504
1077 -0.007961
1078 0.089363
1079 0.153235
1080 -0.098089
1081 -0.023624
1082 -0.088883
1083 0.071481
1084 0.120112
1085 0.245709
1086 0.034724
1087 -0.166476
1088 0.216010
1089 0.100200
1090 -0.116579
1091 -0.009950
1092 -0.085643
1093 -0.058310
1094 0.130887
1095 -0.011054
1096 -0.193824
1097 -0.042917
1098 0.070842
1099 0.001208
1100 -0.084685
1101 -0.114703
1102 -0.126150
1103 0.005715
1104 -0.136502
1105 -0.057467
1106 -0.128770
1107 0.016775
1108 -0.068863
1109 0.043731
1110 0.170660
1111 0.121046
1112 -0.109493
1113 0.024985
1114 -0.195812
1115 0.206193
1116 0.213469
1117 0.048012
1118 0.127867
1119 -0.012732
1120 0.012743
1121 -0.219911
1122 0.061553
1123 -0.043780
1124 0.063492
1125 -0.188640
1126 -0.038403
1127 -0.174246
1128 0.077325
1129 0.032854
1130 0.231078
1131 -0.030109
1132 0.074219
1133 0.005926
1134 -0.083673
1135 -0.282923
1136 0.121377
1137 -0.188770
1138 0.039408
1139 0.121909
1140 -0.014138
1141 0.026131
1142 0.179117
1143 0.096982
1144 -0.099033
1145 -0.174176
1146 0.196987
1147 0.194508
1148 -0.108067
1149 0.134814
1150 -0.103149
1151 -0.084567
1152 -0.061645
1153 0.090853
1154 -0.103180
1155 0.052448
1156 0.080706
1157 -0.082341
1158 -0.148016
1159 0.090972
1160 -0.188323
1161 0.342250
1162 0.059421
1163 0.054657
1164 -0.005199
1165 -0.138036
1166 -0.130787
1167 0.086350
1168 -0.123155
1169 -0.105619
1170 0.156227
1171 0.173236
1172 0.438836
1173 -0.211841
1174 -0.425159
1175 -0.008799
1176 -0.112733
1177 -0.028888
1178 -0.058901
1179 -0.045909
1180 0.088059
1181 0.083934
1182 0.136440
1183 0.198475
1184 -0.291363
1185 0.097224
1186 0.139451
1187 -0.003835
1188 -0.112715
1189 0.234512
1190 -0.093438
1191 0.046937
1192 0.061030
1193 -0.163057
1194 -0.092114
1195 -0.156426
1196 0.107906
1197 -0.081019
1198 -0.111388
1199 -0.129142
1200 0.023067
1201 -0.221937
1202 -0.149682
1203 -0.058058
1204 -0.015031
1205 0.085633
1206 0.027258
1207 0.198762
1208 0.067449
1209 -0.019600
1210 -0.155632
1211 0.013044
1212 0.027087
1213 -0.187640
1214 0.333506
1215 0.014224
0 0.271759
1 0.179657
2 -0.099735
3 0.160446
4 0.027207
5 0.056712
6 0.007220
7 -0.234365
8 -0.187526
9 0.064058
10 0.109253
11 0.023193
12 0.030840
13 0.142573
14 -0.052647
15 -0.010167
16 0.108902
17 -0.075422
18 -0.012445
19 0.091668
20 0.365152
21 0.136019
22 0.067442
23 0.189630
24 0.300101
25 0.223459
26 -0.123658
27 -0.037450
28 -0.175055
29 0.275916
30 0.084054
31 0.038417
32 -0.009034
33 0.142990
34 0.071312
35 -0.015953
36 -0.186144
37 0.001367
38 -0.021761
39 -0.026687
40 -0.079665
41 0.074029
42 -0.098184
43 0.053114
44 0.274899
45 0.233003
46 0.008840
47 0.116496
48 -0.009954
49 -0.123784
50 -0.163543
51 -0.006533
52 0.194385
53 -0.203239
54 0.117136
55 0.155154
56 -0.062646
57 -0.117288
58 0.175024
59 -0.087159
60 0.026104
61 0.081996
62 -0.152512
63 0.103490
64 -0.048436
65 -0.134569
66 0.203852
67 0.190592
68 0.064269
69 -0.109755
70 -0.080098
71 0.005932
72 0.045727
73 -0.029029
74 -0.102660
75 0.039021
76 -0.089312
77 -0.000647
78 0.140670
79 0.067886
80 -0.057790
81 0.290045
82 0.145173
83 0.129287
84 0.173863
85 0.199527
86 0.026238
87 0.018172
88 0.124424
89 -0.001638
90 0.232055
91 -0.024682
92 -0.231163
93 -0.236677
94 0.104001
95 0.391766
96 0.180021
97 0.074699
98 0.074585
99 0.099886
100 -0.012513
101 -0.166806
102 -0.232324
103 0.101368
104 -0.014838
105 0.067281
106 -0.164819
107 -0.062735
108 0.220852
109 0.271505
110 0.091798
111 -0.165301
112 -0.145443
113 -0.177510
114 0.156919
115 -0.004581
116 0.110326
117 0.130779
118 -0.002235
119 0.233991
120 -0.132967
121 0.142206
122 -0.047802
123 0.052108
124 -0.042901
125 0.197241
126 0.058420
127 0.160833
128 -0.160887
129 0.114687
130 -0.105600
131 -0.166473
132 0.031441
133 -0.036108
134 -0.109846
135 0.208161
136 0.032382
137 -0.100339
138 0.030780
139 0.108515
140 0.063701
141 -0.069510
142 -0.129698
143 0.162349
144 0.196384
145 0.195724
146 0.054462
147 -0.283047
148 0.190959
149 -0.076499
150 0.047882
151 0.235673
152 0.229581
153 0.099690
154 0.239437
155 -0.104038
156 0.091030
157 0.064663
158 0.109137
159 0.001043
160 0.121765
161 -0.039228
162 0.099027
163 0.072555
164 0.136401
165 0.274690
166 0.038927
167 0.056658
168 -0.147374
169 -0.045705
170 -0.072508
171 -0.027664
172 0.180944
173 0.067157
174 0.024964
175 -0.301515
176 0.253079
177 0.002337
178 -0.041692
179 -0.068051
180 0.033792
181 0.101727
182 -0.153160
183 -0.357572
184 0.078466
185 0.184692
186 0.061179
187 -0.072533
188 0.020368
189 -0.294717
190 -0.016771
191 -0.018804
192 -0.106514
193 -0.369961
194 0.169697
195 -0.030864
196 0.026818
197 0.019207
198 0.092066
199 0.070188
200 0.133530
201 -0.064033
202 -0.201801
203 -0.068477
204 0.030976
205 0.129058
206 -0.038375
207 0.032336
208 0.009622
209 -0.080769
210 -0.115392
211 0.055882
212 -0.248546
213 -0.053417
214 0.074886
215 -0.245685
216 -0.027180
217 -0.120094
218 0.180388
219 -0.439599
220 0.068258
221 -0.070402
222 0.130810
223 0.115991
224 0.068538
225 -0.061175
226 -0.026676
227 0.405857
228 0.211633
229 -0.089246
230 0.057499
231 0.028830
232 0.238470
233 -0.092725
234 0.041879
235 0.023876
236 0.128667
237 -0.045654
238 -0.033334
239 0.066450
240 -0.035654
241 0.047960
242 -0.069954
243 -0.049904
244 0.001763
245 0.135962
246 0.105156
247 0.009425
248 -0.069946
249 0.141774
250 -0.074131
251 -0.042866
252 0.033441
253 0.228579
254 -0.105418
255 -0.079829
256 0.002995
257 0.193283
258 0.087208
259 0.041951
260 0.144752
261 0.158734
262 0.157770
263 0.145029
264 0.049207
265 -0.055741
266 0.210954
267 0.045338
268 0.129817
269 -0.106991
270 0.094740
271 0.089748
272 -0.344178
273 -0.178531
274 0.269446
275 0.170121
276 -0.154641
277 -0.077215
278 0.128863
279 0.049069
280 0.026623
281 -0.078911
282 0.197354
283 -0.004046
284 0.092095
285 0.046516
286 0.064451
287 0.227355
288 -0.107448
289 -0.038208
290 -0.078058
291 0.100393
292 -0.068937
293 0.039621
294 -0.067192
295 0.034746
296 -0.110334
297 -0.021693
298 -0.014415
299 0.074135
300 -0.083630
301 -0.088397
302 -0.091015
303 0.180409
304 0.162813
305 0.052048
306 -0.102119
307 0.197848
308 0.115559
309 -0.151090
310 0.020784
311 -0.019766
312 0.167257
313 0.148488
314 0.083003
315 -0.198640
316 0.124322
317 -0.033587
318 0.134222
319 -0.173916
320 0.141958
321 0.149708
322 0.170439
323 -0.194939
324 0.170821
325 0.024249
326 0.105868
327 0.067899
328 0.104085
329 0.110141
330 -0.071470
331 0.144512
332 0.177867
333 0.217524
334 -0.109814
335 -0.030323
336 -0.340403
337 0.188458
338 -0.068668
339 -0.122498
340 0.056926
341 -0.007391
342 -0.138642
343 -0.134954
344 -0.065188
345 0.088828
346 -0.061047
347 0.020656
348 -0.087992
349 -0.070774
350 0.070125
351 0.168736
352 -0.162916
353 -0.020453
354 -0.065583
355 -0.054990
356 0.178951
357 -0.049555
358 0.080361
359 0.013416
360 0.220813
361 0.054298
362 0.047284
363 -0.070471
364 -0.103152
365 -0.043392
366 0.054072
367 0.000180
368 -0.028572
369 -0.012190
370 0.186496
371 -0.117415
372 -0.018911
373 0.229963
374 -0.096248
375 -0.019272
376 -0.086117
377 0.110858
378 -0.149804
379 0.233711
380 0.169148
381 0.061241
382 0.050329
383 0.151174
384 0.115612
385 -0.159912
386 -0.561597
387 -0.000335
388 0.122414
389 0.004069
390 -0.118633
391 0.093873
392 0.122144
393 -0.062359
394 0.204685
395 -0.183836
396 0.108879
397 0.014823
398 -0.160123
399 0.249818
400 -0.268154
401 -0.160690
402 -0.030257
403 0.079085
404 0.183430
405 -0.110111
406 -0.058177
407 0.018534
408 0.130139
409 -0.225550
410 0.133267
411 0.228298
412 0.098347
413 -0.369349
414 -0.088906
415 0.037197
416 0.137873
417 0.024942
418 0.138290
419 0.053570
420 -0.101774
421 0.112667
422 -0.009535
423 0.125614
424 0.151540
425 -0.023022
426 0.281595
427 0.111250
428 0.162896
429 -0.242783
430 0.066591
431 0.065175
432 0.233491
433 0.032158
434 -0.057284
435 0.094741
436 0.128936
437 0.097945
438 0.115231
439 0.129547
440 0.089208
441 0.026846
442 0.024064
443 -0.016303
444 0.079066
445 -0.058557
446 0.187926
447 0.173613
448 0.059231
449 0.202812
450 -0.099481
451 0.123167
452 -0.070535
453 -0.029325
454 -0.020737
455 0.001657
456 0.215898
457 0.000534
458 0.128781
459 -0.075897
460 -0.296844
461 0.145920
462 0.046646
463 0.008532
464 -0.143626
465 0.191225
466 0.147385
467 0.052584
468 0.146048
469 0.111745
470 0.208287
471 -0.087467
472 -0.140975
473 0.141018
474 -0.031680
475 0.001753
476 -0.117721
477 0.161798
478 -0.197480
479 -0.032133
480 0.057010
481 -0.135365
482 0.042117
483 -0.380435
484 -0.042926
485 0.104387
486 0.057731
487 0.157596
488 0.082783
489 0.149982
490 0.202736
491 0.338390
492 0.120131
493 0.153078
494 0.140958
495 0.216519
496 0.058679
497 0.218066
498 -0.001297
499 0.017232
500 0.286425
501 0.051183
502 0.180468
503 0.239752
504 -0.202642
505 0.246582
506 0.046377
507 0.060695
508 -0.124839
509 0.125562
510 0.146546
511 0.217720
512 0.018680
513 0.135026
514 0.002224
515 0.082185
516 -0.078062
517 0.049375
518 0.135312
519 -0.075917
520 -0.146542
521 -0.070103
522 -0.041406
523 0.241620
524 0.104896
525 0.089811
526 0.013748
527 -0.079977
528 -0.059354
529 0.258423
530 -0.115295
531 0.116774
532 0.014373
533 0.209454
534 0.103100
535 0.105597
536 -0.031183
537 0.104849
538 0.272688
539 0.016977
540 0.127292
541 0.245836
542 -0.024398
543 -0.066146
544 0.044021
545 0.034298
546 0.000665
547 0.090623
548 0.105464
549 -0.098096
550 0.135968
551 0.128706
552 0.024413
553 0.152781
554 0.071895
555 -0.129693
556 0.012251
557 0.129930
558 -0.102192
559 0.051191
560 0.193598
561 -0.036273
562 0.025559
563 0.022570
564 0.045657
565 0.005294
566 -0.026899
567 0.008105
568 -0.003719
569 -0.023302
570 0.017401
571 0.007040
572 -0.143193
573 0.086509
574 -0.047105
575 -0.053531
576 0.022877
577 0.095984
578 0.105859
579 -0.015580
580 0.076787
581 -0.019371
582 0.067609
583 0.024592
584 0.027232
585 -0.019950
586 0.158501
587 0.181300
588 0.019221
589 -0.015055
590 -0.153411
591 0.085300
592 0.001042
593 -0.060754
594 -0.006744
595 -0.108813
596 -0.063179
597 -0.061023
598 -0.065539
599 0.105705
600 -0.031725
601 -0.019622
602 -0.044160
603 -0.137389
604 0.057458
605 0.000601
606 -0.011316
607 -0.053265
608 -0.042217
609 -0.093668
610 -0.021922
611 0.005675
612 -0.049901
613 0.093213
614 0.027271
615 0.030594
616 0.019816
617 -0.010153
618 0.001416
619 -0.000036
620 -0.048427
621 -0.082635
622 -0.049123
623 -0.042459
624 0.028205
625 0.008353
626 -0.027370
627 0.015578
628 0.160389
629 0.033363
630 -0.023181
631 -0.041602
632 -0.180387
633 -0.022801
634 -0.016343
635 0.032129
636 0.094326
637 0.167594
638 -0.042567
639 -0.122713
640 0.089667
641 0.181617
642 -0.031704
643 -0.174206
644 0.013100
645 0.025063
646 -0.033431
647 0.021057
648 0.103741
649 -0.115313
650 -0.147056
651 -0.003546
652 -0.118396
653 0.040903
654 0.027242
655 0.046429
656 0.103687
657 0.143818
658 -0.172791
659 0.065848
660 -0.192713
661 0.015834
662 0.159433
663 0.103938
664 0.096758
665 -0.032534
666 -0.065514
667 0.165038
668 0.092404
669 -0.077572
670 -0.257607
671 -0.171778
672 -0.083874
673 0.081909
674 0.159198
675 0.145890
676 0.089509
677 0.093518
678 -0.138027
679 -0.037862
680 -0.055264
681 -0.038666
682 0.155074
683 0.064679
684 0.024170
685 -0.235901
686 0.098029
687 -0.051631
688 -0.055740
689 0.003126
690 0.135582
691 0.098483
692 0.127987
693 0.258667
694 -0.104547
695 0.191845
696 0.097289
697 -0.055641
698 0.026446
699 0.263617
700 0.089616
701 -0.035351
702 -0.197250
703 -0.129767
704 0.044105
705 -0.014498
706 0.003812
707 0.105626
708 0.036086
709 -0.100295
710 -0.048761
711 -0.145238
712 0.370498
713 -0.206304
714 -0.019651
715 0.293597
716 -0.089745
717 -0.314647
718 -0.131931
719 0.253694
720 0.100786
721 0.217793
722 0.095006
723 -0.019945
724 -0.062595
725 0.121441
726 0.039927
727 0.038737
728 0.003483
729 -0.129538
730 0.059626
731 0.143106
732 0.171825
733 -0.172847
734 0.345734
735 0.030813
736 0.108785
737 0.245250
738 -0.195293
739 -0.071464
740 0.048034
741 0.268724
742 0.255047
743 -0.198824
744 -0.085772
745 0.057263
746 -0.094591
747 0.167953
748 -0.028924
749 0.008817
750 0.002321
751 0.189771
752 -0.013220
753 -0.037744
754 -0.022990
755 -0.132675
756 -0.152200
757 0.237410
758 0.066194
759 0.292342
760 -0.045378
761 -0.074009
762 -0.054336
763 0.006891
764 0.183110
765 0.369099
766 -0.051475
767 0.126788
768 0.181517
769 0.040028
770 0.001910
771 0.165222
772 0.167347
773 0.016581
774 -0.089854
775 0.166484
776 0.320781
777 0.243118
778 0.046969
779 -0.132606
780 -0.011236
781 0.079407
782 -0.134954
783 0.100578
784 0.129734
785 0.405441
786 0.185984
787 0.097005
788 0.138281
789 -0.119430
790 -0.009357
791 -0.105505
792 -0.027035
793 -0.087239
794 0.043690
795 0.117639
796 0.066924
797 -0.075073
798 0.309831
799 -0.008836
800 -0.019112
801 -0.077820
802 -0.020289
803 -0.050998
804 0.386585
805 -0.064234
806 -0.173947
807 0.053954
808 -0.082284
809 0.044409
810 0.169599
811 -0.241607
812 0.118930
813 -0.060302
814 -0.122364
815 -0.027852
816 0.110344
817 0.199159
818 0.173332
819 0.005352
820 0.112886
821 0.078841
822 -0.171733
823 -0.214092
824 -0.009694
825 -0.081354
826 0.001138
827 -0.071765
828 0.131719
829 0.220449
830 0.136785
831 0.015626
832 -0.084642
833 -0.148735
834 0.111806
835 -0.333149
836 -0.107010
837 -0.052779
838 0.188539
839 0.329826
840 -0.055288
841 0.099126
842 -0.161262
843 -0.092858
844 0.095299
845 0.203821
846 -0.051175
847 0.076644
848 0.004952
849 -0.090076
850 0.036754
851 0.118958
852 0.035126
853 0.283378
854 0.162484
855 -0.017959
856 -0.049902
857 0.157717
858 0.122895
859 0.111415
860 0.164373
861 0.093552
862 0.000426
863 0.217900
864 0.172617
865 -0.054489
866 0.365911
867 0.039072
868 0.217831
869 -0.092912
870 -0.145328
871 0.016995
872 0.069197
873 -0.025393
874 -0.098130
875 -0.085163
876 0.158502
877 0.215465
878 0.083674
879 -0.183486
880 0.025767
881 0.207486
882 0.087002
883 -0.071007
884 0.231671
885 -0.256880
886 0.104825
887 -0.085697
888 -0.074118
889 0.081854
890 -0.092483
891 0.015919
892 -0.019813
893 -0.145308
894 -0.001050
895 0.168456
896 -0.027657
897 -0.139300
898 -0.090138
899 -0.174421
900 0.143970
901 -0.069917
902 0.012785
903 -0.181537
904 0.152757
905 0.060540
906 0.029533
907 -0.034351
908 -0.257544
909 -0.174385
910 0.257238
911 0.215261
912 0.061417
913 0.016129
914 0.009523
915 -0.195702
916 -0.197758
917 0.021977
918 -0.054481
919 0.086973
920 -0.137620
921 0.035849
922 0.078663
923 -0.091454
924 -0.142200
925 0.374445
926 0.053904
927 -0.105800
928 0.177659
929 -0.121324
930 -0.003075
931 -0.274054
932 0.134192
933 0.010236
934 -0.015438
935 -0.167746
936 -0.219669
937 0.047638
938 0.191083
939 0.065767
940 -0.154737
941 0.260408
942 -0.033111
943 0.128128
944 -0.102629
945 -0.184649
946 0.000588
947 -0.120292
948 -0.050296
949 0.063228
950 -0.040442
951 -0.023133
952 0.157641
953 0.242418
954 -0.055709
955 0.048504
956 0.043698
957 0.093645
958 0.047013
959 -0.220977
960 0.272269
961 0.021990
962 0.020123
963 -0.066458
964 0.166449
965 0.087468
966 -0.041968
967 0.323976
968 -0.030817
969 0.108059
970 -0.075444
971 -0.197767
972 -0.200059
973 -0.190022
974 -0.067414
975 0.101996
976 -0.010339
977 0.104920
978 0.318528
979 0.169977
980 0.176254
981 0.132551
982 0.254227
983 -0.016310
984 -0.158074
985 0.083115
986 -0.022463
987 0.191438
988 0.250097
989 -0.011103
990 0.222778
991 0.235053
992 -0.152454
993 0.146573
994 0.137634
995 0.093575
996 -0.061925
997 -0.024219
998 -0.032021
999 -0.148818
1000 0.196174
1001 0.016821
1002 0.140223
1003 -0.188408
1004 0.017101
1005 -0.002636
1006 0.182159
1007 0.005268
1008 -0.123415
1009 -0.068731
1010 0.019105
1011 -0.185106
1012 0.070017
1013 -0.247851
1014 0.185632
1015 0.010787
1016 0.077940
1017 -0.057910
1018 0.202174
1019 0.031538
1020 -0.169908
1021 -0.082920
1022 -0.011903
1023 0.005533
1024 -0.212575
1025 0.115510
1026 0.108839
1027 0.023507
1028 -0.070869
1029 -0.056936
1030 0.197234
1031 -0.141949
1032 0.280620
1033 -0.179867
1034 -0.291728
1035 0.142864
1036 -0.258383
1037 0.132637
1038 -0.122442
1039 0.162668
1040 0.198011
1041 0.117163
1042 0.021831
1043 0.017159
1044 0.059212
1045 -0.087039
1046 0.002882
1047 -0.029526
1048 -0.033530
1049 0.196903
1050 0.123852
1051 -0.129105
1052 -0.125227
1053 -0.002636
1054 0.098817
1055 0.263546
1056 -0.046535
1057 0.002177
1058 0.210370
1059 -0.046841
1060 0.064683
1061 -0.247676
1062 -0.139993
1063 0.122528
1064 -0.074346
1065 0.142700
1066 -0.253486
1067 -0.216397
1068 0.014623
1069 -0.077946
1070 0.084158
1071 -0.021586
1072 -0.113650
1073 0.019303
1074 0.019905
1075 0.275302
1076 0.077504
1077 -0.007961
1078 0.089363
1079 0.153235
1080 -0.098089
1081 -0.023624
1082 -0.088883
1083 0.071481
1084 0.120112
1085 0.245709
1086 0.034724
1087 -0.166476
1088 0.216010
1089 0.100200
1090 -0.116579
1091 -0.009950
1092 -0.085643
1093 -0.058310
1094 0.130887
1095 -0.011054
1096 -0.193824
1097 -0.042917
1098 0.070842
1099 0.001208
1100 -0.084685
1101 -0.114703
1102 -0.126150
1103 0.005715
1104 -0.136502
1105 -0.057467
1106 -0.128770
1107 0.016775
1108 -0.068863
1109 0.043731
1110 0.170660
1111 0.121046
1112 -0.109493
1113 0.024985
1114 -0.195812
1115 0.206193
1116 0.213469
1117 0.048012
1118 0.127867
1119 -0.012732
1120 0.012743
1121 -0.219911
1122 0.061553
1123 -0.043780
1124 0.063492
1125 -0.188640
1126 -0.038403
1127 -0.174246
1128 0.077325
1129 0.032854
1130 0.231078
1131 -0.030109
1132 0.074219
1133 0.005926
1134 -0.083673
1135 -0.282923
1136 0.121377
1137 -0.188770
1138 0.039408
1139 0.121909
1140 -0.014138
1141 0.026131
1142 0.179117
1143 0.096982
1144 -0.099033
1145 -0.174176
1146 0.196987
1147 0.194508
1148 -0.108067
1149 0.134814
1150 -0.103149
1151 -0.084567
1152 -0.061645
1153 0.090853
1154 -0.103180
1155 0.052448
1156 0.080706
1157 -0.082341
1158 -0.148016
1159 0.090972
1160 -0.188323
1161 0.342250
1162 0.059421
1163 0.054657
1164 -0.005199
1165 -0.138036
1166 -0.130787
1167 0.086350
1168 -0.123155
1169 -0.105619
1170 0.156227
1171 0.173236
1172 0.438836
1173 -0.211841
1174 -0.425159
1175 -0.008799
1176 -0.112733
1177 -0.028888
1178 -0.058901
1179 -0.045909
1180 0.088059
1181 0.083934
1182 0.136440
1183 0.198475
1184 -0.291363
1185 0.097224
1186 0.139451
1187 -0.003835
1188 -0.112715
1189 0.234512
1190 -0.093438
1191 0.046937
1192 0.061030
1193 -0.163057
1194 -0.092114
1195 -0.156426
1196 0.107906
1197 -0.081019
1198 -0.111388
1199 -0.129142
1200 0.023067
1201 -0.221937
1202 -0.149682
1203 -0.058058
1204 -0.015031
1205 0.085633
1206 0.027258
1207 0.198762
1208 0.067449
1209 -0.019600
1210 -0.155632
1211 0.013044
1212 0.027087
1213 -0.187640
1214 0.333506
1215 0.014224
0 0.271759
1 -0.024804
2 -0.095788
3 -0.180237
4 -0.085525
5 -0.146140
6 0.218669
7 -0.257478
8 -0.176582
9 -0.025493
10 0.015703
11 -0.229529
12 0.088996
13 0.145695
14 0.115948
15 -0.070671
16 -0.056156
17 -0.331337
18 0.101230
19 0.207397
20 -0.189639
21 0.029668
22 0.063592
23 0.007271
24 -0.212791
25 -0.067281
26 -0.023037
27 0.062951
28 -0.024628
29 0.014454
30 0.100788
31 -0.312668
32 0.058567
33 0.063154
34 -0.071408
35 -0.195443
36 -0.013497
37 -0.176782
38 -0.000468
39 -0.026067
40 0.247576
41 0.100276
42 -0.088876
43 -0.217641
44 0.005217
45 0.121445
46 -0.218414
47 -0.045581
48 -0.185070
49 0.089045
50 0.082762
51 -0.004653
52 -0.004207
53 0.006374
54 -0.300971
55 0.166447
56 -0.130993
57 0.063174
58 -0.044404
59 -0.159030
60 -0.072822
61 0.175406
62 -0.100874
63 -0.093328
64 -0.055049
65 0.077355
66 -0.320520
67 0.040436
68 -0.004012
69 -0.079239
70 0.004463
71 0.104116
72 -0.064107
73 0.089021
74 -0.016699
75 -0.037277
76 -0.288185
77 0.048370
78 -0.163573
79 -0.130429
80 0.028456
81 0.047362
82 0.073544
83 0.155099
84 -0.194889
85 0.016307
86 -0.062890
87 -0.084578
88 -0.003508
89 -0.165258
90 -0.116048
91 -0.090982
92 0.054066
93 0.114667
94 0.014580
95 -0.155297
96 -0.070300
97 0.334890
98 0.187301
99 0.054488
100 0.090228
101 0.070230
102 -0.150092
103 -0.115732
104 0.149885
105 -0.142412
106 0.036667
107 -0.101741
108 0.008420
109 0.175575
110 0.068065
111 -0.009370
112 0.025104
113 -0.007786
114 -0.143211
115 -0.021008
116 -0.029749
117 -0.078256
118 -0.018402
119 -0.029757
120 -0.091560
121 -0.045988
122 0.065554
123 0.022244
124 -0.041161
125 0.117388
126 -0.007790
127 -0.016041
128 -0.033382
129 -0.047655
130 -0.003960
131 0.169138
132 0.275532
133 0.004097
134 0.003501
135 0.187397
136 -0.110245
137 0.127183
138 -0.082297
139 0.036185
140 0.097228
141 0.189673
142 0.464450
143 0.010310
144 0.126162
145 -0.217651
146 -0.120466
147 0.145412
148 0.019725
149 0.116203
150 0.062284
151 0.092979
152 0.042629
153 0.144599
154 -0.048763
155 -0.119940
156 0.047817
157 0.085568
158 0.150117
159 -0.182570
160 0.379641
161 0.070822
162 0.155843
163 -0.040930
164 0.071532
165 0.048329
166 0.073322
167 0.033716
168 0.114051
169 -0.043501
170 0.174716
171 0.016596
172 -0.173201
173 0.019740
174 0.178602
175 -0.030940
176 0.054298
177 0.088364
178 -0.015692
179 0.214323
180 -0.171058
181 0.085726
182 -0.001934
183 0.275252
184 0.086858
185 -0.013665
186 0.174478
187 -0.112162
188 0.005502
189 -0.116511
190 -0.168814
191 0.082124
192 0.038375
193 0.052100
194 0.035554
195 0.021434
196 0.009030
197 -0.146357
198 0.013808
199 0.091896
200 -0.067206
201 0.132331
202 0.219175
203 0.060063
204 0.117036
205 0.142102
206 0.082623
207 0.084570
208 -0.238708
209 0.173966
210 -0.043749
211 0.051983
212 0.087234
213 -0.030114
214 0.056077
215 -0.104459
216 0.110968
217 0.188127
218 -0.007489
219 -0.078781
220 -0.080673
221 -0.038847
222 0.089672
223 -0.060550
224 0.412965
225 -0.077557
226 0.045072
227 0.057353
228 -0.005538
229 0.007206
230 -0.006465
231 -0.025418
232 0.028703
233 -0.022884
234 -0.049655
235 0.017871
236 -0.128343
237 -0.020342
238 -0.047682
239 -0.078682
240 -0.045323
241 -0.058614
242 -0.050962
243 -0.112096
244 0.025846
245 -0.252902
246 -0.092718
247 -0.009860
248 0.152974
249 -0.197371
250 -0.266717
251 0.169068
252 -0.070404
253 -0.029297
254 -0.128679
255 0.058335
256 -0.130658
257 -0.119607
258 0.136359
259 0.184117
260 -0.119241
261 -0.213196
262 0.078486
263 0.161126
264 0.136237
265 0.196145
266 -0.008499
267 0.182722
268 -0.039273
269 0.017710
270 0.109181
271 0.087368
272 0.080256
273 0.265082
274 0.059432
275 0.067343
276 -0.083147
277 0.139190
278 0.050980
279 -0.030521
280 0.061796
281 -0.065503
282 0.156935
283 0.041088
284 0.340226
285 -0.197622
286 0.123867
287 -0.084588
288 0.043790
289 0.038728
290 -0.066563
291 -0.039736
292 0.058120
293 0.015249
294 -0.024746
295 0.166509
296 0.049296
297 0.099120
298 0.032535
299 0.240018
300 0.066925
301 -0.007923
302 0.173792
303 0.054615
304 0.106028
305 0.071522
306 0.108071
307 -0.055171
308 0.110498
309 -0.093422
310 -0.014520
311 0.053087
312 0.143454
313 0.037269
314 0.107214
315 0.144475
316 0.069165
317 0.080384
318 0.122919
319 0.092143
320 0.021811
321 0.046596
322 0.055754
323 0.112658
324 -0.070678
325 0.001783
326 0.089401
327 0.226759
328 0.210419
329 -0.010841
330 -0.052119
331 0.160415
332 0.028507
333 0.005454
334 0.148538
335 0.070721
336 -0.044746
337 0.103685
338 0.020630
339 -0.060902
340 0.205765
341 -0.039627
342 0.107038
343 0.001917
344 0.159993
345 0.109094
346 -0.122060
347 -0.096919
348 0.005399
349 0.051986
350 -0.084472
351 0.030397
352 0.017635
353 0.041438
354 0.041993
355 0.046009
356 -0.033831
357 0.044110
358 -0.061390
359 0.029876
360 0.295468
361 -0.019189
362 0.024481
363 -0.034637
364 0.062938
365 0.182298
366 0.150796
367 0.092586
368 0.104754
369 0.185153
370 0.099604
371 -0.025581
372 -0.049272
373 -0.031955
374 -0.001336
375 0.026124
376 0.139356
377 0.066139
378 -0.058376
379 -0.049822
380 -0.043579
381 0.129139
382 0.027489
383 0.080120
384 0.022757
385 0.111693
386 0.099157
387 0.089641
388 0.020325
389 -0.024973
390 0.157040
391 0.073294
392 -0.013453
393 0.009225
394 0.039949
395 0.032800
396 0.064547
397 0.123582
398 -0.014744
399 -0.052689
400 0.031287
401 0.117929
402 0.135992
403 0.140248
404 0.015703
405 0.224665
406 -0.106137
407 -0.043057
408 -0.128995
409 0.019541
410 0.037633
411 0.048134
412 -0.141101
413 0.130431
414 -0.137531
415 0.000046
416 0.093643
417 -0.107082
418 -0.144294
419 0.014163
420 0.152040
421 0.079286
422 -0.011126
423 0.016671
424 -0.112478
425 -0.032272
426 -0.036710
427 -0.082578
428 0.133813
429 -0.052384
430 -0.106487
431 -0.156213
432 0.041525
433 -0.137682
434 0.091507
435 0.086183
436 -0.066711
437 0.002590
438 -0.028830
439 -0.226634
440 -0.055032
441 0.011518
442 0.080148
443 -0.001990
444 -0.164554
445 -0.175598
446 -0.152641
447 0.065109
448 0.005469
449 -0.052201
450 -0.058223
451 -0.056047
452 0.034826
453 -0.224283
454 -0.156378
455 -0.009327
456 -0.129567
457 0.025778
458 -0.131928
459 -0.014107
460 0.013964
461 0.004750
462 0.014020
463 0.139928
464 -0.000047
465 -0.013117
466 -0.147790
467 -0.054237
468 -0.041306
469 -0.078122
470 0.142241
471 -0.014489
472 0.186142
473 -0.000147
474 0.083653
475 0.114324
476 0.024371
477 -0.102164
478 0.027339
479 -0.034883
480 -0.059229
481 -0.012930
482 -0.051322
483 0.138306
484 0.020941
485 0.006607
486 0.259251
487 -0.059532
488 0.064285
489 0.060696
490 0.057916
491 -0.006137
492 0.111199
493 0.020636
494 0.011449
495 0.069999
496 -0.215245
497 0.015588
498 -0.073018
499 0.120993
500 0.045758
501 -0.022491
502 -0.095710
503 -0.119869
504 -0.084923
505 -0.081143
506 -0.178749
507 -0.039585
508 -0.138071
509 -0.088146
510 -0.058080
511 0.046032
512 0.106618
513 0.070875
514 0.181241
515 -0.047445
516 -0.001317
517 0.005470
518 -0.082976
519 0.053961
520 0.050618
521 0.001385
522 0.113185
523 -0.085253
524 -0.070599
525 0.045526
526 -0.078077
527 0.199304
528 -0.006447
529 -0.072226
530 -0.005101
531 -0.051185
532 0.042852
533 0.062039
534 0.024312
535 0.150767
536 0.107232
537 -0.029118
538 -0.086557
539 -0.023446
540 -0.015558
541 0.027575
542 -0.017673
543 0.016516
544 0.033606
545 0.048535
546 0.080318
547 -0.012473
548 -0.106762
549 0.003245
550 -0.030738
551 -0.096189
552 -0.121992
553 0.050185
554 0.025487
555 -0.067203
556 0.051293
557 0.128406
558 -0.015699
559 0.142810
560 -0.175873
561 -0.083211
562 -0.019740
563 0.137799
564 0.012642
565 -0.092465
566 0.006353
567 0.242897
568 0.080534
569 0.140800
570 -0.111622
571 -0.024606
572 0.043020
573 -0.038086
574 -0.077083
575 0.057555
576 0.029952
577 0.225871
578 -0.030262
579 0.035874
580 0.255148
581 0.289950
582 0.039633
583 -0.104104
584 -0.016818
585 0.104470
586 0.065462
587 0.067627
588 -0.124212
589 0.064749
590 -0.101128
591 0.018087
592 0.002034
593 -0.054735
594 0.363168
595 0.318049
596 -0.034671
597 0.029750
598 0.044344
599 0.015371
600 -0.024822
601 0.046339
602 0.196000
603 0.186757
604 0.068765
605 0.128180
606 -0.258850
607 -0.154171
608 0.207346
609 0.034841
610 0.295724
611 -0.009802
612 -0.040596
613 -0.021342
614 -0.130267
615 0.055716
616 0.351254
617 -0.053308
618 0.263424
619 -0.104713
620 0.110043
621 0.007010
622 0.050486
623 0.133528
624 0.205017
625 -0.151707
626 -0.082712
627 0.072889
628 0.269049
629 0.018357
630 0.044523
631 -0.017789
632 -0.088327
633 -0.028582
634 0.131232
635 0.211484
636 0.078775
637 -0.012190
638 -0.071869
639 -0.035600
640 0.008014
641 0.060833
642 -0.010215
643 0.013372
644 0.030917
645 0.125600
646 0.006988
647 -0.032792
648 -0.178991
649 0.080226
650 0.189851
651 -0.073447
652 0.434384
653 -0.011250
654 0.174029
655 0.345088
656 0.197082
657 -0.119247
658 -0.031064
659 0.223042
660 0.086048
661 -0.124541
662 0.114762
663 -0.173706
664 -0.022792
665 0.071683
666 0.081887
667 -0.013337
668 -0.167820
669 0.052751
670 0.119084
671 0.318495
672 0.152728
673 -0.053223
674 -0.177327
675 0.032604
676 -0.126826
677 0.335599
678 0.054831
679 0.176486
680 0.278626
681 0.164205
682 -0.140638
683 0.021798
684 -0.143838
685 -0.120580
686 0.048703
687 0.042826
688 0.173980
689 -0.157174
690 0.031170
691 -0.085762
692 0.142130
693 0.022813
694 0.029619
695 0.153173
696 -0.083959
697 0.077867
698 0.131189
699 -0.031551
700 0.171434
701 0.162500
702 -0.014266
703 -0.088203
704 0.109422
705 0.232706
706 0.031126
707 -0.173607
708 -0.019902
709 -0.126811
710 0.066084
711 -0.000248
712 0.116837
713 0.071590
714 0.017436
715 -0.094273
716 -0.255683
717 0.094062
718 0.291916
719 0.109587
720 0.148520
721 -0.178457
722 0.038910
723 -0.178209
724 -0.369031
725 0.054604
726 0.176046
727 -0.192991
728 -0.024054
729 0.103190
730 0.016111
731 0.126989
732 0.282060
733 0.079701
734 0.405787
735 -0.113451
736 0.205162
737 -0.132374
738 -0.181802
739 0.193324
740 0.185350
741 -0.040161
742 0.249497
743 0.067724
744 0.242982
745 0.148219
746 0.039949
747 -0.087996
748 -0.107151
749 0.159157
750 0.213612
751 -0.038486
752 0.211721
753 0.263602
754 0.172719
755 0.165825
756 -0.102656
757 -0.226262
758 0.209100
759 0.123611
760 -0.055491
761 0.125813
762 0.241611
763 -0.168967
764 0.056220
765 0.287116
766 0.346588
767 0.006069
768 0.357023
769 -0.072711
770 -0.230091
771 0.169340
772 0.013094
773 0.214197
774 0.185634
775 0.299663
776 -0.220609
777 -0.119004
778 0.210484
779 0.109378
780 0.159035
781 0.342029
782 0.104516
783 -0.038998
784 0.004127
785 0.367768
786 -0.069924
787 0.045757
788 0.138520
789 0.359827
790 0.079144
791 -0.133515
792 -0.192406
793 -0.017728
794 0.070564
795 0.226147
796 -0.062239
797 0.156671
798 -0.046209
799 -0.052331
800 0.309952
801 -0.060770
802 0.109330
803 0.161424
804 0.102751
805 0.073036
806 0.136333
807 0.085209
808 -0.166495
809 0.119823
810 0.111455
811 0.110565
812 0.059548
813 0.253354
814 -0.213158
815 0.003743
816 -0.016067
817 -0.087707
818 -0.149254
819 0.103295
820 -0.022990
821 -0.069679
822 0.109808
823 0.184438
824 0.179145
825 -0.237052
826 -0.007166
827 0.137978
828 0.009931
829 -0.029104
830 0.146297
831 0.216436
832 -0.094637
833 -0.000507
834 0.020389
835 0.195031
836 0.152070
837 0.033370
838 -0.056575
839 0.000365
840 0.019922
841 -0.136118
842 0.107653
843 0.140113
844 0.149490
845 0.183546
846 0.387317
847 -0.137280
848 -0.059942
849 0.189171
850 0.106144
851 -0.345785
852 0.046418
853 0.183847
854 0.109088
855 0.072557
856 0.068172
857 -0.027990
858 0.305162
859 0.152576
860 0.093721
861 -0.066338
862 -0.005423
863 0.069188
864 0.025403
865 0.115724
866 0.083197
867 0.052199
868 0.124848
869 -0.003012
870 0.148547
871 0.071222
872 -0.033849
873 -0.024106
874 0.074689
875 0.030851
876 0.053260
877 -0.053006
878 0.173394
879 0.139122
880 -0.039381
881 0.040680
882 -0.290418
883 0.080510
884 0.108137
885 0.233427
886 0.151625
887 -0.009285
888 0.286791
889 -0.001937
890 -0.163734
891 -0.156841
892 -0.015847
893 -0.122626
894 0.150299
895 -0.044732
896 -0.162468
897 0.156672
898 -0.000527
899 0.027933
900 0.059796
901 -0.080803
902 0.125265
903 -0.030707
904 -0.211100
905 -0.216040
906 0.110528
907 0.118567
908 0.042562
909 0.322819
910 0.144174
911 0.129817
912 -0.039937
913 0.150792
914 0.033402
915 -0.025766
916 0.296964
917 0.228849
918 0.126841
919 0.155115
920 -0.088375
921 0.174947
922 0.008180
923 0.031097
924 0.090337
925 0.361886
926 -0.292554
927 -0.135553
928 0.096196
929 0.025521
930 -0.007128
931 -0.085348
932 0.134675
933 0.058265
934 0.155569
935 0.006985
936 -0.036791
937 -0.085778
938 -0.081654
939 0.042449
940 0.099502
941 0.116462
942 -0.122614
943 -0.229409
944 -0.148074
945 -0.127294
946 -0.052416
947 -0.063124
948 0.032338
949 -0.222484
950 -0.132290
951 0.106274
952 -0.020440
953 -0.124859
954 0.077598
955 0.123870
956 0.028746
957 -0.098969
958 0.118196
959 0.021856
960 0.064586
961 -0.265502
962 0.148755
963 -0.174713
964 0.073921
965 0.165209
966 -0.063993
967 0.155292
968 -0.007760
969 0.142290
970 -0.113254
971 0.338065
972 -0.224941
973 0.003530
974 -0.026145
975 -0.013429
976 0.036691
977 0.060020
978 0.160277
979 -0.137831
980 -0.107910
981 0.059607
982 0.366492
983 -0.219464
984 0.310399
985 -0.105836
986 -0.099342
987 0.125025
988 -0.173014
989 0.179013
990 0.277736
991 0.093497
992 -0.241387
993 -0.105637
994 0.057506
995 0.167014
996 -0.227949
997 -0.073980
998 0.173744
999 0.207041
1000 -0.133532
1001 0.139881
1002 0.180653
1003 -0.006346
1004 0.070708
1005 0.056071
1006 -0.014794
1007 0.024292
1008 0.183481
1009 0.012571
1010 0.028312
1011 0.153938
1012 -0.175693
1013 0.129874
1014 -0.041919
1015 -0.109116
1016 0.156774
1017 0.128808
1018 0.220089
1019 -0.147834
1020 0.208438
1021 -0.222254
1022 0.106560
1023 -0.012512
1024 0.027978
1025 -0.239007
1026 -0.001139
1027 0.140981
1028 0.027993
1029 0.140078
1030 -0.027571
1031 0.028372
1032 -0.202919
1033 0.165558
1034 0.205115
1035 0.237409
1036 -0.137588
1037 -0.037250
1038 -0.044980
1039 0.043202
1040 -0.125952
1041 -0.025266
1042 -0.159605
1043 0.131883
1044 0.136385
1045 0.107983
1046 -0.172951
1047 0.070212
1048 -0.069975
1049 -0.095513
1050 -0.241020
1051 0.121940
1052 0.027799
1053 0.011339
1054 -0.263955
1055 -0.111597
1056 0.168310
1057 0.218865
1058 0.089039
1059 0.253956
1060 0.192477
1061 0.326187
1062 0.071750
1063 0.023535
1064 -0.068252
1065 0.393178
1066 0.238317
1067 0.274460
1068 0.096854
1069 0.237765
1070 -0.119068
1071 0.243729
1072 0.030600
1073 -0.088708
1074 -0.148107
1075 0.026715
1076 0.041955
1077 -0.026875
1078 0.051577
1079 -0.062639
1080 -0.026638
1081 0.104930
1082 0.179185
1083 0.143496
1084 -0.190767
1085 -0.216434
1086 -0.165376
1087 -0.165126
1088 0.001157
1089 -0.008011
1090 0.222843
1091 0.167902
1092 -0.264705
1093 0.203717
1094 0.244867
1095 -0.011892
1096 0.454702
1097 -0.015440
1098 -0.249015
1099 0.127652
1100 0.120084
1101 0.061365
1102 0.132317
1103 0.067223
1104 0.180020
1105 -0.045241
1106 -0.126825
1107 0.104012
1108 0.037463
1109 0.026087
1110 -0.126076
1111 0.219924
1112 0.011263
1113 0.328056
1114 0.108367
1115 0.138397
1116 0.027973
1117 0.071642
1118 0.142928
1119 -0.010512
1120 -0.029020
1121 -0.072573
1122 0.285061
1123 0.035556
1124 0.152756
1125 0.204539
1126 0.129789
1127 0.009183
1128 0.056628
1129 0.097106
1130 -0.004237
1131 -0.099772
1132 -0.205911
1133 -0.110936
1134 0.090882
1135 -0.037362
1136 -0.086427
1137 -0.218456
1138 0.040637
1139 -0.035385
1140 0.012959
1141 -0.109786
1142 0.007542
1143 -0.188637
1144 -0.112301
1145 -0.347672
1146 0.173493
1147 -0.193387
1148 0.007292
1149 0.026440
1150 -0.326841
1151 0.076440
1152 0.029362
1153 0.104882
1154 -0.083056
1155 -0.077995
1156 0.075570
1157 -0.096601
1158 -0.008995
1159 0.199973
1160 0.161043
1161 -0.041074
1162 0.046552
1163 0.049971
1164 0.180217
1165 -0.243062
1166 0.022011
1167 -0.153524
1168 0.122921
1169 -0.135514
1170 0.187816
1171 0.165398
1172 -0.028963
1173 0.484310
1174 0.223346
1175 -0.048780
1176 0.141438
1177 0.025061
1178 -0.062229
1179 0.210376
1180 0.272458
1181 0.160454
1182 0.293961
1183 -0.206805
1184 0.080113
1185 0.150167
1186 -0.254573
1187 0.155735
1188 0.245121
1189 0.044613
1190 0.017589
1191 -0.084867
1192 0.352719
1193 0.183832
1194 0.000548
1195 0.081602
1196 -0.026709
1197 -0.233513
1198 -0.081486
1199 -0.024486
1200 0.022337
1201 -0.153827
1202 0.362151
1203 0.251583
1204 0.093928
1205 0.086796
1206 -0.295682
1207 0.212408
1208 -0.032168
1209 0.283243
1210 -0.094337
1211 0.068362
1212 -0.241703
1213 0.354606
1214 0.033732
1215 -0.107315
1216 0.253185
1217 0.168855
1218 0.020859
1219 -0.117478
1220 0.214590
1221 -0.279678
1222 0.137974
1223 -0.140679
0 0.271759
1 -0.024804
2 -0.095788
3 -0.180237
4 -0.085525
5 -0.146140
6 0.218669
7 -0.257478
8 -0.176582
9 -0.025493
10 0.015703
11 -0.229529
12 0.088996
13 0.145695
14 0.115948
15 -0.070671
16 -0.056156
17 -0.331337
18 0.101230
19 0.207397
20 -0.189639
21 0.029668
22 0.063592
23 0.007271
24 -0.212791
25 -0.067281
26 -0.023037
27 0.062951
28 -0.024628
29 0.014454
30 0.100788
31 -0.312668
32 0.058567
33 0.063154
34 -0.071408
35 -0.195443
36 -0.013497
37 -0.176782
38 -0.000468
39 -0.026067
40 0.247576
41 0.100276
42 -0.088876
43 -0.217641
44 0.005217
45 0.121445
46 -0.218414
47 -0.045581
48 -0.185070
49 0.089045
50 0.082762
51 -0.004653
52 -0.004207
53 0.006374
54 -0.300971
55 0.166447
56 -0.130993
57 0.063174
58 -0.044404
59 -0.159030
60 -0.072822
61 0.175406
62 -0.100874
63 -0.093328
64 -0.055049
65 0.077355
66 -0.320520
67 0.040436
68 -0.004012
69 -0.079239
70 0.004463
71 0.104116
72 -0.064107
73 0.089021
74 -0.016699
75 -0.037277
76 -0.288185
77 0.048370
78 -0.163573
79 -0.130429
80 0.028456
81 0.047362
82 0.073544
83 0.155099
84 -0.194889
85 0.016307
86 -0.062890
87 -0.084578
88 -0.003508
89 -0.165258
90 -0.116048
91 -0.090982
92 0.054066
93 0.114667
94 0.014580
95 -0.155297
96 -0.070300
97 0.334890
98 0.187301
99 0.054488
100 0.090228
101 0.070230
102 -0.150092
103 -0.115732
104 0.149885
105 -0.142412
106 0.036667
107 -0.101741
108 0.008420
109 0.175575
110 0.068065
111 -0.009370
112 0.025104
113 -0.007786
114 -0.143211
115 -0.021008
116 -0.029749
117 -0.078256
118 -0.018402
119 -0.029757
120 -0.091560
121 -0.045988
122 0.065554
123 0.022244
124 -0.041161
125 0.117388
126 -0.007790
127 -0.016041
128 -0.033382
129 -0.047655
130 -0.003960
131 0.169138
132 0.275532
133 0.004097
134 0.003501
135 0.187397
136 -0.110245
137 0.127183
138 -0.082297
139 0.036185
140 0.097228
141 0.189673
142 0.464450
143 0.010310
144 0.126162
145 -0.217651
146 -0.120466
147 0.145412
148 0.019725
149 0.116203
150 0.062284
151 0.092979
152 0.042629
153 0.144599
154 -0.048763
155 -0.119940
156 0.047817
157 0.085568
158 0.150117
159 -0.182570
160 0.379641
161 0.070822
162 0.155843
163 -0.040930
164 0.071532
165 0.048329
166 0.073322
167 0.033716
168 0.114051
169 -0.043501
170 0.174716
171 0.016596
172 -0.173201
173 0.019740
174 0.178602
175 -0.030940
176 0.054298
177 0.088364
178 -0.015692
179 0.214323
180 -0.171058
181 0.085726
182 -0.001934
183 0.275252
184 0.086858
185 -0.013665
186 0.174478
187 -0.112162
188 0.005502
189 -0.116511
190 -0.168814
191 0.082124
192 0.038375
193 0.052100
194 0.035554
195 0.021434
196 0.009030
197 -0.146357
198 0.013808
199 0.091896
200 -0.067206
201 0.132331
202 0.219175
203 0.060063
204 0.117036
205 0.142102
206 0.082623
207 0.084570
208 -0.238708
209 0.173966
210 -0.043749
211 0.051983
212 0.087234
213 -0.030114
214 0.056077
215 -0.104459
216 0.110968
217 0.188127
218 -0.007489
219 -0.078781
220 -0.080673
221 -0.038847
222 0.089672
223 -0.060550
224 0.412965
225 -0.077557
226 0.045072
227 0.057353
228 -0.005538
229 0.007206
230 -0.006465
231 -0.025418
232 0.028703
233 -0.022884
234 -0.049655
235 0.017871
236 -0.128343
237 -0.020342
238 -0.047682
239 -0.078682
240 -0.045323
241 -0.058614
242 -0.050962
243 -0.112096
244 0.025846
245 -0.252902
246 -0.092718
247 -0.009860
248 0.152974
249 -0.197371
250 -0.266717
251 0.169068
252 -0.070404
253 -0.029297
254 -0.128679
255 0.058335
256 -0.130658
257 -0.119607
258 0.136359
259 0.184117
260 -0.119241
261 -0.213196
262 0.078486
263 0.161126
264 0.136237
265 0.196145
266 -0.008499
267 0.182722
268 -0.039273
269 0.017710
270 0.109181
271 0.087368
272 0.080256
273 0.265082
274 0.059432
275 0.067343
276 -0.083147
277 0.139190
278 0.050980
279 -0.030521
280 0.061796
281 -0.065503
282 0.156935
283 0.041088
284 0.340226
285 -0.197622
286 0.123867
287 -0.084588
288 0.043790
289 0.038728
290 -0.066563
291 -0.039736
292 0.058120
293 0.015249
294 -0.024746
295 0.166509
296 0.049296
297 0.099120
298 0.032535
299 0.240018
300 0.066925
301 -0.007923
302 0.173792
303 0.054615
304 0.106028
305 0.071522
306 0.108071
307 -0.055171
308 0.110498
309 -0.093422
310 -0.014520
311 0.053087
312 0.143454
313 0.037269
314 0.107214
315 0.144475
316 0.069165
317 0.080384
318 0.122919
319 0.092143
320 0.021811
321 0.046596
322 0.055754
323 0.112658
324 -0.070678
325 0.001783
326 0.089401
327 0.226759
328 0.210419
329 -0.010841
330 -0.052119
331 0.160415
332 0.028507
333 0.005454
334 0.148538
335 0.070721
336 -0.044746
337 0.103685
338 0.020630
339 -0.060902
340 0.205765
341 -0.039627
342 0.107038
343 0.001917
344 0.159993
345 0.109094
346 -0.122060
347 -0.096919
348 0.005399
349 0.051986
350 -0.084472
351 0.030397
352 0.017635
353 0.041438
354 0.041993
355 0.046009
356 -0.033831
357 0.044110
358 -0.061390
359 0.029876
360 0.295468
361 -0.019189
362 0.024481
363 -0.034637
364 0.062938
365 0.182298
366 0.150796
367 0.092586
368 0.104754
369 0.185153
370 0.099604
371 -0.025581
372 -0.049272
373 -0.031955
374 -0.001336
375 0.026124
376 0.139356
377 0.066139
378 -0.058376
379 -0.049822
380 -0.043579
381 0.129139
382 0.027489
383 0.080120
384 0.022757
385 0.111693
386 0.099157
387 0.089641
388 0.020325
389 -0.024973
390 0.157040
391 0.073294
392 -0.013453
393 0.009225
394 0.039949
395 0.032800
396 0.064547
397 0.123582
398 -0.014744
399 -0.052689
400 0.031287
401 0.117929
402 0.135992
403 0.140248
404 0.015703
405 0.224665
406 -0.106137
407 -0.043057
408 -0.128995
409 0.019541
410 0.037633
411 0.048134
412 -0.141101
413 0.130431
414 -0.137531
415 0.000046
416 0.093643
417 -0.107082
418 -0.144294
419 0.014163
420 0.152040
421 0.079286
422 -0.011126
423 0.016671
424 -0.112478
425 -0.032272
426 -0.036710
427 -0.082578
428 0.133813
429 -0.052384
430 -0.106487
431 -0.156213
432 0.041525
433 -0.137682
434 0.091507
435 0.086183
436 -0.066711
437 0.002590
438 -0.028830
439 -0.226634
440 -0.055032
441 0.011518
442 0.080148
443 -0.001990
444 -0.164554
445 -0.175598
446 -0.152641
447 0.065109
448 0.005469
449 -0.052201
450 -0.058223
451 -0.056047
452 0.034826
453 -0.224283
454 -0.156378
455 -0.009327
456 -0.129567
457 0.025778
458 -0.131928
459 -0.014107
460 0.013964
461 0.004750
462 0.014020
463 0.139928
464 -0.000047
465 -0.013117
466 -0.147790
467 -0.054237
468 -0.041306
469 -0.078122
470 0.142241
471 -0.014489
472 0.186142
473 -0.000147
474 0.083653
475 0.114324
476 0.024371
477 -0.102164
478 0.027339
479 -0.034883
480 -0.059229
481 -0.012930
482 -0.051322
483 0.138306
484 0.020941
485 0.006607
486 0.259251
487 -0.059532
488 0.064285
489 0.060696
490 0.057916
491 -0.006137
492 0.111199
493 0.020636
494 0.011449
495 0.069999
496 -0.215245
497 0.015588
498 -0.073018
499 0.120993
500 0.045758
501 -0.022491
502 -0.095710
503 -0.119869
504 -0.084923
505 -0.081143
506 -0.178749
507 -0.039585
508 -0.138071
509 -0.088146
510 -0.058080
511 0.046032
512 0.106618
513 0.070875
514 0.181241
515 -0.047445
516 -0.001317
517 0.005470
518 -0.082976
519 0.053961
520 0.050618
521 0.001385
522 0.113185
523 -0.085253
524 -0.070599
525 0.045526
526 -0.078077
527 0.199304
528 -0.006447
529 -0.072226
530 -0.005101
531 -0.051185
532 0.042852
533 0.062039
534 0.024312
535 0.150767
536 0.107232
537 -0.029118
538 -0.086557
539 -0.023446
540 -0.015558
541 0.027575
542 -0.017673
543 0.016516
544 0.033606
545 0.048535
546 0.080318
547 -0.012473
548 -0.106762
549 0.003245
550 -0.030738
551 -0.096189
552 -0.121992
553 0.050185
554 0.025487
555 -0.067203
556 0.051293
557 0.128406
558 -0.015699
559 0.142810
560 -0.175873
561 -0.083211
562 -0.019740
563 0.137799
564 0.012642
565 -0.092465
566 0.006353
567 0.242897
568 0.080534
569 0.140800
570 -0.111622
571 -0.024606
572 0.043020
573 -0.038086
574 -0.077083
575 0.057555
576 0.029952
577 0.225871
578 -0.030262
579 0.035874
580 0.255148
581 0.289950
582 0.039633
583 -0.104104
584 -0.016818
585 0.104470
586 0.065462
587 0.067627
588 -0.124212
589 0.064749
590 -0.101128
591 0.018087
592 0.002034
593 -0.054735
594 0.363168
595 0.318049
596 -0.034671
597 0.029750
598 0.044344
599 0.015371
600 -0.024822
601 0.046339
602 0.196000
603 0.186757
604 0.068765
605 0.128180
606 -0.258850
607 -0.154171
608 0.207346
609 0.034841
610 0.295724
611 -0.009802
612 -0.040596
613 -0.021342
614 -0.130267
615 0.055716
616 0.351254
617 -0.053308
618 0.263424
619 -0.104713
620 0.110043
621 0.007010
622 0.050486
623 0.133528
624 0.205017
625 -0.151707
626 -0.082712
627 0.072889
628 0.269049
629 0.018357
630 0.044523
631 -0.017789
632 -0.088327
633 -0.028582
634 0.131232
635 0.211484
636 0.078775
637 -0.012190
638 -0.071869
639 -0.035600
640 0.008014
641 0.060833
642 -0.010215
643 0.013372
644 0.030917
645 0.125600
646 0.006988
647 -0.032792
648 -0.178991
649 0.080226
650 0.189851
651 -0.073447
652 0.434384
653 -0.011250
654 0.174029
655 0.345088
656 0.197082
657 -0.119247
658 -0.031064
659 0.223042
660 0.086048
661 -0.124541
662 0.114762
663 -0.173706
664 -0.022792
665 0.071683
666 0.081887
667 -0.013337
668 -0.167820
669 0.052751
670 0.119084
671 0.318495
672 0.152728
673 -0.053223
674 -0.177327
675 0.032604
676 -0.126826
677 0.335599
678 0.054831
679 0.176486
680 0.278626
681 0.164205
682 -0.140638
683 0.021798
684 -0.143838
685 -0.120580
686 0.048703
687 0.042826
688 0.173980
689 -0.157174
690 0.031170
691 -0.085762
692 0.142130
693 0.022813
694 0.029619
695 0.153173
696 -0.083959
697 0.077867
698 0.131189
699 -0.031551
700 0.171434
701 0.162500
702 -0.014266
703 -0.088203
704 0.109422
705 0.232706
706 0.031126
707 -0.173607
708 -0.019902
709 -0.126811
710 0.066084
711 -0.000248
712 0.116837
713 0.071590
714 0.017436
715 -0.094273
716 -0.255683
717 0.094062
718 0.291916
719 0.109587
720 0.148520
721 -0.178457
722 0.038910
723 -0.178209
724 -0.369031
725 0.054604
726 0.176046
727 -0.192991
728 -0.024054
729 0.103190
730 0.016111
731 0.126989
732 0.282060
733 0.079701
734 0.405787
735 -0.113451
736 0.205162
737 -0.132374
738 -0.181802
739 0.193324
740 0.185350
741 -0.040161
742 0.249497
743 0.067724
744 0.242982
745 0.148219
746 0.039949
747 -0.087996
748 -0.107151
749 0.159157
750 0.213612
751 -0.038486
752 0.211721
753 0.263602
754 0.172719
755 0.165825
756 -0.102656
757 -0.226262
758 0.209100
759 0.123611
760 -0.055491
761 0.125813
762 0.241611
763 -0.168967
764 0.056220
765 0.287116
766 0.346588
767 0.006069
768 0.357023
769 -0.072711
770 -0.230091
771 0.169340
772 0.013094
773 0.214197
774 0.185634
775 0.299663
776 -0.220609
777 -0.119004
778 0.210484
779 0.109378
780 0.159035
781 0.342029
782 0.104516
783 -0.038998
784 0.004127
785 0.367768
786 -0.069924
787 0.045757
788 0.138520
789 0.359827
790 0.079144
791 -0.133515
792 -0.192406
793 -0.017728
794 0.070564
795 0.226147
796 -0.062239
797 0.156671
798 -0.046209
799 -0.052331
800 0.309952
801 -0.060770
802 0.109330
803 0.161424
804 0.102751
805 0.073036
806 0.136333
807 0.085209
808 -0.166495
809 0.119823
810 0.111455
811 0.110565
812 0.059548
813 0.253354
814 -0.213158
815 0.003743
816 -0.016067
817 -0.087707
818 -0.149254
819 0.103295
820 -0.022990
821 -0.069679
822 0.109808
823 0.184438
824 0.179145
825 -0.237052
826 -0.007166
827 0.137978
828 0.009931
829 -0.029104
830 0.146297
831 0.216436
832 -0.094637
833 -0.000507
834 0.020389
835 0.195031
836 0.152070
837 0.033370
838 -0.056575
839 0.000365
840 0.019922
841 -0.136118
842 0.107653
843 0.140113
844 0.149490
845 0.183546
846 0.387317
847 -0.137280
848 -0.059942
849 0.189171
850 0.106144
851 -0.345785
852 0.046418
853 0.183847
854 0.109088
855 0.072557
856 0.068172
857 -0.027990
858 0.305162
859 0.152576
860 0.093721
861 -0.066338
862 -0.005423
863 0.069188
864 0.025403
865 0.115724
866 0.083197
867 0.052199
868 0.124848
869 -0.003012
870 0.148547
871 0.071222
872 -0.033849
873 -0.024106
874 0.074689
875 0.030851
876 0.053260
877 -0.053006
878 0.173394
879 0.139122
880 -0.039381
881 0.040680
882 -0.290418
883 0.080510
884 0.108137
885 0.233427
886 0.151625
887 -0.009285
888 0.286791
889 -0.001937
890 -0.163734
891 -0.156841
892 -0.015847
893 -0.122626
894 0.150299
895 -0.044732
896 -0.162468
897 0.156672
898 -0.000527
899 0.027933
900 0.059796
901 -0.080803
902 0.125265
903 -0.030707
904 -0.211100
905 -0.216040
906 0.110528
907 0.118567
908 0.042562
909 0.322819
910 0.144174
911 0.129817
912 -0.039937
913 0.150792
914 0.033402
915 -0.025766
916 0.296964
917 0.228849
918 0.126841
919 0.155115
920 -0.088375
921 0.174947
922 0.008180
923 0.031097
924 0.090337
925 0.361886
926 -0.292554
927 -0.135553
928 0.096196
929 0.025521
930 -0.007128
931 -0.085348
932 0.134675
933 0.058265
934 0.155569
935 0.006985
936 -0.036791
937 -0.085778
938 -0.081654
939 0.042449
940 0.099502
941 0.116462
942 -0.122614
943 -0.229409
944 -0.148074
945 -0.127294
946 -0.052416
947 -0.063124
948 0.032338
949 -0.222484
950 -0.132290
951 0.106274
952 -0.020440
953 -0.124859
954 0.077598
955 0.123870
956 0.028746
957 -0.098969
958 0.118196
959 0.021856
960 0.064586
961 -0.265502
962 0.148755
963 -0.174713
964 0.073921
965 0.165209
966 -0.063993
967 0.155292
968 -0.007760
969 0.142290
970 -0.113254
971 0.338065
972 -0.224941
973 0.003530
974 -0.026145
975 -0.013429
976 0.036691
977 0.060020
978 0.160277
979 -0.137831
980 -0.107910
981 0.059607
982 0.366492
983 -0.219464
984 0.310399
985 -0.105836
986 -0.099342
987 0.125025
988 -0.173014
989 0.179013
990 0.277736
991 0.093497
992 -0.241387
993 -0.105637
994 0.057506
995 0.167014
996 -0.227949
997 -0.073980
998 0.173744
999 0.207041
1000 -0.133532
1001 0.139881
1002 0.180653
1003 -0.006346
1004 0.070708
1005 0.056071
1006 -0.014794
1007 0.024292
1008 0.183481
1009 0.012571
1010 0.028312
1011 0.153938
1012 -0.175693
1013 0.129874
1014 -0.041919
1015 -0.109116
1016 0.156774
1017 0.128808
1018 0.220089
1019 -0.147834
1020 0.208438
1021 -0.222254
1022 0.106560
1023 -0.012512
1024 0.027978
1025 -0.239007
1026 -0.001139
1027 0.140981
1028 0.027993
1029 0.140078
1030 -0.027571
1031 0.028372
1032 -0.202919
1033 0.165558
1034 0.205115
1035 0.237409
1036 -0.137588
1037 -0.037250
1038 -0.044980
1039 0.043202
1040 -0.125952
1041 -0.025266
1042 -0.159605
1043 0.131883
1044 0.136385
1045 0.107983
1046 -0.172951
1047 0.070212
1048 -0.069975
1049 -0.095513
1050 -0.241020
1051 0.121940
1052 0.027799
1053 0.011339
1054 -0.263955
1055 -0.111597
1056 0.168310
1057 0.218865
1058 0.089039
1059 0.253956
1060 0.192477
1061 0.326187
1062 0.071750
1063 0.023535
1064 -0.068252
1065 0.393178
1066 0.238317
1067 0.274460
1068 0.096854
1069 0.237765
1070 -0.119068
1071 0.243729
1072 0.030600
1073 -0.088708
1074 -0.148107
1075 0.026715
1076 0.041955
1077 -0.026875
1078 0.051577
1079 -0.062639
1080 -0.026638
1081 0.104930
1082 0.179185
1083 0.143496
1084 -0.190767
1085 -0.216434
1086 -0.165376
1087 -0.165126
1088 0.001157
1089 -0.008011
1090 0.222843
1091 0.167902
1092 -0.264705
1093 0.203717
1094 0.244867
1095 -0.011892
1096 0.454702
1097 -0.015440
1098 -0.249015
1099 0.127652
1100 0.120084
1101 0.061365
1102 0.132317
1103 0.067223
1104 0.180020
1105 -0.045241
1106 -0.126825
1107 0.104012
1108 0.037463
1109 0.026087
1110 -0.126076
1111 0.219924
1112 0.011263
1113 0.328056
1114 0.108367
1115 0.138397
1116 0.027973
1117 0.071642
1118 0.142928
1119 -0.010512
1120 -0.029020
1121 -0.072573
1122 0.285061
1123 0.035556
1124 0.152756
1125 0.204539
1126 0.129789
1127 0.009183
1128 0.056628
1129 0.097106
1130 -0.004237
1131 -0.099772
1132 -0.205911
1133 -0.110936
1134 0.090882
1135 -0.037362
1136 -0.086427
1137 -0.218456
1138 0.040637
1139 -0.035385
1140 0.012959
1141 -0.109786
1142 0.007542
1143 -0.188637
1144 -0.112301
1145 -0.347672
1146 0.173493
1147 -0.193387
1148 0.007292
1149 0.026440
1150 -0.326841
1151 0.076440
1152 0.029362
1153 0.104882
1154 -0.083056
1155 -0.077995
1156 0.075570
1157 -0.096601
1158 -0.008995
1159 0.199973
1160 0.161043
1161 -0.041074
1162 0.046552
1163 0.049971
1164 0.180217
1165 -0.243062
1166 0.022011
1167 -0.153524
1168 0.122921
1169 -0.135514
1170 0.187816
1171 0.165398
1172 -0.028963
1173 0.484310
1174 0.223346
1175 -0.048780
1176 0.141438
1177 0.025061
1178 -0.062229
1179 0.210376
1180 0.272458
1181 0.160454
1182 0.293961
1183 -0.206805
1184 0.080113
1185 0.150167
1186 -0.254573
1187 0.155735
1188 0.245121
1189 0.044613
1190 0.017589
1191 -0.084867
1192 0.352719
1193 0.183832
1194 0.000548
1195 0.081602
1196 -0.026709
1197 -0.233513
1198 -0.081486
1199 -0.024486
1200 0.022337
1201 -0.153827
1202 0.362151
1203 0.251583
1204 0.093928
1205 0.086796
1206 -0.295682
1207 0.212408
1208 -0.032168
1209 0.283243
1210 -0.094337
1211 0.068362
1212 -0.241703
1213 0.354606
1214 0.033732
1215 -0.107315
1216 0.253185
1217 0.168855
1218 0.020859
1219 -0.117478
1220 0.214590
1221 -0.279678
1222 0.137974
1223 -0.140679
0 0.271759
1 -0.024804
2 -0.095788
3 -0.180237
4 -0.085525
5 -0.146140
6 0.218669
7 -0.257478
8 -0.176582
9 -0.025493
10 0.015703
11 -0.229529
12 0.088996
13 0.145695
14 0.115948
15 -0.070671
16 -0.056156
17 -0.331337
18 0.101230
19 0.207397
20 -0.189639
21 0.029668
22 0.063592
23 0.007271
24 -0.212791
25 -0.067281
26 -0.023037
27 0.062951
28 -0.024628
29 0.014454
30 0.100788
31 -0.312668
32 0.058567
33 0.063154
34 -0.071408
35 -0.195443
36 -0.013497
37 -0.176782
38 -0.000468
39 -0.026067
40 0.247576
41 0.100276
42 -0.088876
43 -0.217641
44 0.005217
45 0.121445
46 -0.218414
47 -0.045581
48 -0.185070
49 0.089045
50 0.082762
51 -0.004653
52 -0.004207
53 0.006374
54 -0.300971
55 0.166447
56 -0.130993
57 0.063174
58 -0.044404
59 -0.159030
60 -0.072822
61 0.175406
62 -0.100874
63 -0.093328
64 -0.055049
65 0.077355
66 -0.320520
67 0.040436
68 -0.004012
69 -0.079239
70 0.004463
71 0.104116
72 -0.064107
73 0.089021
74 -0.016699
75 -0.037277
76 -0.288185
77 0.048370
78 -0.163573
79 -0.130429
80 0.028456
81 0.047362
82 0.073544
83 0.155099
84 -0.194889
85 0.016307
86 -0.062890
87 -0.084578
88 -0.003508
89 -0.165258
90 -0.116048
91 -0.090982
92 0.054066
93 0.114667
94 0.014580
95 -0.155297
96 -0.070300
97 0.334890
98 0.187301
99 0.054488
100 0.090228
101 0.070230
102 -0.150092
103 -0.115732
104 0.149885
105 -0.142412
106 0.036667
107 -0.101741
108 0.008420
109 0.175575
110 0.068065
111 -0.009370
112 0.025104
113 -0.007786
114 -0.143211
115 -0.021008
116 -0.029749
117 -0.078256
118 -0.018402
119 -0.029757
120 -0.091560
121 -0.045988
122 0.065554
123 0.022244
124 -0.041161
125 0.117388
126 -0.007790
127 -0.016041
128 -0.033382
129 -0.047655
130 -0.003960
131 0.169138
132 0.275532
133 0.004097
134 0.003501
135 0.187397
136 -0.110245
137 0.127183
138 -0.082297
139 0.036185
140 0.097228
141 0.189673
142 0.464450
143 0.010310
144 0.126162
145 -0.217651
146 -0.120466
147 0.145412
148 0.019725
149 0.116203
150 0.062284
151 0.092979
152 0.042629
153 0.144599
154 -0.048763
155 -0.119940
156 0.047817
157 0.085568
158 0.150117
159 -0.182570
160 0.379641
161 0.070822
162 0.155843
163 -0.040930
164 0.071532
165 0.048329
166 0.073322
167 0.033716
168 0.114051
169 -0.043501
170 0.174716
171 0.016596
172 -0.173201
173 0.019740
174 0.178602
175 -0.030940
176 0.054298
177 0.088364
178 -0.015692
179 0.214323
180 -0.171058
181 0.085726
182 -0.001934
183 0.275252
184 0.086858
185 -0.013665
186 0.174478
187 -0.112162
188 0.005502
189 -0.116511
190 -0.168814
191 0.082124
192 0.038375
193 0.052100
194 0.035554
195 0.021434
196 0.009030
197 -0.146357
198 0.013808
199 0.091896
200 -0.067206
201 0.132331
202 0.219175
203 0.060063
204 0.117036
205 0.142102
206 0.082623
207 0.084570
208 -0.238708
209 0.173966
210 -0.043749
211 0.051983
212 0.087234
213 -0.030114
214 0.056077
215 -0.104459
216 0.110968
217 0.188127
218 -0.007489
219 -0.078781
220 -0.080673
221 -0.038847
222 0.089672
223 -0.060550
224 0.412965
225 -0.077557
226 0.045072
227 0.057353
228 -0.005538
229 0.007206
230 -0.006465
231 -0.025418
232 0.028703
233 -0.022884
234 -0.049655
235 0.017871
236 -0.128343
237 -0.020342
238 -0.047682
239 -0.078682
240 -0.045323
241 -0.058614
242 -0.050962
243 -0.112096
244 0.025846
245 -0.252902
246 -0.092718
247 -0.009860
248 0.152974
249 -0.197371
250 -0.266717
251 0.169068
252 -0.070404
253 -0.029297
254 -0.128679
255 0.058335
256 -0.130658
257 -0.119607
258 0.136359
259 0.184117
260 -0.119241
261 -0.213196
262 0.078486
263 0.161126
264 0.136237
265 0.196145
266 -0.008499
267 0.182722
268 -0.039273
269 0.017710
270 0.109181
271 0.087368
272 0.080256
273 0.265082
274 0.059432
275 0.067343
276 -0.083147
277 0.139190
278 0.050980
279 -0.030521
280 0.061796
281 -0.065503
282 0.156935
283 0.041088
284 0.340226
285 -0.197622
286 0.123867
287 -0.084588
288 0.043790
289 0.038728
290 -0.066563
291 -0.039736
292 0.058120
293 0.015249
294 -0.024746
295 0.166509
296 0.049296
297 0.099120
298 0.032535
299 0.240018
300 0.066925
301 -0.007923
302 0.173792
303 0.054615
304 0.106028
305 0.071522
306 0.108071
307 -0.055171
308 0.110498
309 -0.093422
310 -0.014520
311 0.053087
312 0.143454
313 0.037269
314 0.107214
315 0.144475
316 0.069165
317 0.080384
318 0.122919
319 0.092143
320 0.021811
321 0.046596
322 0.055754
323 0.112658
324 -0.070678
325 0.001783
326 0.089401
327 0.226759
328 0.210419
329 -0.010841
330 -0.052119
331 0.160415
332 0.028507
333 0.005454
334 0.148538
335 0.070721
336 -0.044746
337 0.103685
338 0.020630
339 -0.060902
340 0.205765
341 -0.039627
342 0.107038
343 0.001917
344 0.159993
345 0.109094
346 -0.122060
347 -0.096919
348 0.005399
349 0.051986
350 -0.084472
351 0.030397
352 0.017635
353 0.041438
354 0.041993
355 0.046009
356 -0.033831
357 0.044110
358 -0.061390
359 0.029876
360 0.295468
361 -0.019189
362 0.024481
363 -0.034637
364 0.062938
365 0.182298
366 0.150796
367 0.092586
368 0.104754
369 0.185153
370 0.099604
371 -0.025581
372 -0.049272
373 -0.031955
374 -0.001336
375 0.026124
376 0.139356
377 0.066139
378 -0.058376
379 -0.049822
380 -0.043579
381 0.129139
382 0.027489
383 0.080120
384 0.022757
385 0.111693
386 0.099157
387 0.089641
388 0.020325
389 -0.024973
390 0.157040
391 0.073294
392 -0.013453
393 0.009225
394 0.039949
395 0.032800
396 0.064547
397 0.123582
398 -0.014744
399 -0.052689
400 0.031287
401 0.117929
402 0.135992
403 0.140248
404 0.015703
405 0.224665
406 -0.106137
407 -0.043057
408 -0.128995
409 0.019541
410 0.037633
411 0.048134
412 -0.141101
413 0.130431
414 -0.137531
415 0.000046
416 0.093643
417 -0.107082
418 -0.144294
419 0.014163
420 0.152040
421 0.079286
422 -0.011126
423 0.016671
424 -0.112478
425 -0.032272
426 -0.036710
427 -0.082578
428 0.133813
429 -0.052384
430 -0.106487
431 -0.156213
432 0.041525
433 -0.137682
434 0.091507
435 0.086183
436 -0.066711
437 0.002590
438 -0.028830
439 -0.226634
440 -0.055032
441 0.011518
442 0.080148
443 -0.001990
444 -0.164554
445 -0.175598
446 -0.152641
447 0.065109
448 0.005469
449 -0.052201
450 -0.058223
451 -0.056047
452 0.034826
453 -0.224283
454 -0.156378
455 -0.009327
456 -0.129567
457 0.025778
458 -0.131928
459 -0.014107
460 0.013964
461 0.004750
462 0.014020
463 0.139928
464 -0.000047
465 -0.013117
466 -0.147790
467 -0.054237
468 -0.041306
469 -0.078122
470 0.142241
471 -0.014489
472 0.186142
473 -0.000147
474 0.083653
475 0.114324
476 0.024371
477 -0.102164
478 0.027339
479 -0.034883
480 -0.059229
481 -0.012930
482 -0.051322
483 0.138306
484 0.020941
485 0.006607
486 0.259251
487 -0.059532
488 0.064285
489 0.060696
490 0.057916
491 -0.006137
492 0.111199
493 0.020636
494 0.011449
495 0.069999
496 -0.215245
497 0.015588
498 -0.073018
499 0.120993
500 0.045758
501 -0.022491
502 -0.095710
503 -0.119869
504 -0.084923
505 -0.081143
506 -0.178749
507 -0.039585
508 -0.138071
509 -0.088146
510 -0.058080
511 0.046032
512 0.106618
513 0.070875
514 0.181241
515 -0.047445
516 -0.001317
517 0.005470
518 -0.082976
519 0.053961
520 0.050618
521 0.001385
522 0.113185
523 -0.085253
524 -0.070599
525 0.045526
526 -0.078077
527 0.199304
528 -0.006447
529 -0.072226
530 -0.005101
531 -0.051185
532 0.042852
533 0.062039
534 0.024312
535 0.150767
536 0.107232
537 -0.029118
538 -0.086557
539 -0.023446
540 -0.015558
541 0.027575
542 -0.017673
543 0.016516
544 0.033606
545 0.048535
546 0.080318
547 -0.012473
548 -0.106762
549 0.003245
550 -0.030738
551 -0.096189
552 -0.121992
553 0.050185
554 0.025487
555 -0.067203
556 0.051293
557 0.128406
558 -0.015699
559 0.142810
560 -0.175873
561 -0.083211
562 -0.019740
563 0.137799
564 0.012642
565 -0.092465
566 0.006353
567 0.242897
568 0.080534
569 0.140800
570 -0.111622
571 -0.024606
572 0.043020
573 -0.038086
574 -0.077083
575 0.057555
576 0.029952
577 0.225871
578 -0.030262
579 0.035874
580 0.255148
581 0.289950
582 0.039633
583 -0.104104
584 -0.016818
585 0.104470
586 0.065462
587 0.067627
588 -0.124212
589 0.064749
590 -0.101128
591 0.018087
592 0.002034
593 -0.054735
594 0.363168
595 0.318049
596 -0.034671
597 0.029750
598 0.044344
599 0.015371
600 -0.024822
601 0.046339
602 0.196000
603 0.186757
604 0.068765
605 0.128180
606 -0.258850
607 -0.154171
608 0.207346
609 0.034841
610 0.295724
611 -0.009802
612 -0.040596
613 -0.021342
614 -0.130267
615 0.055716
616 0.351254
617 -0.053308
618 0.263424
619 -0.104713
620 0.110043
621 0.007010
622 0.050486
623 0.133528
624 0.205017
625 -0.151707
626 -0.082712
627 0.072889
628 0.269049
629 0.018357
630 0.044523
631 -0.017789
632 -0.088327
633 -0.028582
634 0.131232
635 0.211484
636 0.078775
637 -0.012190
638 -0.071869
639 -0.035600
640 0.008014
641 0.060833
642 -0.010215
643 0.013372
644 0.030917
645 0.125600
646 0.006988
647 -0.032792
648 -0.178991
649 0.080226
650 0.189851
651 -0.073447
652 0.434384
653 -0.011250
654 0.174029
655 0.345088
656 0.197082
657 -0.119247
658 -0.031064
659 0.223042
660 0.086048
661 -0.124541
662 0.114762
663 -0.173706
664 -0.022792
665 0.071683
666 0.081887
667 -0.013337
668 -0.167820
669 0.052751
670 0.119084
671 0.318495
672 0.152728
673 -0.053223
674 -0.177327
675 0.032604
676 -0.126826
677 0.335599
678 0.054831
679 0.176486
680 0.278626
681 0.164205
682 -0.140638
683 0.021798
684 -0.143838
685 -0.120580
686 0.048703
687 0.042826
688 0.173980
689 -0.157174
690 0.031170
691 -0.085762
692 0.142130
693 0.022813
694 0.029619
695 0.153173
696 -0.083959
697 0.077867
698 0.131189
699 -0.031551
700 0.171434
701 0.162500
702 -0.014266
703 -0.088203
704 0.109422
705 0.232706
706 0.031126
707 -0.173607
708 -0.019902
709 -0.126811
710 0.066084
711 -0.000248
712 0.116837
713 0.071590
714 0.017436
715 -0.094273
716 -0.255683
717 0.094062
718 0.291916
719 0.109587
720 0.148520
721 -0.178457
722 0.038910
723 -0.178209
724 -0.369031
725 0.054604
726 0.176046
727 -0.192991
728 -0.024054
729 0.103190
730 0.016111
731 0.126989
732 0.282060
733 0.079701
734 0.405787
735 -0.113451
736 0.205162
737 -0.132374
738 -0.181802
739 0.193324
740 0.185350
741 -0.040161
742 0.249497
743 0.067724
744 0.242982
745 0.148219
746 0.039949
747 -0.087996
748 -0.107151
749 0.159157
750 0.213612
751 -0.038486
752 0.211721
753 0.263602
754 0.172719
755 0.165825
756 -0.102656
757 -0.226262
758 0.209100
759 0.123611
760 -0.055491
761 0.125813
762 0.241611
763 -0.168967
764 0.056220
765 0.287116
766 0.346588
767 0.006069
768 0.357023
769 -0.072711
770 -0.230091
771 0.169340
772 0.013094
773 0.214197
774 0.185634
775 0.299663
776 -0.220609
777 -0.119004
778 0.210484
779 0.109378
780 0.159035
781 0.342029
782 0.104516
783 -0.038998
784 0.004127
785 0.367768
786 -0.069924
787 0.045757
788 0.138520
789 0.359827
790 0.079144
791 -0.133515
792 -0.192406
793 -0.017728
794 0.070564
795 0.226147
796 -0.062239
797 0.156671
798 -0.046209
799 -0.052331
800 0.309952
801 -0.060770
802 0.109330
803 0.161424
804 0.102751
805 0.073036
806 0.136333
807 0.085209
808 -0.166495
809 0.119823
810 0.111455
811 0.110565
812 0.059548
813 0.253354
814 -0.213158
815 0.003743
816 -0.016067
817 -0.087707
818 -0.149254
819 0.103295
820 -0.022990
821 -0.069679
822 0.109808
823 0.184438
824 0.179145
825 -0.237052
826 -0.007166
827 0.137978
828 0.009931
829 -0.029104
830 0.146297
831 0.216436
832 -0.094637
833 -0.000507
834 0.020389
835 0.195031
836 0.152070
837 0.033370
838 -0.056575
839 0.000365
840 0.019922
841 -0.136118
842 0.107653
843 0.140113
844 0.149490
845 0.183546
846 0.387317
847 -0.137280
848 -0.059942
849 0.189171
850 0.106144
851 -0.345785
852 0.046418
853 0.183847
854 0.109088
855 0.072557
856 0.068172
857 -0.027990
858 0.305162
859 0.152576
860 0.093721
861 -0.066338
862 -0.005423
863 0.069188
864 0.025403
865 0.115724
866 0.083197
867 0.052199
868 0.124848
869 -0.003012
870 0.148547
871 0.071222
872 -0.033849
873 -0.024106
874 0.074689
875 0.030851
876 0.053260
877 -0.053006
878 0.173394
879 0.139122
880 -0.039381
881 0.040680
882 -0.290418
883 0.080510
884 0.108137
885 0.233427
886 0.151625
887 -0.009285
888 0.286791
889 -0.001937
890 -0.163734
891 -0.156841
892 -0.015847
893 -0.122626
894 0.150299
895 -0.044732
896 -0.162468
897 0.156672
898 -0.000527
899 0.027933
900 0.059796
901 -0.080803
902 0.125265
903 -0.030707
904 -0.211100
905 -0.216040
906 0.110528
907 0.118567
908 0.042562
909 0.322819
910 0.144174
911 0.129817
912 -0.039937
913 0.150792
914 0.033402
915 -0.025766
916 0.296964
917 0.228849
918 0.126841
919 0.155115
920 -0.088375
921 0.174947
922 0.008180
923 0.031097
924 0.090337
925 0.361886
926 -0.292554
927 -0.135553
928 0.096196
929 0.025521
930 -0.007128
931 -0.085348
932 0.134675
933 0.058265
934 0.155569
935 0.006985
936 -0.036791
937 -0.085778
938 -0.081654
939 0.042449
940 0.099502
941 0.116462
942 -0.122614
943 -0.229409
944 -0.148074
945 -0.127294
946 -0.052416
947 -0.063124
948 0.032338
949 -0.222484
950 -0.132290
951 0.106274
952 -0.020440
953 -0.124859
954 0.077598
955 0.123870
956 0.028746
957 -0.098969
958 0.118196
959 0.021856
960 0.064586
961 -0.265502
962 0.148755
963 -0.174713
964 0.073921
965 0.165209
966 -0.063993
967 0.155292
968 -0.007760
969 0.142290
970 -0.113254
971 0.338065
972 -0.224941
973 0.003530
974 -0.026145
975 -0.013429
976 0.036691
977 0.060020
978 0.160277
979 -0.137831
980 -0.107910
981 0.059607
982 0.366492
983 -0.219464
984 0.310399
985 -0.105836
986 -0.099342
987 0.125025
988 -0.173014
989 0.179013
990 0.277736
991 0.093497
992 -0.241387
993 -0.105637
994 0.057506
995 0.167014
996 -0.227949
997 -0.073980
998 0.173744
999 0.207041
1000 -0.133532
1001 0.139881
1002 0.180653
1003 -0.006346
1004 0.070708
1005 0.056071
1006 -0.014794
1007 0.024292
1008 0.183481
1009 0.012571
1010 0.028312
1011 0.153938
1012 -0.175693
1013 0.129874
1014 -0.041919
1015 -0.109116
1016 0.156774
1017 0.128808
1018 0.220089
1019 -0.147834
1020 0.208438
1021 -0.222254
1022 0.106560
1023 -0.012512
1024 0.027978
1025 -0.239007
1026 -0.001139
1027 0.140981
1028 0.027993
1029 0.140078
1030 -0.027571
1031 0.028372
1032 -0.202919
1033 0.165558
1034 0.205115
1035 0.237409
1036 -0.137588
1037 -0.037250
1038 -0.044980
1039 0.043202
1040 -0.125952
1041 -0.025266
1042 -0.159605
1043 0.131883
1044 0.136385
1045 0.107983
1046 -0.172951
1047 0.070212
1048 -0.069975
1049 -0.095513
1050 -0.241020
1051 0.121940
1052 0.027799
1053 0.011339
1054 -0.263955
1055 -0.111597
1056 0.168310
1057 0.218865
1058 0.089039
1059 0.253956
1060 0.192477
1061 0.326187
1062 0.071750
1063 0.023535
1064 -0.068252
1065 0.393178
1066 0.238317
1067 0.274460
1068 0.096854
1069 0.237765
1070 -0.119068
1071 0.243729
1072 0.030600
1073 -0.088708
1074 -0.148107
1075 0.026715
1076 0.041955
1077 -0.026875
1078 0.051577
1079 -0.062639
1080 -0.026638
1081 0.104930
1082 0.179185
1083 0.143496
1084 -0.190767
1085 -0.216434
1086 -0.165376
1087 -0.165126
1088 0.001157
1089 -0.008011
1090 0.222843
1091 0.167902
1092 -0.264705
1093 0.203717
1094 0.244867
1095 -0.011892
1096 0.454702
1097 -0.015440
1098 -0.249015
1099 0.127652
1100 0.120084
1101 0.061365
1102 0.132317
1103 0.067223
1104 0.180020
1105 -0.045241
1106 -0.126825
1107 0.104012
1108 0.037463
1109 0.026087
1110 -0.126076
1111 0.219924
1112 0.011263
1113 0.328056
1114 0.108367
1115 0.138397
1116 0.027973
1117 0.071642
1118 0.142928
1119 -0.010512
1120 -0.029020
1121 -0.072573
1122 0.285061
1123 0.035556
1124 0.152756
1125 0.204539
1126 0.129789
1127 0.009183
1128 0.056628
1129 0.097106
1130 -0.004237
1131 -0.099772
1132 -0.205911
1133 -0.110936
1134 0.090882
1135 -0.037362
1136 -0.086427
1137 -0.218456
1138 0.040637
1139 -0.035385
1140 0.012959
1141 -0.109786
1142 0.007542
1143 -0.188637
1144 -0.112301
1145 -0.347672
1146 0.173493
1147 -0.193387
1148 0.007292
1149 0.026440
1150 -0.326841
1151 0.076440
1152 0.029362
1153 0.104882
1154 -0.083056
1155 -0.077995
1156 0.075570
1157 -0.096601
1158 -0.008995
1159 0.199973
1160 0.161043
1161 -0.041074
1162 0.046552
1163 0.049971
1164 0.180217
1165 -0.243062
1166 0.022011
1167 -0.153524
1168 0.122921
1169 -0.135514
1170 0.187816
1171 0.165398
1172 -0.028963
1173 0.484310
1174 0.223346
1175 -0.048780
1176 0.141438
1177 0.025061
1178 -0.062229
1179 0.210376
1180 0.272458
1181 0.160454
1182 0.293961
1183 -0.206805
1184 0.080113
1185 0.150167
1186 -0.254573
1187 0.155735
1188 0.245121
1189 0.044613
1190 0.017589
1191 -0.084867
1192 0.352719
1193 0.183832
1194 0.000548
1195 0.081602
1196 -0.026709
1197 -0.233513
1198 -0.081486
1199 -0.024486
1200 0.022337
1201 -0.153827
1202 0.362151
1203 0.251583
1204 0.093928
1205 0.086796
1206 -0.295682
1207 0.212408
1208 -0.032168
1209 0.283243
1210 -0.094337
1211 0.068362
1212 -0.241703
1213 0.354606
1214 0.033732
1215 -0.107315
1216 0.253185
1217 0.168855
1218 0.020859
1219 -0.117478
1220 0.214590
1221 -0.279678
1222 0.137974
1223 -0.140679
