0 -0.025895
1 0.044133
2 0.111071
3 -0.007968
4 -0.098654
5 -0.055978
6 -0.166769
7 0.030573
8 -0.043828
9 -0.102177
10 0.011031
11 0.019986
12 -0.123018
13 0.055300
14 0.064521
15 0.054226
16 -0.082358
17 -0.100293
18 -0.023195
19 0.014481
20 -0.051661
21 0.041060
22 -0.159161
23 -0.098240
24 0.041105
25 -0.274709
26 -0.224908
27 -0.090891
28 0.058562
29 0.080980
30 0.118392
31 -0.042205
32 0.098060
33 -0.069652
34 0.140467
35 0.103580
36 -0.062971
37 -0.004339
38 0.130594
39 -0.021088
40 0.173262
41 0.018632
42 -0.026731
43 0.033081
44 0.070875
45 0.130293
46 -0.001952
47 -0.074734
48 0.131079
49 0.176134
50 0.076358
51 0.056237
52 0.053637
53 0.001540
54 0.065881
55 -0.131989
56 -0.151325
57 -0.142657
58 -0.093520
59 -0.029266
60 0.016331
61 0.255408
62 -0.102762
63 0.153896
64 0.155592
65 -0.012541
66 -0.001081
67 -0.052861
68 0.035572
69 -0.049974
70 -0.029610
71 0.171067
72 0.017192
73 0.054070
74 0.161300
75 -0.062969
76 0.019807
77 -0.064911
78 -0.073379
79 0.032141
80 -0.121681
81 -0.133431
82 0.014660
83 -0.187361
84 0.049238
85 0.024799
86 0.057119
87 -0.090252
88 -0.053597
89 0.046098
90 0.051011
91 -0.220291
92 -0.014382
93 -0.032279
94 -0.097311
95 -0.104553
96 -0.080865
97 -0.007757
98 -0.057974
99 0.189689
100 0.153254
101 -0.087675
102 -0.142645
103 0.081782
104 0.054094
105 0.131576
106 0.038006
107 0.110748
108 0.108727
109 -0.093185
110 0.029061
111 0.157096
112 0.021620
113 0.031441
114 0.113039
115 0.156345
116 0.107392
117 0.180280
118 -0.197749
119 -0.016744
120 0.099841
121 0.079207
122 0.068247
123 -0.160596
124 0.100487
125 0.032242
126 -0.006062
127 0.111844
128 -0.004374
129 -0.039981
130 -0.037146
131 -0.104192
132 0.056015
133 -0.131482
134 0.096387
135 0.032972
136 0.038288
137 -0.037934
138 -0.072539
139 0.015135
140 -0.100935
141 0.018745
142 -0.238972
143 0.116306
144 -0.144688
145 0.090147
146 0.224249
147 -0.183540
148 0.159241
149 -0.093514
150 0.095954
151 -0.007735
152 -0.044995
153 0.134269
154 -0.069607
155 -0.068824
156 -0.018514
157 -0.010284
158 0.066786
159 0.142828
160 -0.088541
161 -0.002589
162 -0.139814
163 0.041066
164 -0.107801
165 0.182486
166 0.113433
167 -0.015949
168 0.091628
169 0.038228
170 -0.135528
171 -0.184753
172 0.050111
173 0.085560
174 -0.014132
175 0.014818
176 0.081654
177 -0.023936
178 0.091438
179 0.037482
180 0.022442
181 0.004858
182 0.063174
183 0.051097
184 0.006148
185 0.114726
186 0.013390
187 0.091970
188 -0.062900
189 -0.003725
190 -0.009231
191 0.118732
192 0.018150
193 -0.040470
194 -0.004177
195 0.126568
196 0.127210
197 0.025482
198 -0.018039
199 -0.111741
200 -0.052864
201 -0.019862
202 -0.148503
203 -0.140373
204 -0.294732
205 -0.027509
206 0.038390
207 0.035845
208 -0.198021
209 0.105452
210 -0.183695
211 0.011756
212 -0.048882
213 -0.193193
214 -0.072412
215 -0.018418
216 -0.023813
217 0.102541
218 0.001610
219 -0.036068
220 -0.058732
221 0.091279
222 -0.059439
223 -0.014798
224 -0.152231
225 -0.067995
226 0.074956
227 -0.100004
228 -0.186994
229 0.293165
230 -0.077546
231 -0.033717
232 -0.229414
233 0.189793
234 -0.055319
235 -0.072154
236 -0.149523
237 -0.004259
238 0.020212
239 -0.206220
240 -0.117673
241 -0.128832
242 -0.065154
243 -0.062361
244 0.035222
245 -0.071703
246 0.046024
247 -0.055708
248 -0.015006
249 -0.237835
250 0.030343
251 0.079663
252 -0.130900
253 -0.108117
254 -0.042072
255 -0.080285
256 -0.127073
257 -0.235397
258 -0.026606
259 0.115828
260 -0.153900
261 -0.249629
262 -0.174318
263 0.030848
264 -0.147549
265 -0.001509
266 -0.076328
267 0.024713
268 0.127112
269 -0.068257
270 -0.090400
271 -0.163997
272 0.005418
273 0.000624
274 -0.105639
275 -0.183252
276 -0.033348
277 0.144489
278 -0.240061
279 -0.022805
280 -0.072795
281 0.090340
282 -0.201879
283 -0.075068
284 -0.239363
285 -0.078258
286 -0.235808
287 -0.328396
288 -0.037080
289 -0.043201
290 -0.054575
291 -0.109264
292 -0.060012
293 -0.005418
294 -0.161855
295 -0.001732
296 -0.030627
297 -0.029760
298 -0.143006
299 -0.081158
300 -0.011309
301 -0.041705
302 -0.031238
303 -0.197137
304 -0.113780
305 -0.132405
306 -0.009625
307 -0.136873
308 -0.021568
309 0.086627
310 -0.092627
311 -0.061257
312 -0.155874
313 0.138888
314 -0.002502
315 0.039657
316 -0.079706
317 0.120116
318 -0.077156
319 -0.073296
320 -0.116028
321 -0.168734
322 -0.007808
323 -0.127143
324 -0.223312
325 -0.098955
326 -0.183332
327 0.039115
328 -0.142138
329 -0.220968
330 -0.116277
331 0.017125
332 -0.011825
333 -0.122840
334 -0.015639
335 -0.010677
336 0.203415
337 -0.108883
338 0.100997
339 -0.052987
340 -0.008797
341 -0.035841
342 0.007205
343 -0.067929
344 0.037779
345 0.016650
346 0.019074
347 0.101291
348 -0.106728
349 -0.064471
350 -0.016473
351 -0.016895
352 -0.048396
353 -0.107698
354 -0.108119
355 0.113674
356 0.016935
357 -0.048789
358 -0.006243
359 0.085663
360 0.010634
361 -0.018894
362 -0.177401
363 0.036518
364 0.338372
365 -0.008899
366 -0.264742
367 0.016791
368 0.027636
369 -0.048732
370 -0.232826
371 0.017765
372 -0.156284
373 -0.146342
374 -0.043802
375 0.030038
376 -0.054302
377 -0.035744
378 -0.104723
379 -0.103878
380 0.207646
381 0.092498
382 0.046968
383 -0.095323
384 -0.148501
385 0.099184
386 -0.011274
387 -0.280600
388 -0.035541
389 0.074040
390 0.114855
391 -0.149864
392 -0.042144
393 -0.064151
394 0.097185
395 -0.137905
396 -0.107864
397 -0.209809
398 -0.052606
399 -0.178656
400 -0.062216
401 -0.092740
402 0.060184
403 -0.006269
404 -0.070316
405 -0.073575
406 -0.048316
407 -0.064493
408 -0.109178
409 -0.081718
410 -0.063640
411 -0.030000
412 -0.185466
413 0.004096
414 -0.014430
415 -0.007479
416 0.072280
417 -0.132827
418 -0.016646
419 0.034671
420 -0.048992
421 -0.124831
422 -0.005346
423 -0.083470
424 0.089140
425 -0.049115
426 -0.161024
427 0.034586
428 0.048320
429 -0.158820
430 -0.046095
431 0.053309
432 -0.106541
433 0.063836
434 -0.034216
435 -0.105016
436 -0.024666
437 -0.143240
438 0.037866
439 -0.062278
440 0.030915
441 0.059887
442 0.006457
443 0.158939
444 -0.058662
445 0.053056
446 -0.066416
447 0.191068
448 -0.060041
449 -0.096160
450 0.069335
451 -0.098163
452 -0.129165
453 -0.017365
454 -0.119597
455 0.085263
456 -0.072111
457 -0.066804
458 -0.158662
459 -0.118529
460 0.020325
461 0.054809
462 -0.073957
463 -0.111928
464 -0.048055
465 -0.085471
466 -0.040318
467 -0.032846
468 -0.170162
469 0.109931
470 -0.092954
471 -0.128610
472 -0.170960
473 -0.167920
474 0.048340
475 -0.017301
476 0.038692
477 -0.216059
478 -0.012589
479 -0.120545
480 0.015860
481 -0.046192
482 -0.079523
483 -0.005170
484 -0.090036
485 0.034279
486 -0.152918
487 -0.225921
488 -0.124871
489 0.032905
490 -0.168717
491 0.094379
492 0.021103
493 -0.132277
494 0.175731
495 0.001826
496 0.112008
497 -0.120933
498 0.030852
499 -0.026896
500 -0.085015
501 -0.091749
502 -0.094328
503 -0.088831
504 0.153116
505 -0.166976
506 -0.039521
507 0.055803
508 -0.182422
509 -0.218912
510 -0.078009
511 -0.218094
512 -0.063959
513 -0.009460
514 0.264701
515 -0.080231
516 0.006902
517 -0.034074
518 0.069287
519 -0.018160
520 -0.090430
521 -0.193725
522 0.050158
523 -0.174767
524 0.067864
525 0.001416
526 -0.040586
527 -0.107715
528 0.011546
529 -0.164037
530 0.085728
531 -0.187666
532 0.098900
533 -0.047838
534 0.097590
535 -0.030551
536 -0.146399
537 -0.048399
538 -0.039402
539 -0.264702
540 -0.131154
541 -0.161349
542 0.150829
543 -0.128671
544 0.030857
545 -0.141817
546 -0.038112
547 0.127578
548 0.015304
549 0.036204
550 0.050750
551 -0.260018
552 0.073621
553 -0.127271
554 -0.079843
555 -0.091701
556 -0.054529
557 -0.164237
558 -0.043163
559 -0.176059
560 0.090392
561 -0.181316
562 -0.055773
563 -0.320996
564 -0.163378
565 -0.021511
566 -0.082652
567 -0.005232
568 -0.061462
569 -0.035061
570 -0.104874
571 0.010236
572 -0.019566
573 0.021589
574 0.079865
575 -0.077138
576 -0.174466
577 -0.152532
578 0.036578
579 -0.077247
580 -0.012082
581 -0.071529
582 0.091548
583 -0.053297
584 0.022469
585 -0.041006
586 0.014291
587 0.067197
588 0.005728
589 0.046170
590 -0.106292
591 -0.025941
592 -0.087878
593 -0.060608
594 -0.002927
595 -0.116424
596 -0.080018
597 0.107058
598 -0.019076
599 0.058288
600 -0.093192
601 0.032473
602 0.006106
603 0.033166
604 0.039312
605 -0.114580
606 0.047274
607 -0.085274
608 -0.030002
609 -0.136377
610 -0.038566
611 -0.028627
612 0.063023
613 -0.026122
614 -0.029288
615 -0.000311
616 -0.027511
617 -0.052028
618 -0.082673
619 -0.013877
620 -0.041942
621 0.007192
622 -0.025570
623 -0.013226
624 -0.109485
625 -0.108243
626 -0.071395
627 -0.079782
628 -0.115590
629 -0.110917
630 0.003454
631 0.039898
632 0.171113
633 0.082252
634 -0.004393
635 0.026902
636 -0.080313
637 0.102099
638 0.065559
639 -0.030600
640 0.057824
641 0.025781
642 -0.278841
643 -0.158014
644 -0.247695
645 0.043892
646 0.115798
647 -0.156112
648 -0.070649
649 -0.008918
650 0.005657
651 0.019285
652 0.038426
653 -0.127347
654 0.029429
655 0.083171
656 -0.274767
657 -0.052537
658 -0.097632
659 -0.139335
660 -0.158085
661 -0.170262
662 -0.018128
663 0.061724
664 -0.023630
665 0.033817
666 0.008357
667 -0.083292
668 -0.000285
669 -0.220511
670 -0.139606
671 0.205645
672 0.103464
673 0.026886
674 -0.001394
675 -0.025603
676 -0.017809
677 0.125950
678 -0.122757
679 0.130972
680 0.124017
681 0.034214
682 0.024181
683 -0.099923
684 0.069935
685 0.038783
686 -0.020005
687 0.006924
688 0.096459
689 -0.045872
690 0.031261
691 -0.048471
692 0.017359
693 -0.072271
694 0.042428
695 -0.089655
696 -0.112903
697 0.004601
698 -0.011065
699 -0.076151
700 0.083259
701 -0.129713
702 -0.180748
703 0.061845
704 0.013903
705 -0.109383
706 0.083691
707 0.070747
708 -0.112037
709 0.194919
710 -0.053422
711 -0.224421
712 -0.187253
713 0.002469
714 -0.090739
715 0.057359
716 0.043705
717 -0.058842
718 -0.158664
719 0.032065
720 -0.206603
721 -0.073575
722 0.157312
723 0.039700
724 0.156753
725 0.052845
726 0.022169
727 -0.087999
728 -0.255377
729 -0.007689
730 0.075052
731 -0.144363
732 0.195979
733 0.023119
734 -0.166456
735 0.107107
736 -0.008732
737 0.118780
738 -0.044977
739 0.058519
740 0.000023
741 0.097323
742 0.028979
743 -0.029819
744 0.068753
745 0.136887
746 0.125126
747 -0.000608
748 -0.096102
749 -0.092382
750 -0.111362
751 0.204502
752 -0.087901
753 -0.020512
754 0.015843
755 -0.252747
756 0.047112
757 -0.098150
758 0.024342
759 -0.115582
760 -0.135869
761 0.024558
762 0.034670
763 0.021404
764 -0.034018
765 0.033603
766 -0.159167
767 -0.147313
768 -0.017031
769 -0.265612
770 0.022247
771 0.101104
772 0.025592
773 -0.011765
774 0.119295
775 -0.202956
776 0.020494
777 -0.123254
778 0.186963
779 -0.062634
780 -0.131960
781 0.008070
782 0.070517
783 0.007704
784 0.065553
785 0.028563
786 0.149642
787 -0.028523
788 -0.074184
789 -0.077932
790 0.186363
791 0.150251
792 0.018308
793 -0.021253
794 -0.043202
795 0.040602
796 -0.106661
797 -0.193267
798 0.064483
799 0.166162
800 0.232795
801 0.084119
802 0.085851
803 -0.108465
804 0.051717
805 -0.139895
806 0.068327
807 -0.209426
808 0.011557
809 -0.063077
810 0.180657
811 -0.137414
812 0.061444
813 0.003239
814 0.013583
815 -0.056970
816 0.152940
817 -0.042438
818 -0.191039
819 -0.008600
820 0.054498
821 0.132591
822 -0.008584
823 -0.046926
824 -0.157896
825 -0.012359
826 0.247446
827 0.089965
828 0.195781
829 0.168896
830 0.033629
831 0.186399
832 -0.137843
833 0.050718
834 -0.012858
835 0.195547
836 0.149918
837 -0.031001
838 -0.032812
839 0.100289
840 -0.009281
841 -0.061121
842 -0.102081
843 -0.038796
844 -0.045928
845 -0.153255
846 -0.020032
847 -0.105213
848 -0.177583
849 0.092444
850 0.195373
851 0.077379
852 0.062329
853 0.244805
854 -0.012993
855 0.070470
856 0.217000
857 -0.033303
858 -0.032626
859 0.039097
860 0.083192
861 -0.013979
862 -0.130891
863 -0.117849
864 -0.071433
865 0.066015
866 -0.091379
867 0.184522
868 0.012700
869 -0.090651
870 -0.163203
871 0.075545
872 0.064153
873 -0.091081
874 -0.000325
875 0.079342
876 -0.129642
877 0.241624
878 -0.038209
879 0.089609
880 0.082435
881 0.033604
882 -0.107875
883 0.061558
884 0.201778
885 0.029938
886 0.094343
887 -0.078812
888 -0.123756
889 0.032377
890 0.183711
891 0.116207
892 0.055206
893 0.113328
894 0.075707
895 0.032569
896 -0.031350
897 0.097285
898 0.130198
899 -0.070240
900 -0.143281
901 -0.051326
902 0.126190
903 0.011534
904 0.046539
905 0.102427
906 0.039456
907 0.003411
908 -0.009818
909 0.008922
910 0.080794
911 0.135937
912 0.126648
913 -0.032605
914 -0.137109
915 0.031068
916 0.130636
917 0.203724
918 0.145623
919 -0.012354
920 0.010455
921 -0.018832
922 0.005831
923 -0.153594
924 0.107137
925 -0.059293
926 -0.245737
927 -0.010875
928 0.049320
929 -0.006323
930 -0.055833
931 0.155523
932 -0.024877
933 0.027284
934 0.095403
935 0.070433
936 0.019290
937 0.026717
938 0.045920
939 0.067128
940 0.100075
941 0.107090
942 -0.214040
943 -0.035330
944 -0.112644
945 0.096317
946 -0.043215
947 0.048180
948 -0.115251
949 0.098660
950 0.194526
951 -0.084798
952 0.105082
953 -0.021327
954 -0.112012
955 0.036112
956 0.078289
957 0.001530
958 -0.188946
959 0.005139
960 0.141804
961 0.072341
962 -0.055832
963 0.037661
964 -0.046176
965 0.094708
966 -0.102682
967 0.258406
968 -0.220553
969 -0.014937
970 0.074236
971 -0.064393
972 -0.112152
973 -0.248281
974 0.238950
975 -0.101331
976 -0.014379
977 -0.165394
978 0.029509
979 -0.131296
980 0.127887
981 0.202592
982 0.209922
983 -0.185198
984 -0.027981
985 0.165437
986 0.099018
987 0.049411
988 0.034701
989 0.098099
990 0.145912
991 -0.104933
992 0.042530
993 0.158995
994 -0.173262
995 0.083745
996 -0.042437
997 0.067606
998 0.126283
999 0.114092
1000 -0.055041
1001 0.023561
1002 -0.037229
1003 -0.039933
1004 0.221959
1005 -0.008231
1006 -0.165083
1007 -0.118353
1008 -0.008941
1009 0.018481
1010 0.008961
1011 -0.033154
1012 -0.033002
1013 0.150297
1014 -0.028349
1015 0.007722
1016 0.177812
1017 -0.007088
1018 -0.089849
1019 0.123447
1020 -0.008625
1021 -0.119754
1022 0.138521
1023 0.113951
1024 0.131086
1025 -0.130173
1026 -0.273750
1027 0.126803
1028 0.130102
1029 0.077375
1030 -0.069633
1031 0.122928
1032 0.035567
1033 0.023815
1034 -0.067424
1035 0.178781
1036 0.101173
1037 -0.002854
1038 0.019129
1039 0.077448
1040 -0.019828
1041 0.096181
1042 0.209573
1043 -0.050310
1044 0.048459
1045 0.116045
1046 -0.235910
1047 0.060302
1048 0.081732
1049 -0.001739
1050 -0.120552
1051 0.014182
1052 -0.029802
1053 0.061278
1054 -0.046809
1055 0.100560
1056 0.102721
1057 -0.005132
1058 -0.114631
1059 -0.026939
1060 -0.101669
1061 -0.060040
1062 0.022692
1063 0.062766
1064 0.062708
1065 0.062926
1066 0.022151
1067 -0.173733
1068 -0.105277
1069 0.030714
1070 -0.144165
1071 0.088345
1072 -0.103056
1073 0.029695
1074 0.040327
1075 0.040931
1076 0.123668
1077 -0.116364
1078 0.127116
1079 -0.159157
1080 -0.017863
1081 -0.069881
1082 -0.038043
1083 -0.078294
1084 -0.033561
1085 -0.001756
1086 0.068407
1087 -0.046853
1088 -0.010392
1089 0.122363
1090 0.102775
1091 -0.016026
1092 -0.099545
1093 -0.071377
1094 -0.094188
1095 -0.061846
1096 0.033486
1097 0.037403
1098 0.008179
1099 -0.071761
1100 -0.220027
1101 -0.166770
1102 0.056188
1103 -0.141992
1104 0.071787
1105 0.094366
1106 0.017006
1107 0.081606
1108 0.025698
1109 -0.189834
1110 0.124654
1111 0.004904
1112 0.031655
1113 -0.077741
1114 -0.029956
1115 0.121504
1116 0.051948
1117 -0.008755
1118 -0.037067
1119 -0.043207
1120 -0.073507
1121 -0.031836
1122 -0.163339
1123 -0.050726
1124 -0.131516
1125 -0.008238
1126 -0.233360
1127 -0.028257
1128 0.045549
1129 -0.033600
1130 -0.108759
1131 0.089458
1132 0.021533
1133 -0.170719
1134 0.164597
1135 -0.296470
1136 -0.163023
1137 0.078557
1138 0.057297
1139 -0.059294
1140 -0.080707
1141 -0.201008
1142 0.028270
1143 0.042029
1144 0.132229
1145 0.070465
1146 0.086873
1147 -0.200988
1148 -0.063887
1149 -0.181801
1150 -0.064614
1151 0.112195
1152 -0.061454
1153 0.097708
1154 0.008054
1155 -0.150847
1156 0.013130
1157 0.202928
1158 -0.190721
1159 -0.119000
1160 0.071000
1161 0.030952
1162 0.026217
1163 0.113039
1164 -0.230678
1165 0.023412
1166 0.006921
1167 -0.050200
1168 -0.057698
1169 0.216034
1170 -0.068470
1171 0.082221
1172 0.092677
1173 -0.146895
1174 -0.056686
1175 -0.160004
1176 0.068336
1177 -0.193726
1178 0.129871
1179 -0.120006
1180 0.061585
1181 0.182285
1182 0.233875
1183 -0.142565
1184 -0.066265
1185 0.007869
1186 0.054109
1187 0.262139
1188 0.108942
1189 0.117342
1190 0.088452
1191 0.188251
1192 -0.022158
1193 -0.094966
1194 0.046146
1195 -0.102304
1196 -0.093038
1197 -0.025973
1198 0.094283
1199 0.036374
1200 0.088325
1201 0.153747
1202 -0.331371
1203 0.011908
1204 0.115184
1205 0.172084
1206 0.064794
1207 0.071878
1208 0.124849
1209 -0.088552
1210 0.044229
1211 0.174679
1212 0.081617
1213 0.150627
1214 0.089830
1215 -0.162653
0 -0.025895
1 0.044133
2 0.111071
3 -0.007968
4 -0.098654
5 -0.055978
6 -0.166769
7 0.030573
8 -0.043828
9 -0.102177
10 0.011031
11 0.019986
12 -0.123018
13 0.055300
14 0.064521
15 0.054226
16 -0.082358
17 -0.100293
18 -0.023195
19 0.014481
20 -0.051661
21 0.041060
22 -0.159161
23 -0.098240
24 0.041105
25 -0.274709
26 -0.224908
27 -0.090891
28 0.058562
29 0.080980
30 0.118392
31 -0.042205
32 0.098060
33 -0.069652
34 0.140467
35 0.103580
36 -0.062971
37 -0.004339
38 0.130594
39 -0.021088
40 0.173262
41 0.018632
42 -0.026731
43 0.033081
44 0.070875
45 0.130293
46 -0.001952
47 -0.074734
48 0.131079
49 0.176134
50 0.076358
51 0.056237
52 0.053637
53 0.001540
54 0.065881
55 -0.131989
56 -0.151325
57 -0.142657
58 -0.093520
59 -0.029266
60 0.016331
61 0.255408
62 -0.102762
63 0.153896
64 0.155592
65 -0.012541
66 -0.001081
67 -0.052861
68 0.035572
69 -0.049974
70 -0.029610
71 0.171067
72 0.017192
73 0.054070
74 0.161300
75 -0.062969
76 0.019807
77 -0.064911
78 -0.073379
79 0.032141
80 -0.121681
81 -0.133431
82 0.014660
83 -0.187361
84 0.049238
85 0.024799
86 0.057119
87 -0.090252
88 -0.053597
89 0.046098
90 0.051011
91 -0.220291
92 -0.014382
93 -0.032279
94 -0.097311
95 -0.104553
96 -0.080865
97 -0.007757
98 -0.057974
99 0.189689
100 0.153254
101 -0.087675
102 -0.142645
103 0.081782
104 0.054094
105 0.131576
106 0.038006
107 0.110748
108 0.108727
109 -0.093185
110 0.029061
111 0.157096
112 0.021620
113 0.031441
114 0.113039
115 0.156345
116 0.107392
117 0.180280
118 -0.197749
119 -0.016744
120 0.099841
121 0.079207
122 0.068247
123 -0.160596
124 0.100487
125 0.032242
126 -0.006062
127 0.111844
128 -0.004374
129 -0.039981
130 -0.037146
131 -0.104192
132 0.056015
133 -0.131482
134 0.096387
135 0.032972
136 0.038288
137 -0.037934
138 -0.072539
139 0.015135
140 -0.100935
141 0.018745
142 -0.238972
143 0.116306
144 -0.144688
145 0.090147
146 0.224249
147 -0.183540
148 0.159241
149 -0.093514
150 0.095954
151 -0.007735
152 -0.044995
153 0.134269
154 -0.069607
155 -0.068824
156 -0.018514
157 -0.010284
158 0.066786
159 0.142828
160 -0.088541
161 -0.002589
162 -0.139814
163 0.041066
164 -0.107801
165 0.182486
166 0.113433
167 -0.015949
168 0.091628
169 0.038228
170 -0.135528
171 -0.184753
172 0.050111
173 0.085560
174 -0.014132
175 0.014818
176 0.081654
177 -0.023936
178 0.091438
179 0.037482
180 0.022442
181 0.004858
182 0.063174
183 0.051097
184 0.006148
185 0.114726
186 0.013390
187 0.091970
188 -0.062900
189 -0.003725
190 -0.009231
191 0.118732
192 0.018150
193 -0.040470
194 -0.004177
195 0.126568
196 0.127210
197 0.025482
198 -0.018039
199 -0.111741
200 -0.052864
201 -0.019862
202 -0.148503
203 -0.140373
204 -0.294732
205 -0.027509
206 0.038390
207 0.035845
208 -0.198021
209 0.105452
210 -0.183695
211 0.011756
212 -0.048882
213 -0.193193
214 -0.072412
215 -0.018418
216 -0.023813
217 0.102541
218 0.001610
219 -0.036068
220 -0.058732
221 0.091279
222 -0.059439
223 -0.014798
224 -0.152231
225 -0.067995
226 0.074956
227 -0.100004
228 -0.186994
229 0.293165
230 -0.077546
231 -0.033717
232 -0.229414
233 0.189793
234 -0.055319
235 -0.072154
236 -0.149523
237 -0.004259
238 0.020212
239 -0.206220
240 -0.117673
241 -0.128832
242 -0.065154
243 -0.062361
244 0.035222
245 -0.071703
246 0.046024
247 -0.055708
248 -0.015006
249 -0.237835
250 0.030343
251 0.079663
252 -0.130900
253 -0.108117
254 -0.042072
255 -0.080285
256 -0.127073
257 -0.235397
258 -0.026606
259 0.115828
260 -0.153900
261 -0.249629
262 -0.174318
263 0.030848
264 -0.147549
265 -0.001509
266 -0.076328
267 0.024713
268 0.127112
269 -0.068257
270 -0.090400
271 -0.163997
272 0.005418
273 0.000624
274 -0.105639
275 -0.183252
276 -0.033348
277 0.144489
278 -0.240061
279 -0.022805
280 -0.072795
281 0.090340
282 -0.201879
283 -0.075068
284 -0.239363
285 -0.078258
286 -0.235808
287 -0.328396
288 -0.037080
289 -0.043201
290 -0.054575
291 -0.109264
292 -0.060012
293 -0.005418
294 -0.161855
295 -0.001732
296 -0.030627
297 -0.029760
298 -0.143006
299 -0.081158
300 -0.011309
301 -0.041705
302 -0.031238
303 -0.197137
304 -0.113780
305 -0.132405
306 -0.009625
307 -0.136873
308 -0.021568
309 0.086627
310 -0.092627
311 -0.061257
312 -0.155874
313 0.138888
314 -0.002502
315 0.039657
316 -0.079706
317 0.120116
318 -0.077156
319 -0.073296
320 -0.116028
321 -0.168734
322 -0.007808
323 -0.127143
324 -0.223312
325 -0.098955
326 -0.183332
327 0.039115
328 -0.142138
329 -0.220968
330 -0.116277
331 0.017125
332 -0.011825
333 -0.122840
334 -0.015639
335 -0.010677
336 0.203415
337 -0.108883
338 0.100997
339 -0.052987
340 -0.008797
341 -0.035841
342 0.007205
343 -0.067929
344 0.037779
345 0.016650
346 0.019074
347 0.101291
348 -0.106728
349 -0.064471
350 -0.016473
351 -0.016895
352 -0.048396
353 -0.107698
354 -0.108119
355 0.113674
356 0.016935
357 -0.048789
358 -0.006243
359 0.085663
360 0.010634
361 -0.018894
362 -0.177401
363 0.036518
364 0.338372
365 -0.008899
366 -0.264742
367 0.016791
368 0.027636
369 -0.048732
370 -0.232826
371 0.017765
372 -0.156284
373 -0.146342
374 -0.043802
375 0.030038
376 -0.054302
377 -0.035744
378 -0.104723
379 -0.103878
380 0.207646
381 0.092498
382 0.046968
383 -0.095323
384 -0.148501
385 0.099184
386 -0.011274
387 -0.280600
388 -0.035541
389 0.074040
390 0.114855
391 -0.149864
392 -0.042144
393 -0.064151
394 0.097185
395 -0.137905
396 -0.107864
397 -0.209809
398 -0.052606
399 -0.178656
400 -0.062216
401 -0.092740
402 0.060184
403 -0.006269
404 -0.070316
405 -0.073575
406 -0.048316
407 -0.064493
408 -0.109178
409 -0.081718
410 -0.063640
411 -0.030000
412 -0.185466
413 0.004096
414 -0.014430
415 -0.007479
416 0.072280
417 -0.132827
418 -0.016646
419 0.034671
420 -0.048992
421 -0.124831
422 -0.005346
423 -0.083470
424 0.089140
425 -0.049115
426 -0.161024
427 0.034586
428 0.048320
429 -0.158820
430 -0.046095
431 0.053309
432 -0.106541
433 0.063836
434 -0.034216
435 -0.105016
436 -0.024666
437 -0.143240
438 0.037866
439 -0.062278
440 0.030915
441 0.059887
442 0.006457
443 0.158939
444 -0.058662
445 0.053056
446 -0.066416
447 0.191068
448 -0.060041
449 -0.096160
450 0.069335
451 -0.098163
452 -0.129165
453 -0.017365
454 -0.119597
455 0.085263
456 -0.072111
457 -0.066804
458 -0.158662
459 -0.118529
460 0.020325
461 0.054809
462 -0.073957
463 -0.111928
464 -0.048055
465 -0.085471
466 -0.040318
467 -0.032846
468 -0.170162
469 0.109931
470 -0.092954
471 -0.128610
472 -0.170960
473 -0.167920
474 0.048340
475 -0.017301
476 0.038692
477 -0.216059
478 -0.012589
479 -0.120545
480 0.015860
481 -0.046192
482 -0.079523
483 -0.005170
484 -0.090036
485 0.034279
486 -0.152918
487 -0.225921
488 -0.124871
489 0.032905
490 -0.168717
491 0.094379
492 0.021103
493 -0.132277
494 0.175731
495 0.001826
496 0.112008
497 -0.120933
498 0.030852
499 -0.026896
500 -0.085015
501 -0.091749
502 -0.094328
503 -0.088831
504 0.153116
505 -0.166976
506 -0.039521
507 0.055803
508 -0.182422
509 -0.218912
510 -0.078009
511 -0.218094
512 -0.063959
513 -0.009460
514 0.264701
515 -0.080231
516 0.006902
517 -0.034074
518 0.069287
519 -0.018160
520 -0.090430
521 -0.193725
522 0.050158
523 -0.174767
524 0.067864
525 0.001416
526 -0.040586
527 -0.107715
528 0.011546
529 -0.164037
530 0.085728
531 -0.187666
532 0.098900
533 -0.047838
534 0.097590
535 -0.030551
536 -0.146399
537 -0.048399
538 -0.039402
539 -0.264702
540 -0.131154
541 -0.161349
542 0.150829
543 -0.128671
544 0.030857
545 -0.141817
546 -0.038112
547 0.127578
548 0.015304
549 0.036204
550 0.050750
551 -0.260018
552 0.073621
553 -0.127271
554 -0.079843
555 -0.091701
556 -0.054529
557 -0.164237
558 -0.043163
559 -0.176059
560 0.090392
561 -0.181316
562 -0.055773
563 -0.320996
564 -0.163378
565 -0.021511
566 -0.082652
567 -0.005232
568 -0.061462
569 -0.035061
570 -0.104874
571 0.010236
572 -0.019566
573 0.021589
574 0.079865
575 -0.077138
576 -0.174466
577 -0.152532
578 0.036578
579 -0.077247
580 -0.012082
581 -0.071529
582 0.091548
583 -0.053297
584 0.022469
585 -0.041006
586 0.014291
587 0.067197
588 0.005728
589 0.046170
590 -0.106292
591 -0.025941
592 -0.087878
593 -0.060608
594 -0.002927
595 -0.116424
596 -0.080018
597 0.107058
598 -0.019076
599 0.058288
600 -0.093192
601 0.032473
602 0.006106
603 0.033166
604 0.039312
605 -0.114580
606 0.047274
607 -0.085274
608 -0.030002
609 -0.136377
610 -0.038566
611 -0.028627
612 0.063023
613 -0.026122
614 -0.029288
615 -0.000311
616 -0.027511
617 -0.052028
618 -0.082673
619 -0.013877
620 -0.041942
621 0.007192
622 -0.025570
623 -0.013226
624 -0.109485
625 -0.108243
626 -0.071395
627 -0.079782
628 -0.115590
629 -0.110917
630 0.003454
631 0.039898
632 0.171113
633 0.082252
634 -0.004393
635 0.026902
636 -0.080313
637 0.102099
638 0.065559
639 -0.030600
640 0.057824
641 0.025781
642 -0.278841
643 -0.158014
644 -0.247695
645 0.043892
646 0.115798
647 -0.156112
648 -0.070649
649 -0.008918
650 0.005657
651 0.019285
652 0.038426
653 -0.127347
654 0.029429
655 0.083171
656 -0.274767
657 -0.052537
658 -0.097632
659 -0.139335
660 -0.158085
661 -0.170262
662 -0.018128
663 0.061724
664 -0.023630
665 0.033817
666 0.008357
667 -0.083292
668 -0.000285
669 -0.220511
670 -0.139606
671 0.205645
672 0.103464
673 0.026886
674 -0.001394
675 -0.025603
676 -0.017809
677 0.125950
678 -0.122757
679 0.130972
680 0.124017
681 0.034214
682 0.024181
683 -0.099923
684 0.069935
685 0.038783
686 -0.020005
687 0.006924
688 0.096459
689 -0.045872
690 0.031261
691 -0.048471
692 0.017359
693 -0.072271
694 0.042428
695 -0.089655
696 -0.112903
697 0.004601
698 -0.011065
699 -0.076151
700 0.083259
701 -0.129713
702 -0.180748
703 0.061845
704 0.013903
705 -0.109383
706 0.083691
707 0.070747
708 -0.112037
709 0.194919
710 -0.053422
711 -0.224421
712 -0.187253
713 0.002469
714 -0.090739
715 0.057359
716 0.043705
717 -0.058842
718 -0.158664
719 0.032065
720 -0.206603
721 -0.073575
722 0.157312
723 0.039700
724 0.156753
725 0.052845
726 0.022169
727 -0.087999
728 -0.255377
729 -0.007689
730 0.075052
731 -0.144363
732 0.195979
733 0.023119
734 -0.166456
735 0.107107
736 -0.008732
737 0.118780
738 -0.044977
739 0.058519
740 0.000023
741 0.097323
742 0.028979
743 -0.029819
744 0.068753
745 0.136887
746 0.125126
747 -0.000608
748 -0.096102
749 -0.092382
750 -0.111362
751 0.204502
752 -0.087901
753 -0.020512
754 0.015843
755 -0.252747
756 0.047112
757 -0.098150
758 0.024342
759 -0.115582
760 -0.135869
761 0.024558
762 0.034670
763 0.021404
764 -0.034018
765 0.033603
766 -0.159167
767 -0.147313
768 -0.017031
769 -0.265612
770 0.022247
771 0.101104
772 0.025592
773 -0.011765
774 0.119295
775 -0.202956
776 0.020494
777 -0.123254
778 0.186963
779 -0.062634
780 -0.131960
781 0.008070
782 0.070517
783 0.007704
784 0.065553
785 0.028563
786 0.149642
787 -0.028523
788 -0.074184
789 -0.077932
790 0.186363
791 0.150251
792 0.018308
793 -0.021253
794 -0.043202
795 0.040602
796 -0.106661
797 -0.193267
798 0.064483
799 0.166162
800 0.232795
801 0.084119
802 0.085851
803 -0.108465
804 0.051717
805 -0.139895
806 0.068327
807 -0.209426
808 0.011557
809 -0.063077
810 0.180657
811 -0.137414
812 0.061444
813 0.003239
814 0.013583
815 -0.056970
816 0.152940
817 -0.042438
818 -0.191039
819 -0.008600
820 0.054498
821 0.132591
822 -0.008584
823 -0.046926
824 -0.157896
825 -0.012359
826 0.247446
827 0.089965
828 0.195781
829 0.168896
830 0.033629
831 0.186399
832 -0.137843
833 0.050718
834 -0.012858
835 0.195547
836 0.149918
837 -0.031001
838 -0.032812
839 0.100289
840 -0.009281
841 -0.061121
842 -0.102081
843 -0.038796
844 -0.045928
845 -0.153255
846 -0.020032
847 -0.105213
848 -0.177583
849 0.092444
850 0.195373
851 0.077379
852 0.062329
853 0.244805
854 -0.012993
855 0.070470
856 0.217000
857 -0.033303
858 -0.032626
859 0.039097
860 0.083192
861 -0.013979
862 -0.130891
863 -0.117849
864 -0.071433
865 0.066015
866 -0.091379
867 0.184522
868 0.012700
869 -0.090651
870 -0.163203
871 0.075545
872 0.064153
873 -0.091081
874 -0.000325
875 0.079342
876 -0.129642
877 0.241624
878 -0.038209
879 0.089609
880 0.082435
881 0.033604
882 -0.107875
883 0.061558
884 0.201778
885 0.029938
886 0.094343
887 -0.078812
888 -0.123756
889 0.032377
890 0.183711
891 0.116207
892 0.055206
893 0.113328
894 0.075707
895 0.032569
896 -0.031350
897 0.097285
898 0.130198
899 -0.070240
900 -0.143281
901 -0.051326
902 0.126190
903 0.011534
904 0.046539
905 0.102427
906 0.039456
907 0.003411
908 -0.009818
909 0.008922
910 0.080794
911 0.135937
912 0.126648
913 -0.032605
914 -0.137109
915 0.031068
916 0.130636
917 0.203724
918 0.145623
919 -0.012354
920 0.010455
921 -0.018832
922 0.005831
923 -0.153594
924 0.107137
925 -0.059293
926 -0.245737
927 -0.010875
928 0.049320
929 -0.006323
930 -0.055833
931 0.155523
932 -0.024877
933 0.027284
934 0.095403
935 0.070433
936 0.019290
937 0.026717
938 0.045920
939 0.067128
940 0.100075
941 0.107090
942 -0.214040
943 -0.035330
944 -0.112644
945 0.096317
946 -0.043215
947 0.048180
948 -0.115251
949 0.098660
950 0.194526
951 -0.084798
952 0.105082
953 -0.021327
954 -0.112012
955 0.036112
956 0.078289
957 0.001530
958 -0.188946
959 0.005139
960 0.141804
961 0.072341
962 -0.055832
963 0.037661
964 -0.046176
965 0.094708
966 -0.102682
967 0.258406
968 -0.220553
969 -0.014937
970 0.074236
971 -0.064393
972 -0.112152
973 -0.248281
974 0.238950
975 -0.101331
976 -0.014379
977 -0.165394
978 0.029509
979 -0.131296
980 0.127887
981 0.202592
982 0.209922
983 -0.185198
984 -0.027981
985 0.165437
986 0.099018
987 0.049411
988 0.034701
989 0.098099
990 0.145912
991 -0.104933
992 0.042530
993 0.158995
994 -0.173262
995 0.083745
996 -0.042437
997 0.067606
998 0.126283
999 0.114092
1000 -0.055041
1001 0.023561
1002 -0.037229
1003 -0.039933
1004 0.221959
1005 -0.008231
1006 -0.165083
1007 -0.118353
1008 -0.008941
1009 0.018481
1010 0.008961
1011 -0.033154
1012 -0.033002
1013 0.150297
1014 -0.028349
1015 0.007722
1016 0.177812
1017 -0.007088
1018 -0.089849
1019 0.123447
1020 -0.008625
1021 -0.119754
1022 0.138521
1023 0.113951
1024 0.131086
1025 -0.130173
1026 -0.273750
1027 0.126803
1028 0.130102
1029 0.077375
1030 -0.069633
1031 0.122928
1032 0.035567
1033 0.023815
1034 -0.067424
1035 0.178781
1036 0.101173
1037 -0.002854
1038 0.019129
1039 0.077448
1040 -0.019828
1041 0.096181
1042 0.209573
1043 -0.050310
1044 0.048459
1045 0.116045
1046 -0.235910
1047 0.060302
1048 0.081732
1049 -0.001739
1050 -0.120552
1051 0.014182
1052 -0.029802
1053 0.061278
1054 -0.046809
1055 0.100560
1056 0.102721
1057 -0.005132
1058 -0.114631
1059 -0.026939
1060 -0.101669
1061 -0.060040
1062 0.022692
1063 0.062766
1064 0.062708
1065 0.062926
1066 0.022151
1067 -0.173733
1068 -0.105277
1069 0.030714
1070 -0.144165
1071 0.088345
1072 -0.103056
1073 0.029695
1074 0.040327
1075 0.040931
1076 0.123668
1077 -0.116364
1078 0.127116
1079 -0.159157
1080 -0.017863
1081 -0.069881
1082 -0.038043
1083 -0.078294
1084 -0.033561
1085 -0.001756
1086 0.068407
1087 -0.046853
1088 -0.010392
1089 0.122363
1090 0.102775
1091 -0.016026
1092 -0.099545
1093 -0.071377
1094 -0.094188
1095 -0.061846
1096 0.033486
1097 0.037403
1098 0.008179
1099 -0.071761
1100 -0.220027
1101 -0.166770
1102 0.056188
1103 -0.141992
1104 0.071787
1105 0.094366
1106 0.017006
1107 0.081606
1108 0.025698
1109 -0.189834
1110 0.124654
1111 0.004904
1112 0.031655
1113 -0.077741
1114 -0.029956
1115 0.121504
1116 0.051948
1117 -0.008755
1118 -0.037067
1119 -0.043207
1120 -0.073507
1121 -0.031836
1122 -0.163339
1123 -0.050726
1124 -0.131516
1125 -0.008238
1126 -0.233360
1127 -0.028257
1128 0.045549
1129 -0.033600
1130 -0.108759
1131 0.089458
1132 0.021533
1133 -0.170719
1134 0.164597
1135 -0.296470
1136 -0.163023
1137 0.078557
1138 0.057297
1139 -0.059294
1140 -0.080707
1141 -0.201008
1142 0.028270
1143 0.042029
1144 0.132229
1145 0.070465
1146 0.086873
1147 -0.200988
1148 -0.063887
1149 -0.181801
1150 -0.064614
1151 0.112195
1152 -0.061454
1153 0.097708
1154 0.008054
1155 -0.150847
1156 0.013130
1157 0.202928
1158 -0.190721
1159 -0.119000
1160 0.071000
1161 0.030952
1162 0.026217
1163 0.113039
1164 -0.230678
1165 0.023412
1166 0.006921
1167 -0.050200
1168 -0.057698
1169 0.216034
1170 -0.068470
1171 0.082221
1172 0.092677
1173 -0.146895
1174 -0.056686
1175 -0.160004
1176 0.068336
1177 -0.193726
1178 0.129871
1179 -0.120006
1180 0.061585
1181 0.182285
1182 0.233875
1183 -0.142565
1184 -0.066265
1185 0.007869
1186 0.054109
1187 0.262139
1188 0.108942
1189 0.117342
1190 0.088452
1191 0.188251
1192 -0.022158
1193 -0.094966
1194 0.046146
1195 -0.102304
1196 -0.093038
1197 -0.025973
1198 0.094283
1199 0.036374
1200 0.088325
1201 0.153747
1202 -0.331371
1203 0.011908
1204 0.115184
1205 0.172084
1206 0.064794
1207 0.071878
1208 0.124849
1209 -0.088552
1210 0.044229
1211 0.174679
1212 0.081617
1213 0.150627
1214 0.089830
1215 -0.162653
0 -0.025895
1 0.044133
2 0.111071
3 -0.007968
4 -0.098654
5 -0.055978
6 -0.166769
7 0.030573
8 -0.043828
9 -0.102177
10 0.011031
11 0.019986
12 -0.123018
13 0.055300
14 0.064521
15 0.054226
16 -0.082358
17 -0.100293
18 -0.023195
19 0.014481
20 -0.051661
21 0.041060
22 -0.159161
23 -0.098240
24 0.041105
25 -0.274709
26 -0.224908
27 -0.090891
28 0.058562
29 0.080980
30 0.118392
31 -0.042205
32 0.098060
33 -0.069652
34 0.140467
35 0.103580
36 -0.062971
37 -0.004339
38 0.130594
39 -0.021088
40 0.173262
41 0.018632
42 -0.026731
43 0.033081
44 0.070875
45 0.130293
46 -0.001952
47 -0.074734
48 0.131079
49 0.176134
50 0.076358
51 0.056237
52 0.053637
53 0.001540
54 0.065881
55 -0.131989
56 -0.151325
57 -0.142657
58 -0.093520
59 -0.029266
60 0.016331
61 0.255408
62 -0.102762
63 0.153896
64 0.155592
65 -0.012541
66 -0.001081
67 -0.052861
68 0.035572
69 -0.049974
70 -0.029610
71 0.171067
72 0.017192
73 0.054070
74 0.161300
75 -0.062969
76 0.019807
77 -0.064911
78 -0.073379
79 0.032141
80 -0.121681
81 -0.133431
82 0.014660
83 -0.187361
84 0.049238
85 0.024799
86 0.057119
87 -0.090252
88 -0.053597
89 0.046098
90 0.051011
91 -0.220291
92 -0.014382
93 -0.032279
94 -0.097311
95 -0.104553
96 -0.080865
97 -0.007757
98 -0.057974
99 0.189689
100 0.153254
101 -0.087675
102 -0.142645
103 0.081782
104 0.054094
105 0.131576
106 0.038006
107 0.110748
108 0.108727
109 -0.093185
110 0.029061
111 0.157096
112 0.021620
113 0.031441
114 0.113039
115 0.156345
116 0.107392
117 0.180280
118 -0.197749
119 -0.016744
120 0.099841
121 0.079207
122 0.068247
123 -0.160596
124 0.100487
125 0.032242
126 -0.006062
127 0.111844
128 -0.004374
129 -0.039981
130 -0.037146
131 -0.104192
132 0.056015
133 -0.131482
134 0.096387
135 0.032972
136 0.038288
137 -0.037934
138 -0.072539
139 0.015135
140 -0.100935
141 0.018745
142 -0.238972
143 0.116306
144 -0.144688
145 0.090147
146 0.224249
147 -0.183540
148 0.159241
149 -0.093514
150 0.095954
151 -0.007735
152 -0.044995
153 0.134269
154 -0.069607
155 -0.068824
156 -0.018514
157 -0.010284
158 0.066786
159 0.142828
160 -0.088541
161 -0.002589
162 -0.139814
163 0.041066
164 -0.107801
165 0.182486
166 0.113433
167 -0.015949
168 0.091628
169 0.038228
170 -0.135528
171 -0.184753
172 0.050111
173 0.085560
174 -0.014132
175 0.014818
176 0.081654
177 -0.023936
178 0.091438
179 0.037482
180 0.022442
181 0.004858
182 0.063174
183 0.051097
184 0.006148
185 0.114726
186 0.013390
187 0.091970
188 -0.062900
189 -0.003725
190 -0.009231
191 0.118732
192 0.018150
193 -0.040470
194 -0.004177
195 0.126568
196 0.127210
197 0.025482
198 -0.018039
199 -0.111741
200 -0.052864
201 -0.019862
202 -0.148503
203 -0.140373
204 -0.294732
205 -0.027509
206 0.038390
207 0.035845
208 -0.198021
209 0.105452
210 -0.183695
211 0.011756
212 -0.048882
213 -0.193193
214 -0.072412
215 -0.018418
216 -0.023813
217 0.102541
218 0.001610
219 -0.036068
220 -0.058732
221 0.091279
222 -0.059439
223 -0.014798
224 -0.152231
225 -0.067995
226 0.074956
227 -0.100004
228 -0.186994
229 0.293165
230 -0.077546
231 -0.033717
232 -0.229414
233 0.189793
234 -0.055319
235 -0.072154
236 -0.149523
237 -0.004259
238 0.020212
239 -0.206220
240 -0.117673
241 -0.128832
242 -0.065154
243 -0.062361
244 0.035222
245 -0.071703
246 0.046024
247 -0.055708
248 -0.015006
249 -0.237835
250 0.030343
251 0.079663
252 -0.130900
253 -0.108117
254 -0.042072
255 -0.080285
256 -0.127073
257 -0.235397
258 -0.026606
259 0.115828
260 -0.153900
261 -0.249629
262 -0.174318
263 0.030848
264 -0.147549
265 -0.001509
266 -0.076328
267 0.024713
268 0.127112
269 -0.068257
270 -0.090400
271 -0.163997
272 0.005418
273 0.000624
274 -0.105639
275 -0.183252
276 -0.033348
277 0.144489
278 -0.240061
279 -0.022805
280 -0.072795
281 0.090340
282 -0.201879
283 -0.075068
284 -0.239363
285 -0.078258
286 -0.235808
287 -0.328396
288 -0.037080
289 -0.043201
290 -0.054575
291 -0.109264
292 -0.060012
293 -0.005418
294 -0.161855
295 -0.001732
296 -0.030627
297 -0.029760
298 -0.143006
299 -0.081158
300 -0.011309
301 -0.041705
302 -0.031238
303 -0.197137
304 -0.113780
305 -0.132405
306 -0.009625
307 -0.136873
308 -0.021568
309 0.086627
310 -0.092627
311 -0.061257
312 -0.155874
313 0.138888
314 -0.002502
315 0.039657
316 -0.079706
317 0.120116
318 -0.077156
319 -0.073296
320 -0.116028
321 -0.168734
322 -0.007808
323 -0.127143
324 -0.223312
325 -0.098955
326 -0.183332
327 0.039115
328 -0.142138
329 -0.220968
330 -0.116277
331 0.017125
332 -0.011825
333 -0.122840
334 -0.015639
335 -0.010677
336 0.203415
337 -0.108883
338 0.100997
339 -0.052987
340 -0.008797
341 -0.035841
342 0.007205
343 -0.067929
344 0.037779
345 0.016650
346 0.019074
347 0.101291
348 -0.106728
349 -0.064471
350 -0.016473
351 -0.016895
352 -0.048396
353 -0.107698
354 -0.108119
355 0.113674
356 0.016935
357 -0.048789
358 -0.006243
359 0.085663
360 0.010634
361 -0.018894
362 -0.177401
363 0.036518
364 0.338372
365 -0.008899
366 -0.264742
367 0.016791
368 0.027636
369 -0.048732
370 -0.232826
371 0.017765
372 -0.156284
373 -0.146342
374 -0.043802
375 0.030038
376 -0.054302
377 -0.035744
378 -0.104723
379 -0.103878
380 0.207646
381 0.092498
382 0.046968
383 -0.095323
384 -0.148501
385 0.099184
386 -0.011274
387 -0.280600
388 -0.035541
389 0.074040
390 0.114855
391 -0.149864
392 -0.042144
393 -0.064151
394 0.097185
395 -0.137905
396 -0.107864
397 -0.209809
398 -0.052606
399 -0.178656
400 -0.062216
401 -0.092740
402 0.060184
403 -0.006269
404 -0.070316
405 -0.073575
406 -0.048316
407 -0.064493
408 -0.109178
409 -0.081718
410 -0.063640
411 -0.030000
412 -0.185466
413 0.004096
414 -0.014430
415 -0.007479
416 0.072280
417 -0.132827
418 -0.016646
419 0.034671
420 -0.048992
421 -0.124831
422 -0.005346
423 -0.083470
424 0.089140
425 -0.049115
426 -0.161024
427 0.034586
428 0.048320
429 -0.158820
430 -0.046095
431 0.053309
432 -0.106541
433 0.063836
434 -0.034216
435 -0.105016
436 -0.024666
437 -0.143240
438 0.037866
439 -0.062278
440 0.030915
441 0.059887
442 0.006457
443 0.158939
444 -0.058662
445 0.053056
446 -0.066416
447 0.191068
448 -0.060041
449 -0.096160
450 0.069335
451 -0.098163
452 -0.129165
453 -0.017365
454 -0.119597
455 0.085263
456 -0.072111
457 -0.066804
458 -0.158662
459 -0.118529
460 0.020325
461 0.054809
462 -0.073957
463 -0.111928
464 -0.048055
465 -0.085471
466 -0.040318
467 -0.032846
468 -0.170162
469 0.109931
470 -0.092954
471 -0.128610
472 -0.170960
473 -0.167920
474 0.048340
475 -0.017301
476 0.038692
477 -0.216059
478 -0.012589
479 -0.120545
480 0.015860
481 -0.046192
482 -0.079523
483 -0.005170
484 -0.090036
485 0.034279
486 -0.152918
487 -0.225921
488 -0.124871
489 0.032905
490 -0.168717
491 0.094379
492 0.021103
493 -0.132277
494 0.175731
495 0.001826
496 0.112008
497 -0.120933
498 0.030852
499 -0.026896
500 -0.085015
501 -0.091749
502 -0.094328
503 -0.088831
504 0.153116
505 -0.166976
506 -0.039521
507 0.055803
508 -0.182422
509 -0.218912
510 -0.078009
511 -0.218094
512 -0.063959
513 -0.009460
514 0.264701
515 -0.080231
516 0.006902
517 -0.034074
518 0.069287
519 -0.018160
520 -0.090430
521 -0.193725
522 0.050158
523 -0.174767
524 0.067864
525 0.001416
526 -0.040586
527 -0.107715
528 0.011546
529 -0.164037
530 0.085728
531 -0.187666
532 0.098900
533 -0.047838
534 0.097590
535 -0.030551
536 -0.146399
537 -0.048399
538 -0.039402
539 -0.264702
540 -0.131154
541 -0.161349
542 0.150829
543 -0.128671
544 0.030857
545 -0.141817
546 -0.038112
547 0.127578
548 0.015304
549 0.036204
550 0.050750
551 -0.260018
552 0.073621
553 -0.127271
554 -0.079843
555 -0.091701
556 -0.054529
557 -0.164237
558 -0.043163
559 -0.176059
560 0.090392
561 -0.181316
562 -0.055773
563 -0.320996
564 -0.163378
565 -0.021511
566 -0.082652
567 -0.005232
568 -0.061462
569 -0.035061
570 -0.104874
571 0.010236
572 -0.019566
573 0.021589
574 0.079865
575 -0.077138
576 -0.174466
577 -0.152532
578 0.036578
579 -0.077247
580 -0.012082
581 -0.071529
582 0.091548
583 -0.053297
584 0.022469
585 -0.041006
586 0.014291
587 0.067197
588 0.005728
589 0.046170
590 -0.106292
591 -0.025941
592 -0.087878
593 -0.060608
594 -0.002927
595 -0.116424
596 -0.080018
597 0.107058
598 -0.019076
599 0.058288
600 -0.093192
601 0.032473
602 0.006106
603 0.033166
604 0.039312
605 -0.114580
606 0.047274
607 -0.085274
608 -0.030002
609 -0.136377
610 -0.038566
611 -0.028627
612 0.063023
613 -0.026122
614 -0.029288
615 -0.000311
616 -0.027511
617 -0.052028
618 -0.082673
619 -0.013877
620 -0.041942
621 0.007192
622 -0.025570
623 -0.013226
624 -0.109485
625 -0.108243
626 -0.071395
627 -0.079782
628 -0.115590
629 -0.110917
630 0.003454
631 0.039898
632 0.171113
633 0.082252
634 -0.004393
635 0.026902
636 -0.080313
637 0.102099
638 0.065559
639 -0.030600
640 0.057824
641 0.025781
642 -0.278841
643 -0.158014
644 -0.247695
645 0.043892
646 0.115798
647 -0.156112
648 -0.070649
649 -0.008918
650 0.005657
651 0.019285
652 0.038426
653 -0.127347
654 0.029429
655 0.083171
656 -0.274767
657 -0.052537
658 -0.097632
659 -0.139335
660 -0.158085
661 -0.170262
662 -0.018128
663 0.061724
664 -0.023630
665 0.033817
666 0.008357
667 -0.083292
668 -0.000285
669 -0.220511
670 -0.139606
671 0.205645
672 0.103464
673 0.026886
674 -0.001394
675 -0.025603
676 -0.017809
677 0.125950
678 -0.122757
679 0.130972
680 0.124017
681 0.034214
682 0.024181
683 -0.099923
684 0.069935
685 0.038783
686 -0.020005
687 0.006924
688 0.096459
689 -0.045872
690 0.031261
691 -0.048471
692 0.017359
693 -0.072271
694 0.042428
695 -0.089655
696 -0.112903
697 0.004601
698 -0.011065
699 -0.076151
700 0.083259
701 -0.129713
702 -0.180748
703 0.061845
704 0.013903
705 -0.109383
706 0.083691
707 0.070747
708 -0.112037
709 0.194919
710 -0.053422
711 -0.224421
712 -0.187253
713 0.002469
714 -0.090739
715 0.057359
716 0.043705
717 -0.058842
718 -0.158664
719 0.032065
720 -0.206603
721 -0.073575
722 0.157312
723 0.039700
724 0.156753
725 0.052845
726 0.022169
727 -0.087999
728 -0.255377
729 -0.007689
730 0.075052
731 -0.144363
732 0.195979
733 0.023119
734 -0.166456
735 0.107107
736 -0.008732
737 0.118780
738 -0.044977
739 0.058519
740 0.000023
741 0.097323
742 0.028979
743 -0.029819
744 0.068753
745 0.136887
746 0.125126
747 -0.000608
748 -0.096102
749 -0.092382
750 -0.111362
751 0.204502
752 -0.087901
753 -0.020512
754 0.015843
755 -0.252747
756 0.047112
757 -0.098150
758 0.024342
759 -0.115582
760 -0.135869
761 0.024558
762 0.034670
763 0.021404
764 -0.034018
765 0.033603
766 -0.159167
767 -0.147313
768 -0.017031
769 -0.265612
770 0.022247
771 0.101104
772 0.025592
773 -0.011765
774 0.119295
775 -0.202956
776 0.020494
777 -0.123254
778 0.186963
779 -0.062634
780 -0.131960
781 0.008070
782 0.070517
783 0.007704
784 0.065553
785 0.028563
786 0.149642
787 -0.028523
788 -0.074184
789 -0.077932
790 0.186363
791 0.150251
792 0.018308
793 -0.021253
794 -0.043202
795 0.040602
796 -0.106661
797 -0.193267
798 0.064483
799 0.166162
800 0.232795
801 0.084119
802 0.085851
803 -0.108465
804 0.051717
805 -0.139895
806 0.068327
807 -0.209426
808 0.011557
809 -0.063077
810 0.180657
811 -0.137414
812 0.061444
813 0.003239
814 0.013583
815 -0.056970
816 0.152940
817 -0.042438
818 -0.191039
819 -0.008600
820 0.054498
821 0.132591
822 -0.008584
823 -0.046926
824 -0.157896
825 -0.012359
826 0.247446
827 0.089965
828 0.195781
829 0.168896
830 0.033629
831 0.186399
832 -0.137843
833 0.050718
834 -0.012858
835 0.195547
836 0.149918
837 -0.031001
838 -0.032812
839 0.100289
840 -0.009281
841 -0.061121
842 -0.102081
843 -0.038796
844 -0.045928
845 -0.153255
846 -0.020032
847 -0.105213
848 -0.177583
849 0.092444
850 0.195373
851 0.077379
852 0.062329
853 0.244805
854 -0.012993
855 0.070470
856 0.217000
857 -0.033303
858 -0.032626
859 0.039097
860 0.083192
861 -0.013979
862 -0.130891
863 -0.117849
864 -0.071433
865 0.066015
866 -0.091379
867 0.184522
868 0.012700
869 -0.090651
870 -0.163203
871 0.075545
872 0.064153
873 -0.091081
874 -0.000325
875 0.079342
876 -0.129642
877 0.241624
878 -0.038209
879 0.089609
880 0.082435
881 0.033604
882 -0.107875
883 0.061558
884 0.201778
885 0.029938
886 0.094343
887 -0.078812
888 -0.123756
889 0.032377
890 0.183711
891 0.116207
892 0.055206
893 0.113328
894 0.075707
895 0.032569
896 -0.031350
897 0.097285
898 0.130198
899 -0.070240
900 -0.143281
901 -0.051326
902 0.126190
903 0.011534
904 0.046539
905 0.102427
906 0.039456
907 0.003411
908 -0.009818
909 0.008922
910 0.080794
911 0.135937
912 0.126648
913 -0.032605
914 -0.137109
915 0.031068
916 0.130636
917 0.203724
918 0.145623
919 -0.012354
920 0.010455
921 -0.018832
922 0.005831
923 -0.153594
924 0.107137
925 -0.059293
926 -0.245737
927 -0.010875
928 0.049320
929 -0.006323
930 -0.055833
931 0.155523
932 -0.024877
933 0.027284
934 0.095403
935 0.070433
936 0.019290
937 0.026717
938 0.045920
939 0.067128
940 0.100075
941 0.107090
942 -0.214040
943 -0.035330
944 -0.112644
945 0.096317
946 -0.043215
947 0.048180
948 -0.115251
949 0.098660
950 0.194526
951 -0.084798
952 0.105082
953 -0.021327
954 -0.112012
955 0.036112
956 0.078289
957 0.001530
958 -0.188946
959 0.005139
960 0.141804
961 0.072341
962 -0.055832
963 0.037661
964 -0.046176
965 0.094708
966 -0.102682
967 0.258406
968 -0.220553
969 -0.014937
970 0.074236
971 -0.064393
972 -0.112152
973 -0.248281
974 0.238950
975 -0.101331
976 -0.014379
977 -0.165394
978 0.029509
979 -0.131296
980 0.127887
981 0.202592
982 0.209922
983 -0.185198
984 -0.027981
985 0.165437
986 0.099018
987 0.049411
988 0.034701
989 0.098099
990 0.145912
991 -0.104933
992 0.042530
993 0.158995
994 -0.173262
995 0.083745
996 -0.042437
997 0.067606
998 0.126283
999 0.114092
1000 -0.055041
1001 0.023561
1002 -0.037229
1003 -0.039933
1004 0.221959
1005 -0.008231
1006 -0.165083
1007 -0.118353
1008 -0.008941
1009 0.018481
1010 0.008961
1011 -0.033154
1012 -0.033002
1013 0.150297
1014 -0.028349
1015 0.007722
1016 0.177812
1017 -0.007088
1018 -0.089849
1019 0.123447
1020 -0.008625
1021 -0.119754
1022 0.138521
1023 0.113951
1024 0.131086
1025 -0.130173
1026 -0.273750
1027 0.126803
1028 0.130102
1029 0.077375
1030 -0.069633
1031 0.122928
1032 0.035567
1033 0.023815
1034 -0.067424
1035 0.178781
1036 0.101173
1037 -0.002854
1038 0.019129
1039 0.077448
1040 -0.019828
1041 0.096181
1042 0.209573
1043 -0.050310
1044 0.048459
1045 0.116045
1046 -0.235910
1047 0.060302
1048 0.081732
1049 -0.001739
1050 -0.120552
1051 0.014182
1052 -0.029802
1053 0.061278
1054 -0.046809
1055 0.100560
1056 0.102721
1057 -0.005132
1058 -0.114631
1059 -0.026939
1060 -0.101669
1061 -0.060040
1062 0.022692
1063 0.062766
1064 0.062708
1065 0.062926
1066 0.022151
1067 -0.173733
1068 -0.105277
1069 0.030714
1070 -0.144165
1071 0.088345
1072 -0.103056
1073 0.029695
1074 0.040327
1075 0.040931
1076 0.123668
1077 -0.116364
1078 0.127116
1079 -0.159157
1080 -0.017863
1081 -0.069881
1082 -0.038043
1083 -0.078294
1084 -0.033561
1085 -0.001756
1086 0.068407
1087 -0.046853
1088 -0.010392
1089 0.122363
1090 0.102775
1091 -0.016026
1092 -0.099545
1093 -0.071377
1094 -0.094188
1095 -0.061846
1096 0.033486
1097 0.037403
1098 0.008179
1099 -0.071761
1100 -0.220027
1101 -0.166770
1102 0.056188
1103 -0.141992
1104 0.071787
1105 0.094366
1106 0.017006
1107 0.081606
1108 0.025698
1109 -0.189834
1110 0.124654
1111 0.004904
1112 0.031655
1113 -0.077741
1114 -0.029956
1115 0.121504
1116 0.051948
1117 -0.008755
1118 -0.037067
1119 -0.043207
1120 -0.073507
1121 -0.031836
1122 -0.163339
1123 -0.050726
1124 -0.131516
1125 -0.008238
1126 -0.233360
1127 -0.028257
1128 0.045549
1129 -0.033600
1130 -0.108759
1131 0.089458
1132 0.021533
1133 -0.170719
1134 0.164597
1135 -0.296470
1136 -0.163023
1137 0.078557
1138 0.057297
1139 -0.059294
1140 -0.080707
1141 -0.201008
1142 0.028270
1143 0.042029
1144 0.132229
1145 0.070465
1146 0.086873
1147 -0.200988
1148 -0.063887
1149 -0.181801
1150 -0.064614
1151 0.112195
1152 -0.061454
1153 0.097708
1154 0.008054
1155 -0.150847
1156 0.013130
1157 0.202928
1158 -0.190721
1159 -0.119000
1160 0.071000
1161 0.030952
1162 0.026217
1163 0.113039
1164 -0.230678
1165 0.023412
1166 0.006921
1167 -0.050200
1168 -0.057698
1169 0.216034
1170 -0.068470
1171 0.082221
1172 0.092677
1173 -0.146895
1174 -0.056686
1175 -0.160004
1176 0.068336
1177 -0.193726
1178 0.129871
1179 -0.120006
1180 0.061585
1181 0.182285
1182 0.233875
1183 -0.142565
1184 -0.066265
1185 0.007869
1186 0.054109
1187 0.262139
1188 0.108942
1189 0.117342
1190 0.088452
1191 0.188251
1192 -0.022158
1193 -0.094966
1194 0.046146
1195 -0.102304
1196 -0.093038
1197 -0.025973
1198 0.094283
1199 0.036374
1200 0.088325
1201 0.153747
1202 -0.331371
1203 0.011908
1204 0.115184
1205 0.172084
1206 0.064794
1207 0.071878
1208 0.124849
1209 -0.088552
1210 0.044229
1211 0.174679
1212 0.081617
1213 0.150627
1214 0.089830
1215 -0.162653
0 -0.025895
1 -0.252769
2 -0.056023
3 -0.041316
4 0.106029
5 0.013069
6 -0.030396
7 0.157144
8 -0.042862
9 0.017270
10 0.171910
11 0.036873
12 0.045004
13 0.088777
14 0.227486
15 -0.044671
16 -0.098488
17 0.055867
18 0.136947
19 0.252867
20 0.010224
21 -0.065666
22 0.076163
23 0.054062
24 -0.084030
25 -0.082356
26 -0.061630
27 -0.026254
28 -0.018262
29 0.031215
30 0.018554
31 -0.007012
32 0.099188
33 0.006820
34 -0.000179
35 -0.042524
36 0.264134
37 -0.045894
38 -0.078475
39 0.042219
40 0.009073
41 -0.136543
42 0.192975
43 -0.089368
44 0.005073
45 0.223825
46 -0.026467
47 -0.056591
48 0.089982
49 -0.184833
50 0.109955
51 -0.054299
52 0.064343
53 0.051521
54 0.046193
55 -0.004567
56 -0.032466
57 -0.014655
58 -0.110868
59 0.233061
60 0.068792
61 0.028095
62 0.012011
63 -0.002469
64 0.035133
65 -0.032939
66 0.016643
67 -0.079672
68 0.110764
69 -0.144512
70 0.103634
71 0.094634
72 0.089674
73 -0.143737
74 0.090126
75 0.046192
76 -0.194686
77 0.173990
78 0.030015
79 -0.001827
80 -0.077962
81 0.015447
82 -0.053826
83 -0.059802
84 -0.008690
85 0.020163
86 -0.119490
87 -0.094654
88 0.162117
89 0.035075
90 0.197530
91 -0.023579
92 0.109825
93 -0.146724
94 0.056906
95 -0.037652
96 0.018720
97 -0.047235
98 0.136280
99 -0.092622
100 0.264060
101 0.080720
102 0.017336
103 0.106906
104 0.061490
105 -0.018724
106 -0.049309
107 -0.162165
108 0.067058
109 0.039012
110 -0.010802
111 0.093935
112 -0.113053
113 0.069261
114 -0.045002
115 -0.046482
116 -0.058917
117 0.051338
118 -0.064430
119 0.054041
120 -0.129384
121 -0.018236
122 0.106319
123 0.087628
124 -0.010415
125 0.020439
126 -0.062327
127 0.006526
128 0.113073
129 -0.029749
130 -0.041681
131 0.054597
132 0.053443
133 -0.061778
134 0.002364
135 0.112585
136 0.139116
137 -0.007316
138 0.122200
139 0.127653
140 -0.003240
141 -0.159457
142 0.148741
143 -0.058510
144 -0.126139
145 -0.167521
146 -0.187175
147 0.115503
148 0.070277
149 0.103532
150 0.014858
151 -0.205953
152 -0.190175
153 -0.021617
154 -0.179435
155 0.214978
156 0.098464
157 -0.072076
158 -0.230913
159 -0.153523
160 0.100186
161 -0.060301
162 -0.101679
163 -0.029809
164 0.032034
165 0.118826
166 0.101178
167 0.061208
168 -0.050270
169 0.096388
170 -0.230795
171 -0.049314
172 0.011920
173 0.091970
174 0.055498
175 -0.075128
176 -0.005480
177 -0.112030
178 -0.076058
179 0.121737
180 -0.206023
181 0.064289
182 0.031137
183 -0.103508
184 0.075728
185 -0.024285
186 -0.001055
187 -0.160515
188 0.254756
189 0.031347
190 -0.012356
191 -0.010779
192 -0.060622
193 -0.106440
194 -0.087373
195 -0.112957
196 -0.111920
197 -0.233261
198 -0.144951
199 0.063355
200 0.176104
201 -0.130555
202 0.023959
203 -0.001999
204 0.294451
205 -0.126430
206 0.066942
207 0.097832
208 0.057586
209 -0.047871
210 -0.122063
211 -0.122726
212 -0.012169
213 0.056703
214 -0.157532
215 -0.215671
216 -0.061886
217 -0.217712
218 -0.011477
219 -0.014984
220 0.052766
221 -0.079507
222 -0.105800
223 0.122379
224 0.134278
225 -0.099987
226 0.190025
227 -0.031553
228 0.058495
229 -0.101493
230 0.037780
231 -0.090531
232 -0.044060
233 -0.020078
234 0.042383
235 -0.066071
236 -0.059142
237 0.008953
238 0.111921
239 0.024950
240 0.006901
241 0.130121
242 0.170599
243 -0.125598
244 0.049856
245 -0.085913
246 0.098348
247 -0.097511
248 -0.047069
249 -0.222520
250 0.163823
251 0.016912
252 -0.014939
253 0.048753
254 0.106857
255 0.103452
256 -0.058372
257 -0.078317
258 -0.104378
259 0.111060
260 -0.183134
261 -0.014052
262 -0.101624
263 0.101271
264 -0.012418
265 0.088127
266 -0.018756
267 0.044758
268 -0.037892
269 -0.151014
270 -0.022184
271 -0.083827
272 -0.015424
273 0.101111
274 -0.116747
275 0.038187
276 0.296327
277 -0.105791
278 -0.098810
279 0.050872
280 0.092992
281 -0.075614
282 0.054420
283 -0.089038
284 -0.146702
285 -0.011700
286 -0.062600
287 0.006846
288 -0.022973
289 -0.009716
290 -0.121092
291 -0.098278
292 -0.067899
293 0.138978
294 -0.039971
295 -0.126794
296 -0.008599
297 -0.024678
298 -0.025713
299 -0.004967
300 -0.107897
301 0.020830
302 -0.063316
303 -0.123975
304 -0.198038
305 -0.125171
306 -0.131635
307 -0.015514
308 0.004259
309 0.015902
310 -0.013532
311 0.014779
312 -0.045982
313 -0.203191
314 -0.005096
315 -0.017801
316 -0.198647
317 -0.159124
318 -0.093842
319 0.144713
320 -0.055210
321 0.028740
322 -0.168526
323 -0.090198
324 0.037659
325 -0.151605
326 -0.140257
327 -0.071109
328 -0.140725
329 -0.047036
330 -0.019405
331 -0.120053
332 -0.137893
333 -0.084727
334 -0.067357
335 -0.133769
336 0.087826
337 -0.005289
338 0.017922
339 -0.082894
340 -0.118674
341 -0.063750
342 0.024555
343 0.002139
344 0.028228
345 0.037484
346 0.187033
347 -0.011927
348 0.074536
349 0.047460
350 -0.033653
351 0.055497
352 -0.126964
353 -0.099700
354 0.011529
355 0.011952
356 -0.047728
357 -0.124895
358 -0.064569
359 -0.201625
360 0.117469
361 -0.121237
362 -0.089202
363 -0.024041
364 -0.122229
365 0.010511
366 -0.168531
367 -0.053246
368 -0.067240
369 -0.027397
370 -0.067414
371 -0.100101
372 0.036475
373 0.004537
374 -0.025234
375 0.155060
376 -0.030544
377 -0.087776
378 0.143516
379 0.133897
380 -0.017755
381 -0.005331
382 -0.010708
383 0.024089
384 0.038783
385 -0.041402
386 -0.101702
387 0.012560
388 0.111220
389 0.068696
390 0.000156
391 -0.173917
392 0.042525
393 0.070719
394 0.013396
395 0.028703
396 -0.161598
397 -0.001084
398 0.012449
399 -0.009261
400 -0.051585
401 0.008167
402 -0.131893
403 -0.068783
404 -0.012860
405 0.060417
406 0.068967
407 -0.059999
408 0.089706
409 0.027227
410 0.032884
411 -0.006421
412 -0.107532
413 0.127334
414 0.030009
415 -0.015397
416 -0.143601
417 -0.017659
418 -0.028998
419 -0.047176
420 -0.033078
421 -0.107759
422 -0.102879
423 -0.011415
424 -0.079346
425 -0.013523
426 0.105575
427 -0.186685
428 -0.017372
429 -0.021269
430 -0.037221
431 0.018577
432 0.003699
433 -0.056299
434 -0.099022
435 -0.040503
436 -0.056842
437 -0.006164
438 -0.128687
439 0.128631
440 -0.115841
441 -0.018078
442 -0.069394
443 -0.012933
444 -0.133394
445 0.071633
446 -0.054453
447 -0.123082
448 0.043128
449 0.127511
450 -0.045374
451 0.061156
452 0.103567
453 0.051078
454 0.027081
455 -0.008247
456 -0.173143
457 -0.014898
458 -0.022741
459 -0.030483
460 0.037463
461 -0.099153
462 -0.047713
463 0.125286
464 -0.094180
465 -0.027427
466 -0.144710
467 0.004132
468 -0.043658
469 0.000112
470 0.040005
471 -0.007457
472 0.068983
473 -0.019148
474 0.038211
475 -0.099936
476 0.017190
477 -0.176904
478 -0.065477
479 0.063685
480 -0.084392
481 0.041218
482 0.025600
483 0.015257
484 -0.028085
485 -0.090273
486 -0.063755
487 -0.091877
488 -0.061387
489 0.010764
490 0.025495
491 0.075464
492 -0.124521
493 0.070606
494 0.047279
495 -0.020860
496 0.029818
497 -0.068921
498 -0.201665
499 0.034212
500 0.021655
501 -0.079071
502 -0.049893
503 -0.014550
504 -0.063915
505 -0.063383
506 -0.011432
507 0.071938
508 -0.023445
509 -0.170860
510 -0.031421
511 0.006017
512 0.066968
513 -0.020218
514 -0.081158
515 -0.104502
516 -0.018721
517 -0.092443
518 0.022378
519 -0.165966
520 -0.030950
521 -0.133260
522 -0.042580
523 -0.076884
524 -0.056969
525 0.014065
526 -0.095428
527 0.181556
528 -0.127843
529 -0.075118
530 -0.096194
531 -0.094556
532 0.109189
533 0.011765
534 -0.028933
535 0.181482
536 -0.004811
537 -0.066388
538 0.018553
539 -0.033451
540 0.291222
541 -0.192962
542 0.055268
543 -0.125140
544 -0.053144
545 0.050298
546 -0.033893
547 0.149873
548 -0.022814
549 -0.031517
550 -0.116756
551 -0.154660
552 -0.022741
553 -0.123892
554 -0.173077
555 0.056144
556 -0.000348
557 -0.135923
558 -0.061837
559 0.055613
560 -0.007205
561 -0.048302
562 -0.009564
563 -0.011682
564 -0.017632
565 -0.030913
566 -0.124920
567 0.137660
568 0.034308
569 0.141446
570 -0.065631
571 -0.009031
572 -0.020339
573 0.065127
574 -0.036628
575 -0.019424
576 0.011516
577 -0.037673
578 0.043373
579 -0.118822
580 -0.063382
581 0.149240
582 -0.066653
583 -0.226527
584 -0.071699
585 0.155221
586 -0.234452
587 0.005596
588 -0.068677
589 -0.260615
590 -0.126318
591 -0.072941
592 -0.131496
593 -0.026203
594 0.013647
595 0.199696
596 -0.056587
597 -0.197466
598 0.008438
599 0.116605
600 -0.005522
601 -0.147650
602 0.211443
603 -0.098121
604 -0.021523
605 -0.075715
606 -0.017102
607 0.029210
608 0.109688
609 0.102887
610 0.015396
611 0.112409
612 0.027212
613 -0.028497
614 -0.108084
615 -0.195212
616 0.027042
617 0.043522
618 0.039902
619 -0.058153
620 -0.103059
621 -0.124237
622 0.188568
623 -0.141849
624 0.076308
625 0.032176
626 -0.071792
627 -0.074690
628 -0.040552
629 0.114146
630 -0.046136
631 0.072508
632 0.051894
633 -0.133038
634 -0.209492
635 0.213024
636 -0.052553
637 0.143014
638 0.050948
639 -0.001393
640 -0.118921
641 -0.010362
642 -0.089795
643 -0.056006
644 -0.204532
645 -0.274664
646 -0.037591
647 0.053180
648 -0.066819
649 0.123251
650 -0.013854
651 -0.126520
652 0.086800
653 0.080708
654 0.072333
655 -0.003947
656 -0.034683
657 0.017304
658 -0.125786
659 0.003736
660 0.202983
661 0.076493
662 0.202242
663 0.015985
664 0.017068
665 0.007716
666 0.006353
667 0.021225
668 -0.106779
669 -0.022677
670 -0.031227
671 -0.025543
672 0.092276
673 -0.151464
674 0.080138
675 -0.112288
676 0.224718
677 -0.087186
678 0.018430
679 -0.103756
680 0.052813
681 0.021301
682 -0.045337
683 -0.043754
684 0.086292
685 0.139264
686 -0.122044
687 0.260210
688 0.150579
689 0.209268
690 0.143249
691 -0.054807
692 0.130482
693 -0.062659
694 0.161593
695 0.000677
696 0.041872
697 0.099168
698 -0.149822
699 0.206991
700 -0.152295
701 0.118367
702 -0.102970
703 -0.047491
704 0.007808
705 -0.156291
706 0.028321
707 -0.028140
708 -0.023536
709 -0.018467
710 0.022111
711 0.053618
712 0.085323
713 -0.082320
714 0.032401
715 -0.072104
716 0.009610
717 0.085444
718 -0.166298
719 0.114231
720 -0.027229
721 -0.043470
722 -0.011743
723 -0.024867
724 0.016505
725 0.033414
726 -0.010776
727 0.084684
728 0.081595
729 0.097524
730 -0.119818
731 -0.048166
732 -0.107873
733 0.131946
734 -0.019738
735 0.234954
736 -0.071011
737 0.164606
738 0.131500
739 -0.148983
740 -0.115570
741 0.034936
742 -0.157885
743 0.034935
744 0.061045
745 0.150200
746 -0.098857
747 -0.002266
748 0.095419
749 -0.011180
750 -0.033095
751 -0.090633
752 -0.073184
753 -0.210776
754 0.103347
755 -0.149175
756 0.071594
757 -0.037319
758 -0.085550
759 -0.027540
760 -0.091642
761 -0.001666
762 0.054227
763 -0.160586
764 -0.116209
765 0.128730
766 -0.067071
767 -0.099383
768 0.120303
769 -0.062905
770 -0.080022
771 -0.138931
772 -0.036216
773 0.057917
774 0.102998
775 -0.028647
776 0.075021
777 0.051328
778 -0.199817
779 -0.130498
780 -0.028624
781 -0.012575
782 0.038488
783 -0.062227
784 0.210536
785 0.085814
786 -0.037238
787 -0.101995
788 0.001637
789 -0.050606
790 -0.163808
791 0.100087
792 -0.000247
793 0.022851
794 -0.152062
795 0.200989
796 -0.023328
797 -0.011320
798 0.092129
799 -0.043696
800 0.116874
801 -0.007273
802 0.032151
803 -0.071538
804 0.052169
805 0.285387
806 0.061378
807 -0.141048
808 -0.133948
809 0.133548
810 0.025074
811 -0.020928
812 -0.088219
813 -0.031453
814 -0.060818
815 -0.001206
816 0.153415
817 0.038631
818 0.121628
819 0.076807
820 0.038786
821 -0.216642
822 -0.231867
823 0.006280
824 0.097485
825 -0.025886
826 -0.124239
827 0.116121
828 0.105064
829 0.060366
830 -0.000955
831 0.066267
832 0.088560
833 -0.030840
834 0.158898
835 -0.161830
836 -0.151319
837 0.072887
838 0.053906
839 -0.065309
840 -0.167312
841 -0.004048
842 -0.155912
843 -0.094918
844 0.045396
845 0.005990
846 -0.026781
847 0.046662
848 -0.065072
849 -0.005657
850 -0.061725
851 -0.158453
852 -0.068495
853 0.037920
854 -0.105098
855 -0.036844
856 0.134481
857 -0.071809
858 -0.053777
859 -0.031993
860 0.006054
861 -0.102282
862 0.071591
863 0.127734
864 -0.043044
865 0.152450
866 0.027178
867 0.092002
868 -0.106582
869 0.063091
870 -0.063775
871 0.042138
872 -0.008927
873 0.030553
874 -0.145358
875 0.062574
876 0.078329
877 -0.128492
878 0.052085
879 0.011729
880 0.120662
881 0.048114
882 -0.046255
883 -0.184756
884 0.028333
885 0.105867
886 -0.101843
887 0.017634
888 -0.033411
889 -0.140476
890 -0.052732
891 -0.061167
892 -0.008127
893 -0.146578
894 -0.069165
895 -0.013218
896 -0.005849
897 0.048648
898 0.018195
899 0.165870
900 0.136394
901 -0.104575
902 -0.028656
903 -0.051612
904 -0.094533
905 -0.052226
906 -0.158149
907 -0.252108
908 0.020388
909 0.043629
910 0.237149
911 0.102291
912 0.074945
913 0.198321
914 0.052464
915 0.010708
916 0.097696
917 -0.116458
918 -0.131739
919 -0.051103
920 0.090482
921 -0.184328
922 -0.053404
923 0.183543
924 0.120180
925 0.094344
926 -0.179965
927 -0.009202
928 -0.055867
929 0.105138
930 -0.127713
931 -0.150261
932 0.012891
933 -0.072064
934 0.002074
935 0.042613
936 0.203804
937 -0.016515
938 -0.084561
939 -0.090349
940 0.094801
941 -0.027907
942 0.241241
943 -0.119544
944 0.061666
945 -0.100522
946 -0.043985
947 -0.151572
948 -0.016769
949 0.009442
950 -0.063810
951 0.261131
952 -0.003119
953 0.139290
954 -0.168797
955 0.209284
956 -0.071374
957 0.128832
958 -0.066593
959 -0.003769
960 0.000107
961 -0.098518
962 0.188911
963 -0.103271
964 0.194855
965 0.135707
966 0.039340
967 0.080107
968 0.035772
969 0.120314
970 0.018038
971 0.195278
972 -0.114001
973 0.139332
974 -0.092635
975 0.127844
976 0.146719
977 0.227543
978 -0.173637
979 0.016110
980 -0.043627
981 -0.103634
982 0.224210
983 -0.028536
984 0.224235
985 -0.045090
986 -0.060434
987 0.018709
988 0.140260
989 -0.061920
990 0.057517
991 -0.002124
992 -0.074678
993 -0.045984
994 0.027050
995 -0.041518
996 0.191061
997 0.053897
998 0.073772
999 -0.124561
1000 0.155515
1001 -0.007662
1002 0.022679
1003 0.044722
1004 -0.058501
1005 0.164362
1006 0.098666
1007 -0.048582
1008 -0.003601
1009 0.060597
1010 0.032060
1011 -0.188468
1012 -0.013170
1013 -0.017774
1014 -0.086296
1015 -0.099579
1016 0.064271
1017 0.119872
1018 -0.224143
1019 0.054037
1020 0.118993
1021 0.028878
1022 0.069206
1023 0.164840
1024 -0.055844
1025 -0.129187
1026 -0.185994
1027 0.014777
1028 -0.068436
1029 -0.223709
1030 -0.095322
1031 -0.119831
1032 -0.106986
1033 -0.074496
1034 0.047905
1035 0.062049
1036 -0.070916
1037 0.081368
1038 0.010075
1039 -0.106982
1040 -0.206087
1041 0.103105
1042 0.015414
1043 -0.098464
1044 0.135018
1045 -0.093847
1046 0.118096
1047 0.102843
1048 -0.015422
1049 -0.072665
1050 -0.065522
1051 0.108472
1052 -0.160844
1053 -0.097206
1054 -0.021246
1055 0.030132
1056 0.002897
1057 -0.101110
1058 -0.084420
1059 0.124500
1060 0.066778
1061 0.001836
1062 -0.075061
1063 0.094794
1064 0.026244
1065 0.082295
1066 0.100499
1067 0.028109
1068 0.061650
1069 0.070700
1070 -0.075519
1071 -0.137551
1072 0.111204
1073 -0.054759
1074 0.009290
1075 0.051214
1076 -0.083863
1077 -0.001271
1078 0.187156
1079 -0.038717
1080 0.123960
1081 -0.004107
1082 0.034496
1083 0.060625
1084 -0.002746
1085 -0.017459
1086 -0.067017
1087 -0.021608
1088 0.110342
1089 0.062758
1090 -0.027861
1091 -0.120678
1092 -0.110449
1093 0.117777
1094 -0.039688
1095 -0.228313
1096 0.045424
1097 -0.176131
1098 -0.182426
1099 0.064415
1100 -0.114605
1101 -0.051092
1102 0.077671
1103 0.031146
1104 0.049905
1105 -0.003402
1106 0.010569
1107 0.019549
1108 -0.016748
1109 0.284908
1110 0.011484
1111 0.002796
1112 -0.141771
1113 0.083560
1114 -0.097403
1115 0.060246
1116 0.016059
1117 -0.143647
1118 0.041129
1119 0.141184
1120 0.234228
1121 0.019313
1122 0.047417
1123 0.131311
1124 -0.139551
1125 0.101711
1126 0.071683
1127 -0.023469
1128 -0.050352
1129 0.040484
1130 0.039445
1131 -0.068230
1132 0.109117
1133 -0.112578
1134 0.039272
1135 -0.024682
1136 0.194282
1137 0.060844
1138 0.097012
1139 0.019375
1140 -0.114072
1141 0.122358
1142 -0.018558
1143 -0.110557
1144 0.041244
1145 -0.079761
1146 -0.157705
1147 0.020420
1148 -0.015422
1149 0.106631
1150 0.174789
1151 0.058502
1152 -0.103899
1153 -0.159951
1154 -0.168226
1155 -0.004038
1156 -0.042243
1157 -0.004241
1158 -0.124476
1159 -0.019523
1160 -0.014927
1161 -0.145275
1162 -0.134976
1163 0.031534
1164 0.093794
1165 0.166969
1166 -0.246800
1167 0.128563
1168 0.041039
1169 0.120208
1170 -0.150396
1171 0.005203
1172 0.003408
1173 0.195680
1174 0.148577
1175 -0.000459
1176 -0.009591
1177 -0.021918
1178 0.065179
1179 -0.016826
1180 0.199144
1181 0.142825
1182 -0.189157
1183 0.042511
1184 0.148098
1185 0.101763
1186 -0.031488
1187 -0.068017
1188 -0.050355
1189 0.108145
1190 0.067082
1191 -0.023534
1192 0.026758
1193 -0.069966
1194 -0.171778
1195 -0.088897
1196 0.060730
1197 0.054181
1198 -0.054727
1199 -0.025964
1200 0.213098
1201 -0.124758
1202 0.001505
1203 -0.003770
1204 0.019969
1205 0.245040
1206 -0.114529
1207 -0.070623
1208 0.066019
1209 -0.036269
1210 0.015027
1211 -0.007424
1212 0.150883
1213 0.064280
1214 -0.203422
1215 0.046382
1216 -0.032768
1217 0.232541
1218 0.090713
1219 -0.073672
1220 0.066983
1221 0.102328
1222 0.016927
1223 -0.028658
0 -0.025895
1 -0.252769
2 -0.056023
3 -0.041316
4 0.106029
5 0.013069
6 -0.030396
7 0.157144
8 -0.042862
9 0.017270
10 0.171910
11 0.036873
12 0.045004
13 0.088777
14 0.227486
15 -0.044671
16 -0.098488
17 0.055867
18 0.136947
19 0.252867
20 0.010224
21 -0.065666
22 0.076163
23 0.054062
24 -0.084030
25 -0.082356
26 -0.061630
27 -0.026254
28 -0.018262
29 0.031215
30 0.018554
31 -0.007012
32 0.099188
33 0.006820
34 -0.000179
35 -0.042524
36 0.264134
37 -0.045894
38 -0.078475
39 0.042219
40 0.009073
41 -0.136543
42 0.192975
43 -0.089368
44 0.005073
45 0.223825
46 -0.026467
47 -0.056591
48 0.089982
49 -0.184833
50 0.109955
51 -0.054299
52 0.064343
53 0.051521
54 0.046193
55 -0.004567
56 -0.032466
57 -0.014655
58 -0.110868
59 0.233061
60 0.068792
61 0.028095
62 0.012011
63 -0.002469
64 0.035133
65 -0.032939
66 0.016643
67 -0.079672
68 0.110764
69 -0.144512
70 0.103634
71 0.094634
72 0.089674
73 -0.143737
74 0.090126
75 0.046192
76 -0.194686
77 0.173990
78 0.030015
79 -0.001827
80 -0.077962
81 0.015447
82 -0.053826
83 -0.059802
84 -0.008690
85 0.020163
86 -0.119490
87 -0.094654
88 0.162117
89 0.035075
90 0.197530
91 -0.023579
92 0.109825
93 -0.146724
94 0.056906
95 -0.037652
96 0.018720
97 -0.047235
98 0.136280
99 -0.092622
100 0.264060
101 0.080720
102 0.017336
103 0.106906
104 0.061490
105 -0.018724
106 -0.049309
107 -0.162165
108 0.067058
109 0.039012
110 -0.010802
111 0.093935
112 -0.113053
113 0.069261
114 -0.045002
115 -0.046482
116 -0.058917
117 0.051338
118 -0.064430
119 0.054041
120 -0.129384
121 -0.018236
122 0.106319
123 0.087628
124 -0.010415
125 0.020439
126 -0.062327
127 0.006526
128 0.113073
129 -0.029749
130 -0.041681
131 0.054597
132 0.053443
133 -0.061778
134 0.002364
135 0.112585
136 0.139116
137 -0.007316
138 0.122200
139 0.127653
140 -0.003240
141 -0.159457
142 0.148741
143 -0.058510
144 -0.126139
145 -0.167521
146 -0.187175
147 0.115503
148 0.070277
149 0.103532
150 0.014858
151 -0.205953
152 -0.190175
153 -0.021617
154 -0.179435
155 0.214978
156 0.098464
157 -0.072076
158 -0.230913
159 -0.153523
160 0.100186
161 -0.060301
162 -0.101679
163 -0.029809
164 0.032034
165 0.118826
166 0.101178
167 0.061208
168 -0.050270
169 0.096388
170 -0.230795
171 -0.049314
172 0.011920
173 0.091970
174 0.055498
175 -0.075128
176 -0.005480
177 -0.112030
178 -0.076058
179 0.121737
180 -0.206023
181 0.064289
182 0.031137
183 -0.103508
184 0.075728
185 -0.024285
186 -0.001055
187 -0.160515
188 0.254756
189 0.031347
190 -0.012356
191 -0.010779
192 -0.060622
193 -0.106440
194 -0.087373
195 -0.112957
196 -0.111920
197 -0.233261
198 -0.144951
199 0.063355
200 0.176104
201 -0.130555
202 0.023959
203 -0.001999
204 0.294451
205 -0.126430
206 0.066942
207 0.097832
208 0.057586
209 -0.047871
210 -0.122063
211 -0.122726
212 -0.012169
213 0.056703
214 -0.157532
215 -0.215671
216 -0.061886
217 -0.217712
218 -0.011477
219 -0.014984
220 0.052766
221 -0.079507
222 -0.105800
223 0.122379
224 0.134278
225 -0.099987
226 0.190025
227 -0.031553
228 0.058495
229 -0.101493
230 0.037780
231 -0.090531
232 -0.044060
233 -0.020078
234 0.042383
235 -0.066071
236 -0.059142
237 0.008953
238 0.111921
239 0.024950
240 0.006901
241 0.130121
242 0.170599
243 -0.125598
244 0.049856
245 -0.085913
246 0.098348
247 -0.097511
248 -0.047069
249 -0.222520
250 0.163823
251 0.016912
252 -0.014939
253 0.048753
254 0.106857
255 0.103452
256 -0.058372
257 -0.078317
258 -0.104378
259 0.111060
260 -0.183134
261 -0.014052
262 -0.101624
263 0.101271
264 -0.012418
265 0.088127
266 -0.018756
267 0.044758
268 -0.037892
269 -0.151014
270 -0.022184
271 -0.083827
272 -0.015424
273 0.101111
274 -0.116747
275 0.038187
276 0.296327
277 -0.105791
278 -0.098810
279 0.050872
280 0.092992
281 -0.075614
282 0.054420
283 -0.089038
284 -0.146702
285 -0.011700
286 -0.062600
287 0.006846
288 -0.022973
289 -0.009716
290 -0.121092
291 -0.098278
292 -0.067899
293 0.138978
294 -0.039971
295 -0.126794
296 -0.008599
297 -0.024678
298 -0.025713
299 -0.004967
300 -0.107897
301 0.020830
302 -0.063316
303 -0.123975
304 -0.198038
305 -0.125171
306 -0.131635
307 -0.015514
308 0.004259
309 0.015902
310 -0.013532
311 0.014779
312 -0.045982
313 -0.203191
314 -0.005096
315 -0.017801
316 -0.198647
317 -0.159124
318 -0.093842
319 0.144713
320 -0.055210
321 0.028740
322 -0.168526
323 -0.090198
324 0.037659
325 -0.151605
326 -0.140257
327 -0.071109
328 -0.140725
329 -0.047036
330 -0.019405
331 -0.120053
332 -0.137893
333 -0.084727
334 -0.067357
335 -0.133769
336 0.087826
337 -0.005289
338 0.017922
339 -0.082894
340 -0.118674
341 -0.063750
342 0.024555
343 0.002139
344 0.028228
345 0.037484
346 0.187033
347 -0.011927
348 0.074536
349 0.047460
350 -0.033653
351 0.055497
352 -0.126964
353 -0.099700
354 0.011529
355 0.011952
356 -0.047728
357 -0.124895
358 -0.064569
359 -0.201625
360 0.117469
361 -0.121237
362 -0.089202
363 -0.024041
364 -0.122229
365 0.010511
366 -0.168531
367 -0.053246
368 -0.067240
369 -0.027397
370 -0.067414
371 -0.100101
372 0.036475
373 0.004537
374 -0.025234
375 0.155060
376 -0.030544
377 -0.087776
378 0.143516
379 0.133897
380 -0.017755
381 -0.005331
382 -0.010708
383 0.024089
384 0.038783
385 -0.041402
386 -0.101702
387 0.012560
388 0.111220
389 0.068696
390 0.000156
391 -0.173917
392 0.042525
393 0.070719
394 0.013396
395 0.028703
396 -0.161598
397 -0.001084
398 0.012449
399 -0.009261
400 -0.051585
401 0.008167
402 -0.131893
403 -0.068783
404 -0.012860
405 0.060417
406 0.068967
407 -0.059999
408 0.089706
409 0.027227
410 0.032884
411 -0.006421
412 -0.107532
413 0.127334
414 0.030009
415 -0.015397
416 -0.143601
417 -0.017659
418 -0.028998
419 -0.047176
420 -0.033078
421 -0.107759
422 -0.102879
423 -0.011415
424 -0.079346
425 -0.013523
426 0.105575
427 -0.186685
428 -0.017372
429 -0.021269
430 -0.037221
431 0.018577
432 0.003699
433 -0.056299
434 -0.099022
435 -0.040503
436 -0.056842
437 -0.006164
438 -0.128687
439 0.128631
440 -0.115841
441 -0.018078
442 -0.069394
443 -0.012933
444 -0.133394
445 0.071633
446 -0.054453
447 -0.123082
448 0.043128
449 0.127511
450 -0.045374
451 0.061156
452 0.103567
453 0.051078
454 0.027081
455 -0.008247
456 -0.173143
457 -0.014898
458 -0.022741
459 -0.030483
460 0.037463
461 -0.099153
462 -0.047713
463 0.125286
464 -0.094180
465 -0.027427
466 -0.144710
467 0.004132
468 -0.043658
469 0.000112
470 0.040005
471 -0.007457
472 0.068983
473 -0.019148
474 0.038211
475 -0.099936
476 0.017190
477 -0.176904
478 -0.065477
479 0.063685
480 -0.084392
481 0.041218
482 0.025600
483 0.015257
484 -0.028085
485 -0.090273
486 -0.063755
487 -0.091877
488 -0.061387
489 0.010764
490 0.025495
491 0.075464
492 -0.124521
493 0.070606
494 0.047279
495 -0.020860
496 0.029818
497 -0.068921
498 -0.201665
499 0.034212
500 0.021655
501 -0.079071
502 -0.049893
503 -0.014550
504 -0.063915
505 -0.063383
506 -0.011432
507 0.071938
508 -0.023445
509 -0.170860
510 -0.031421
511 0.006017
512 0.066968
513 -0.020218
514 -0.081158
515 -0.104502
516 -0.018721
517 -0.092443
518 0.022378
519 -0.165966
520 -0.030950
521 -0.133260
522 -0.042580
523 -0.076884
524 -0.056969
525 0.014065
526 -0.095428
527 0.181556
528 -0.127843
529 -0.075118
530 -0.096194
531 -0.094556
532 0.109189
533 0.011765
534 -0.028933
535 0.181482
536 -0.004811
537 -0.066388
538 0.018553
539 -0.033451
540 0.291222
541 -0.192962
542 0.055268
543 -0.125140
544 -0.053144
545 0.050298
546 -0.033893
547 0.149873
548 -0.022814
549 -0.031517
550 -0.116756
551 -0.154660
552 -0.022741
553 -0.123892
554 -0.173077
555 0.056144
556 -0.000348
557 -0.135923
558 -0.061837
559 0.055613
560 -0.007205
561 -0.048302
562 -0.009564
563 -0.011682
564 -0.017632
565 -0.030913
566 -0.124920
567 0.137660
568 0.034308
569 0.141446
570 -0.065631
571 -0.009031
572 -0.020339
573 0.065127
574 -0.036628
575 -0.019424
576 0.011516
577 -0.037673
578 0.043373
579 -0.118822
580 -0.063382
581 0.149240
582 -0.066653
583 -0.226527
584 -0.071699
585 0.155221
586 -0.234452
587 0.005596
588 -0.068677
589 -0.260615
590 -0.126318
591 -0.072941
592 -0.131496
593 -0.026203
594 0.013647
595 0.199696
596 -0.056587
597 -0.197466
598 0.008438
599 0.116605
600 -0.005522
601 -0.147650
602 0.211443
603 -0.098121
604 -0.021523
605 -0.075715
606 -0.017102
607 0.029210
608 0.109688
609 0.102887
610 0.015396
611 0.112409
612 0.027212
613 -0.028497
614 -0.108084
615 -0.195212
616 0.027042
617 0.043522
618 0.039902
619 -0.058153
620 -0.103059
621 -0.124237
622 0.188568
623 -0.141849
624 0.076308
625 0.032176
626 -0.071792
627 -0.074690
628 -0.040552
629 0.114146
630 -0.046136
631 0.072508
632 0.051894
633 -0.133038
634 -0.209492
635 0.213024
636 -0.052553
637 0.143014
638 0.050948
639 -0.001393
640 -0.118921
641 -0.010362
642 -0.089795
643 -0.056006
644 -0.204532
645 -0.274664
646 -0.037591
647 0.053180
648 -0.066819
649 0.123251
650 -0.013854
651 -0.126520
652 0.086800
653 0.080708
654 0.072333
655 -0.003947
656 -0.034683
657 0.017304
658 -0.125786
659 0.003736
660 0.202983
661 0.076493
662 0.202242
663 0.015985
664 0.017068
665 0.007716
666 0.006353
667 0.021225
668 -0.106779
669 -0.022677
670 -0.031227
671 -0.025543
672 0.092276
673 -0.151464
674 0.080138
675 -0.112288
676 0.224718
677 -0.087186
678 0.018430
679 -0.103756
680 0.052813
681 0.021301
682 -0.045337
683 -0.043754
684 0.086292
685 0.139264
686 -0.122044
687 0.260210
688 0.150579
689 0.209268
690 0.143249
691 -0.054807
692 0.130482
693 -0.062659
694 0.161593
695 0.000677
696 0.041872
697 0.099168
698 -0.149822
699 0.206991
700 -0.152295
701 0.118367
702 -0.102970
703 -0.047491
704 0.007808
705 -0.156291
706 0.028321
707 -0.028140
708 -0.023536
709 -0.018467
710 0.022111
711 0.053618
712 0.085323
713 -0.082320
714 0.032401
715 -0.072104
716 0.009610
717 0.085444
718 -0.166298
719 0.114231
720 -0.027229
721 -0.043470
722 -0.011743
723 -0.024867
724 0.016505
725 0.033414
726 -0.010776
727 0.084684
728 0.081595
729 0.097524
730 -0.119818
731 -0.048166
732 -0.107873
733 0.131946
734 -0.019738
735 0.234954
736 -0.071011
737 0.164606
738 0.131500
739 -0.148983
740 -0.115570
741 0.034936
742 -0.157885
743 0.034935
744 0.061045
745 0.150200
746 -0.098857
747 -0.002266
748 0.095419
749 -0.011180
750 -0.033095
751 -0.090633
752 -0.073184
753 -0.210776
754 0.103347
755 -0.149175
756 0.071594
757 -0.037319
758 -0.085550
759 -0.027540
760 -0.091642
761 -0.001666
762 0.054227
763 -0.160586
764 -0.116209
765 0.128730
766 -0.067071
767 -0.099383
768 0.120303
769 -0.062905
770 -0.080022
771 -0.138931
772 -0.036216
773 0.057917
774 0.102998
775 -0.028647
776 0.075021
777 0.051328
778 -0.199817
779 -0.130498
780 -0.028624
781 -0.012575
782 0.038488
783 -0.062227
784 0.210536
785 0.085814
786 -0.037238
787 -0.101995
788 0.001637
789 -0.050606
790 -0.163808
791 0.100087
792 -0.000247
793 0.022851
794 -0.152062
795 0.200989
796 -0.023328
797 -0.011320
798 0.092129
799 -0.043696
800 0.116874
801 -0.007273
802 0.032151
803 -0.071538
804 0.052169
805 0.285387
806 0.061378
807 -0.141048
808 -0.133948
809 0.133548
810 0.025074
811 -0.020928
812 -0.088219
813 -0.031453
814 -0.060818
815 -0.001206
816 0.153415
817 0.038631
818 0.121628
819 0.076807
820 0.038786
821 -0.216642
822 -0.231867
823 0.006280
824 0.097485
825 -0.025886
826 -0.124239
827 0.116121
828 0.105064
829 0.060366
830 -0.000955
831 0.066267
832 0.088560
833 -0.030840
834 0.158898
835 -0.161830
836 -0.151319
837 0.072887
838 0.053906
839 -0.065309
840 -0.167312
841 -0.004048
842 -0.155912
843 -0.094918
844 0.045396
845 0.005990
846 -0.026781
847 0.046662
848 -0.065072
849 -0.005657
850 -0.061725
851 -0.158453
852 -0.068495
853 0.037920
854 -0.105098
855 -0.036844
856 0.134481
857 -0.071809
858 -0.053777
859 -0.031993
860 0.006054
861 -0.102282
862 0.071591
863 0.127734
864 -0.043044
865 0.152450
866 0.027178
867 0.092002
868 -0.106582
869 0.063091
870 -0.063775
871 0.042138
872 -0.008927
873 0.030553
874 -0.145358
875 0.062574
876 0.078329
877 -0.128492
878 0.052085
879 0.011729
880 0.120662
881 0.048114
882 -0.046255
883 -0.184756
884 0.028333
885 0.105867
886 -0.101843
887 0.017634
888 -0.033411
889 -0.140476
890 -0.052732
891 -0.061167
892 -0.008127
893 -0.146578
894 -0.069165
895 -0.013218
896 -0.005849
897 0.048648
898 0.018195
899 0.165870
900 0.136394
901 -0.104575
902 -0.028656
903 -0.051612
904 -0.094533
905 -0.052226
906 -0.158149
907 -0.252108
908 0.020388
909 0.043629
910 0.237149
911 0.102291
912 0.074945
913 0.198321
914 0.052464
915 0.010708
916 0.097696
917 -0.116458
918 -0.131739
919 -0.051103
920 0.090482
921 -0.184328
922 -0.053404
923 0.183543
924 0.120180
925 0.094344
926 -0.179965
927 -0.009202
928 -0.055867
929 0.105138
930 -0.127713
931 -0.150261
932 0.012891
933 -0.072064
934 0.002074
935 0.042613
936 0.203804
937 -0.016515
938 -0.084561
939 -0.090349
940 0.094801
941 -0.027907
942 0.241241
943 -0.119544
944 0.061666
945 -0.100522
946 -0.043985
947 -0.151572
948 -0.016769
949 0.009442
950 -0.063810
951 0.261131
952 -0.003119
953 0.139290
954 -0.168797
955 0.209284
956 -0.071374
957 0.128832
958 -0.066593
959 -0.003769
960 0.000107
961 -0.098518
962 0.188911
963 -0.103271
964 0.194855
965 0.135707
966 0.039340
967 0.080107
968 0.035772
969 0.120314
970 0.018038
971 0.195278
972 -0.114001
973 0.139332
974 -0.092635
975 0.127844
976 0.146719
977 0.227543
978 -0.173637
979 0.016110
980 -0.043627
981 -0.103634
982 0.224210
983 -0.028536
984 0.224235
985 -0.045090
986 -0.060434
987 0.018709
988 0.140260
989 -0.061920
990 0.057517
991 -0.002124
992 -0.074678
993 -0.045984
994 0.027050
995 -0.041518
996 0.191061
997 0.053897
998 0.073772
999 -0.124561
1000 0.155515
1001 -0.007662
1002 0.022679
1003 0.044722
1004 -0.058501
1005 0.164362
1006 0.098666
1007 -0.048582
1008 -0.003601
1009 0.060597
1010 0.032060
1011 -0.188468
1012 -0.013170
1013 -0.017774
1014 -0.086296
1015 -0.099579
1016 0.064271
1017 0.119872
1018 -0.224143
1019 0.054037
1020 0.118993
1021 0.028878
1022 0.069206
1023 0.164840
1024 -0.055844
1025 -0.129187
1026 -0.185994
1027 0.014777
1028 -0.068436
1029 -0.223709
1030 -0.095322
1031 -0.119831
1032 -0.106986
1033 -0.074496
1034 0.047905
1035 0.062049
1036 -0.070916
1037 0.081368
1038 0.010075
1039 -0.106982
1040 -0.206087
1041 0.103105
1042 0.015414
1043 -0.098464
1044 0.135018
1045 -0.093847
1046 0.118096
1047 0.102843
1048 -0.015422
1049 -0.072665
1050 -0.065522
1051 0.108472
1052 -0.160844
1053 -0.097206
1054 -0.021246
1055 0.030132
1056 0.002897
1057 -0.101110
1058 -0.084420
1059 0.124500
1060 0.066778
1061 0.001836
1062 -0.075061
1063 0.094794
1064 0.026244
1065 0.082295
1066 0.100499
1067 0.028109
1068 0.061650
1069 0.070700
1070 -0.075519
1071 -0.137551
1072 0.111204
1073 -0.054759
1074 0.009290
1075 0.051214
1076 -0.083863
1077 -0.001271
1078 0.187156
1079 -0.038717
1080 0.123960
1081 -0.004107
1082 0.034496
1083 0.060625
1084 -0.002746
1085 -0.017459
1086 -0.067017
1087 -0.021608
1088 0.110342
1089 0.062758
1090 -0.027861
1091 -0.120678
1092 -0.110449
1093 0.117777
1094 -0.039688
1095 -0.228313
1096 0.045424
1097 -0.176131
1098 -0.182426
1099 0.064415
1100 -0.114605
1101 -0.051092
1102 0.077671
1103 0.031146
1104 0.049905
1105 -0.003402
1106 0.010569
1107 0.019549
1108 -0.016748
1109 0.284908
1110 0.011484
1111 0.002796
1112 -0.141771
1113 0.083560
1114 -0.097403
1115 0.060246
1116 0.016059
1117 -0.143647
1118 0.041129
1119 0.141184
1120 0.234228
1121 0.019313
1122 0.047417
1123 0.131311
1124 -0.139551
1125 0.101711
1126 0.071683
1127 -0.023469
1128 -0.050352
1129 0.040484
1130 0.039445
1131 -0.068230
1132 0.109117
1133 -0.112578
1134 0.039272
1135 -0.024682
1136 0.194282
1137 0.060844
1138 0.097012
1139 0.019375
1140 -0.114072
1141 0.122358
1142 -0.018558
1143 -0.110557
1144 0.041244
1145 -0.079761
1146 -0.157705
1147 0.020420
1148 -0.015422
1149 0.106631
1150 0.174789
1151 0.058502
1152 -0.103899
1153 -0.159951
1154 -0.168226
1155 -0.004038
1156 -0.042243
1157 -0.004241
1158 -0.124476
1159 -0.019523
1160 -0.014927
1161 -0.145275
1162 -0.134976
1163 0.031534
1164 0.093794
1165 0.166969
1166 -0.246800
1167 0.128563
1168 0.041039
1169 0.120208
1170 -0.150396
1171 0.005203
1172 0.003408
1173 0.195680
1174 0.148577
1175 -0.000459
1176 -0.009591
1177 -0.021918
1178 0.065179
1179 -0.016826
1180 0.199144
1181 0.142825
1182 -0.189157
1183 0.042511
1184 0.148098
1185 0.101763
1186 -0.031488
1187 -0.068017
1188 -0.050355
1189 0.108145
1190 0.067082
1191 -0.023534
1192 0.026758
1193 -0.069966
1194 -0.171778
1195 -0.088897
1196 0.060730
1197 0.054181
1198 -0.054727
1199 -0.025964
1200 0.213098
1201 -0.124758
1202 0.001505
1203 -0.003770
1204 0.019969
1205 0.245040
1206 -0.114529
1207 -0.070623
1208 0.066019
1209 -0.036269
1210 0.015027
1211 -0.007424
1212 0.150883
1213 0.064280
1214 -0.203422
1215 0.046382
1216 -0.032768
1217 0.232541
1218 0.090713
1219 -0.073672
1220 0.066983
1221 0.102328
1222 0.016927
1223 -0.028658
0 -0.025895
1 -0.252769
2 -0.056023
3 -0.041316
4 0.106029
5 0.013069
6 -0.030396
7 0.157144
8 -0.042862
9 0.017270
10 0.171910
11 0.036873
12 0.045004
13 0.088777
14 0.227486
15 -0.044671
16 -0.098488
17 0.055867
18 0.136947
19 0.252867
20 0.010224
21 -0.065666
22 0.076163
23 0.054062
24 -0.084030
25 -0.082356
26 -0.061630
27 -0.026254
28 -0.018262
29 0.031215
30 0.018554
31 -0.007012
32 0.099188
33 0.006820
34 -0.000179
35 -0.042524
36 0.264134
37 -0.045894
38 -0.078475
39 0.042219
40 0.009073
41 -0.136543
42 0.192975
43 -0.089368
44 0.005073
45 0.223825
46 -0.026467
47 -0.056591
48 0.089982
49 -0.184833
50 0.109955
51 -0.054299
52 0.064343
53 0.051521
54 0.046193
55 -0.004567
56 -0.032466
57 -0.014655
58 -0.110868
59 0.233061
60 0.068792
61 0.028095
62 0.012011
63 -0.002469
64 0.035133
65 -0.032939
66 0.016643
67 -0.079672
68 0.110764
69 -0.144512
70 0.103634
71 0.094634
72 0.089674
73 -0.143737
74 0.090126
75 0.046192
76 -0.194686
77 0.173990
78 0.030015
79 -0.001827
80 -0.077962
81 0.015447
82 -0.053826
83 -0.059802
84 -0.008690
85 0.020163
86 -0.119490
87 -0.094654
88 0.162117
89 0.035075
90 0.197530
91 -0.023579
92 0.109825
93 -0.146724
94 0.056906
95 -0.037652
96 0.018720
97 -0.047235
98 0.136280
99 -0.092622
100 0.264060
101 0.080720
102 0.017336
103 0.106906
104 0.061490
105 -0.018724
106 -0.049309
107 -0.162165
108 0.067058
109 0.039012
110 -0.010802
111 0.093935
112 -0.113053
113 0.069261
114 -0.045002
115 -0.046482
116 -0.058917
117 0.051338
118 -0.064430
119 0.054041
120 -0.129384
121 -0.018236
122 0.106319
123 0.087628
124 -0.010415
125 0.020439
126 -0.062327
127 0.006526
128 0.113073
129 -0.029749
130 -0.041681
131 0.054597
132 0.053443
133 -0.061778
134 0.002364
135 0.112585
136 0.139116
137 -0.007316
138 0.122200
139 0.127653
140 -0.003240
141 -0.159457
142 0.148741
143 -0.058510
144 -0.126139
145 -0.167521
146 -0.187175
147 0.115503
148 0.070277
149 0.103532
150 0.014858
151 -0.205953
152 -0.190175
153 -0.021617
154 -0.179435
155 0.214978
156 0.098464
157 -0.072076
158 -0.230913
159 -0.153523
160 0.100186
161 -0.060301
162 -0.101679
163 -0.029809
164 0.032034
165 0.118826
166 0.101178
167 0.061208
168 -0.050270
169 0.096388
170 -0.230795
171 -0.049314
172 0.011920
173 0.091970
174 0.055498
175 -0.075128
176 -0.005480
177 -0.112030
178 -0.076058
179 0.121737
180 -0.206023
181 0.064289
182 0.031137
183 -0.103508
184 0.075728
185 -0.024285
186 -0.001055
187 -0.160515
188 0.254756
189 0.031347
190 -0.012356
191 -0.010779
192 -0.060622
193 -0.106440
194 -0.087373
195 -0.112957
196 -0.111920
197 -0.233261
198 -0.144951
199 0.063355
200 0.176104
201 -0.130555
202 0.023959
203 -0.001999
204 0.294451
205 -0.126430
206 0.066942
207 0.097832
208 0.057586
209 -0.047871
210 -0.122063
211 -0.122726
212 -0.012169
213 0.056703
214 -0.157532
215 -0.215671
216 -0.061886
217 -0.217712
218 -0.011477
219 -0.014984
220 0.052766
221 -0.079507
222 -0.105800
223 0.122379
224 0.134278
225 -0.099987
226 0.190025
227 -0.031553
228 0.058495
229 -0.101493
230 0.037780
231 -0.090531
232 -0.044060
233 -0.020078
234 0.042383
235 -0.066071
236 -0.059142
237 0.008953
238 0.111921
239 0.024950
240 0.006901
241 0.130121
242 0.170599
243 -0.125598
244 0.049856
245 -0.085913
246 0.098348
247 -0.097511
248 -0.047069
249 -0.222520
250 0.163823
251 0.016912
252 -0.014939
253 0.048753
254 0.106857
255 0.103452
256 -0.058372
257 -0.078317
258 -0.104378
259 0.111060
260 -0.183134
261 -0.014052
262 -0.101624
263 0.101271
264 -0.012418
265 0.088127
266 -0.018756
267 0.044758
268 -0.037892
269 -0.151014
270 -0.022184
271 -0.083827
272 -0.015424
273 0.101111
274 -0.116747
275 0.038187
276 0.296327
277 -0.105791
278 -0.098810
279 0.050872
280 0.092992
281 -0.075614
282 0.054420
283 -0.089038
284 -0.146702
285 -0.011700
286 -0.062600
287 0.006846
288 -0.022973
289 -0.009716
290 -0.121092
291 -0.098278
292 -0.067899
293 0.138978
294 -0.039971
295 -0.126794
296 -0.008599
297 -0.024678
298 -0.025713
299 -0.004967
300 -0.107897
301 0.020830
302 -0.063316
303 -0.123975
304 -0.198038
305 -0.125171
306 -0.131635
307 -0.015514
308 0.004259
309 0.015902
310 -0.013532
311 0.014779
312 -0.045982
313 -0.203191
314 -0.005096
315 -0.017801
316 -0.198647
317 -0.159124
318 -0.093842
319 0.144713
320 -0.055210
321 0.028740
322 -0.168526
323 -0.090198
324 0.037659
325 -0.151605
326 -0.140257
327 -0.071109
328 -0.140725
329 -0.047036
330 -0.019405
331 -0.120053
332 -0.137893
333 -0.084727
334 -0.067357
335 -0.133769
336 0.087826
337 -0.005289
338 0.017922
339 -0.082894
340 -0.118674
341 -0.063750
342 0.024555
343 0.002139
344 0.028228
345 0.037484
346 0.187033
347 -0.011927
348 0.074536
349 0.047460
350 -0.033653
351 0.055497
352 -0.126964
353 -0.099700
354 0.011529
355 0.011952
356 -0.047728
357 -0.124895
358 -0.064569
359 -0.201625
360 0.117469
361 -0.121237
362 -0.089202
363 -0.024041
364 -0.122229
365 0.010511
366 -0.168531
367 -0.053246
368 -0.067240
369 -0.027397
370 -0.067414
371 -0.100101
372 0.036475
373 0.004537
374 -0.025234
375 0.155060
376 -0.030544
377 -0.087776
378 0.143516
379 0.133897
380 -0.017755
381 -0.005331
382 -0.010708
383 0.024089
384 0.038783
385 -0.041402
386 -0.101702
387 0.012560
388 0.111220
389 0.068696
390 0.000156
391 -0.173917
392 0.042525
393 0.070719
394 0.013396
395 0.028703
396 -0.161598
397 -0.001084
398 0.012449
399 -0.009261
400 -0.051585
401 0.008167
402 -0.131893
403 -0.068783
404 -0.012860
405 0.060417
406 0.068967
407 -0.059999
408 0.089706
409 0.027227
410 0.032884
411 -0.006421
412 -0.107532
413 0.127334
414 0.030009
415 -0.015397
416 -0.143601
417 -0.017659
418 -0.028998
419 -0.047176
420 -0.033078
421 -0.107759
422 -0.102879
423 -0.011415
424 -0.079346
425 -0.013523
426 0.105575
427 -0.186685
428 -0.017372
429 -0.021269
430 -0.037221
431 0.018577
432 0.003699
433 -0.056299
434 -0.099022
435 -0.040503
436 -0.056842
437 -0.006164
438 -0.128687
439 0.128631
440 -0.115841
441 -0.018078
442 -0.069394
443 -0.012933
444 -0.133394
445 0.071633
446 -0.054453
447 -0.123082
448 0.043128
449 0.127511
450 -0.045374
451 0.061156
452 0.103567
453 0.051078
454 0.027081
455 -0.008247
456 -0.173143
457 -0.014898
458 -0.022741
459 -0.030483
460 0.037463
461 -0.099153
462 -0.047713
463 0.125286
464 -0.094180
465 -0.027427
466 -0.144710
467 0.004132
468 -0.043658
469 0.000112
470 0.040005
471 -0.007457
472 0.068983
473 -0.019148
474 0.038211
475 -0.099936
476 0.017190
477 -0.176904
478 -0.065477
479 0.063685
480 -0.084392
481 0.041218
482 0.025600
483 0.015257
484 -0.028085
485 -0.090273
486 -0.063755
487 -0.091877
488 -0.061387
489 0.010764
490 0.025495
491 0.075464
492 -0.124521
493 0.070606
494 0.047279
495 -0.020860
496 0.029818
497 -0.068921
498 -0.201665
499 0.034212
500 0.021655
501 -0.079071
502 -0.049893
503 -0.014550
504 -0.063915
505 -0.063383
506 -0.011432
507 0.071938
508 -0.023445
509 -0.170860
510 -0.031421
511 0.006017
512 0.066968
513 -0.020218
514 -0.081158
515 -0.104502
516 -0.018721
517 -0.092443
518 0.022378
519 -0.165966
520 -0.030950
521 -0.133260
522 -0.042580
523 -0.076884
524 -0.056969
525 0.014065
526 -0.095428
527 0.181556
528 -0.127843
529 -0.075118
530 -0.096194
531 -0.094556
532 0.109189
533 0.011765
534 -0.028933
535 0.181482
536 -0.004811
537 -0.066388
538 0.018553
539 -0.033451
540 0.291222
541 -0.192962
542 0.055268
543 -0.125140
544 -0.053144
545 0.050298
546 -0.033893
547 0.149873
548 -0.022814
549 -0.031517
550 -0.116756
551 -0.154660
552 -0.022741
553 -0.123892
554 -0.173077
555 0.056144
556 -0.000348
557 -0.135923
558 -0.061837
559 0.055613
560 -0.007205
561 -0.048302
562 -0.009564
563 -0.011682
564 -0.017632
565 -0.030913
566 -0.124920
567 0.137660
568 0.034308
569 0.141446
570 -0.065631
571 -0.009031
572 -0.020339
573 0.065127
574 -0.036628
575 -0.019424
576 0.011516
577 -0.037673
578 0.043373
579 -0.118822
580 -0.063382
581 0.149240
582 -0.066653
583 -0.226527
584 -0.071699
585 0.155221
586 -0.234452
587 0.005596
588 -0.068677
589 -0.260615
590 -0.126318
591 -0.072941
592 -0.131496
593 -0.026203
594 0.013647
595 0.199696
596 -0.056587
597 -0.197466
598 0.008438
599 0.116605
600 -0.005522
601 -0.147650
602 0.211443
603 -0.098121
604 -0.021523
605 -0.075715
606 -0.017102
607 0.029210
608 0.109688
609 0.102887
610 0.015396
611 0.112409
612 0.027212
613 -0.028497
614 -0.108084
615 -0.195212
616 0.027042
617 0.043522
618 0.039902
619 -0.058153
620 -0.103059
621 -0.124237
622 0.188568
623 -0.141849
624 0.076308
625 0.032176
626 -0.071792
627 -0.074690
628 -0.040552
629 0.114146
630 -0.046136
631 0.072508
632 0.051894
633 -0.133038
634 -0.209492
635 0.213024
636 -0.052553
637 0.143014
638 0.050948
639 -0.001393
640 -0.118921
641 -0.010362
642 -0.089795
643 -0.056006
644 -0.204532
645 -0.274664
646 -0.037591
647 0.053180
648 -0.066819
649 0.123251
650 -0.013854
651 -0.126520
652 0.086800
653 0.080708
654 0.072333
655 -0.003947
656 -0.034683
657 0.017304
658 -0.125786
659 0.003736
660 0.202983
661 0.076493
662 0.202242
663 0.015985
664 0.017068
665 0.007716
666 0.006353
667 0.021225
668 -0.106779
669 -0.022677
670 -0.031227
671 -0.025543
672 0.092276
673 -0.151464
674 0.080138
675 -0.112288
676 0.224718
677 -0.087186
678 0.018430
679 -0.103756
680 0.052813
681 0.021301
682 -0.045337
683 -0.043754
684 0.086292
685 0.139264
686 -0.122044
687 0.260210
688 0.150579
689 0.209268
690 0.143249
691 -0.054807
692 0.130482
693 -0.062659
694 0.161593
695 0.000677
696 0.041872
697 0.099168
698 -0.149822
699 0.206991
700 -0.152295
701 0.118367
702 -0.102970
703 -0.047491
704 0.007808
705 -0.156291
706 0.028321
707 -0.028140
708 -0.023536
709 -0.018467
710 0.022111
711 0.053618
712 0.085323
713 -0.082320
714 0.032401
715 -0.072104
716 0.009610
717 0.085444
718 -0.166298
719 0.114231
720 -0.027229
721 -0.043470
722 -0.011743
723 -0.024867
724 0.016505
725 0.033414
726 -0.010776
727 0.084684
728 0.081595
729 0.097524
730 -0.119818
731 -0.048166
732 -0.107873
733 0.131946
734 -0.019738
735 0.234954
736 -0.071011
737 0.164606
738 0.131500
739 -0.148983
740 -0.115570
741 0.034936
742 -0.157885
743 0.034935
744 0.061045
745 0.150200
746 -0.098857
747 -0.002266
748 0.095419
749 -0.011180
750 -0.033095
751 -0.090633
752 -0.073184
753 -0.210776
754 0.103347
755 -0.149175
756 0.071594
757 -0.037319
758 -0.085550
759 -0.027540
760 -0.091642
761 -0.001666
762 0.054227
763 -0.160586
764 -0.116209
765 0.128730
766 -0.067071
767 -0.099383
768 0.120303
769 -0.062905
770 -0.080022
771 -0.138931
772 -0.036216
773 0.057917
774 0.102998
775 -0.028647
776 0.075021
777 0.051328
778 -0.199817
779 -0.130498
780 -0.028624
781 -0.012575
782 0.038488
783 -0.062227
784 0.210536
785 0.085814
786 -0.037238
787 -0.101995
788 0.001637
789 -0.050606
790 -0.163808
791 0.100087
792 -0.000247
793 0.022851
794 -0.152062
795 0.200989
796 -0.023328
797 -0.011320
798 0.092129
799 -0.043696
800 0.116874
801 -0.007273
802 0.032151
803 -0.071538
804 0.052169
805 0.285387
806 0.061378
807 -0.141048
808 -0.133948
809 0.133548
810 0.025074
811 -0.020928
812 -0.088219
813 -0.031453
814 -0.060818
815 -0.001206
816 0.153415
817 0.038631
818 0.121628
819 0.076807
820 0.038786
821 -0.216642
822 -0.231867
823 0.006280
824 0.097485
825 -0.025886
826 -0.124239
827 0.116121
828 0.105064
829 0.060366
830 -0.000955
831 0.066267
832 0.088560
833 -0.030840
834 0.158898
835 -0.161830
836 -0.151319
837 0.072887
838 0.053906
839 -0.065309
840 -0.167312
841 -0.004048
842 -0.155912
843 -0.094918
844 0.045396
845 0.005990
846 -0.026781
847 0.046662
848 -0.065072
849 -0.005657
850 -0.061725
851 -0.158453
852 -0.068495
853 0.037920
854 -0.105098
855 -0.036844
856 0.134481
857 -0.071809
858 -0.053777
859 -0.031993
860 0.006054
861 -0.102282
862 0.071591
863 0.127734
864 -0.043044
865 0.152450
866 0.027178
867 0.092002
868 -0.106582
869 0.063091
870 -0.063775
871 0.042138
872 -0.008927
873 0.030553
874 -0.145358
875 0.062574
876 0.078329
877 -0.128492
878 0.052085
879 0.011729
880 0.120662
881 0.048114
882 -0.046255
883 -0.184756
884 0.028333
885 0.105867
886 -0.101843
887 0.017634
888 -0.033411
889 -0.140476
890 -0.052732
891 -0.061167
892 -0.008127
893 -0.146578
894 -0.069165
895 -0.013218
896 -0.005849
897 0.048648
898 0.018195
899 0.165870
900 0.136394
901 -0.104575
902 -0.028656
903 -0.051612
904 -0.094533
905 -0.052226
906 -0.158149
907 -0.252108
908 0.020388
909 0.043629
910 0.237149
911 0.102291
912 0.074945
913 0.198321
914 0.052464
915 0.010708
916 0.097696
917 -0.116458
918 -0.131739
919 -0.051103
920 0.090482
921 -0.184328
922 -0.053404
923 0.183543
924 0.120180
925 0.094344
926 -0.179965
927 -0.009202
928 -0.055867
929 0.105138
930 -0.127713
931 -0.150261
932 0.012891
933 -0.072064
934 0.002074
935 0.042613
936 0.203804
937 -0.016515
938 -0.084561
939 -0.090349
940 0.094801
941 -0.027907
942 0.241241
943 -0.119544
944 0.061666
945 -0.100522
946 -0.043985
947 -0.151572
948 -0.016769
949 0.009442
950 -0.063810
951 0.261131
952 -0.003119
953 0.139290
954 -0.168797
955 0.209284
956 -0.071374
957 0.128832
958 -0.066593
959 -0.003769
960 0.000107
961 -0.098518
962 0.188911
963 -0.103271
964 0.194855
965 0.135707
966 0.039340
967 0.080107
968 0.035772
969 0.120314
970 0.018038
971 0.195278
972 -0.114001
973 0.139332
974 -0.092635
975 0.127844
976 0.146719
977 0.227543
978 -0.173637
979 0.016110
980 -0.043627
981 -0.103634
982 0.224210
983 -0.028536
984 0.224235
985 -0.045090
986 -0.060434
987 0.018709
988 0.140260
989 -0.061920
990 0.057517
991 -0.002124
992 -0.074678
993 -0.045984
994 0.027050
995 -0.041518
996 0.191061
997 0.053897
998 0.073772
999 -0.124561
1000 0.155515
1001 -0.007662
1002 0.022679
1003 0.044722
1004 -0.058501
1005 0.164362
1006 0.098666
1007 -0.048582
1008 -0.003601
1009 0.060597
1010 0.032060
1011 -0.188468
1012 -0.013170
1013 -0.017774
1014 -0.086296
1015 -0.099579
1016 0.064271
1017 0.119872
1018 -0.224143
1019 0.054037
1020 0.118993
1021 0.028878
1022 0.069206
1023 0.164840
1024 -0.055844
1025 -0.129187
1026 -0.185994
1027 0.014777
1028 -0.068436
1029 -0.223709
1030 -0.095322
1031 -0.119831
1032 -0.106986
1033 -0.074496
1034 0.047905
1035 0.062049
1036 -0.070916
1037 0.081368
1038 0.010075
1039 -0.106982
1040 -0.206087
1041 0.103105
1042 0.015414
1043 -0.098464
1044 0.135018
1045 -0.093847
1046 0.118096
1047 0.102843
1048 -0.015422
1049 -0.072665
1050 -0.065522
1051 0.108472
1052 -0.160844
1053 -0.097206
1054 -0.021246
1055 0.030132
1056 0.002897
1057 -0.101110
1058 -0.084420
1059 0.124500
1060 0.066778
1061 0.001836
1062 -0.075061
1063 0.094794
1064 0.026244
1065 0.082295
1066 0.100499
1067 0.028109
1068 0.061650
1069 0.070700
1070 -0.075519
1071 -0.137551
1072 0.111204
1073 -0.054759
1074 0.009290
1075 0.051214
1076 -0.083863
1077 -0.001271
1078 0.187156
1079 -0.038717
1080 0.123960
1081 -0.004107
1082 0.034496
1083 0.060625
1084 -0.002746
1085 -0.017459
1086 -0.067017
1087 -0.021608
1088 0.110342
1089 0.062758
1090 -0.027861
1091 -0.120678
1092 -0.110449
1093 0.117777
1094 -0.039688
1095 -0.228313
1096 0.045424
1097 -0.176131
1098 -0.182426
1099 0.064415
1100 -0.114605
1101 -0.051092
1102 0.077671
1103 0.031146
1104 0.049905
1105 -0.003402
1106 0.010569
1107 0.019549
1108 -0.016748
1109 0.284908
1110 0.011484
1111 0.002796
1112 -0.141771
1113 0.083560
1114 -0.097403
1115 0.060246
1116 0.016059
1117 -0.143647
1118 0.041129
1119 0.141184
1120 0.234228
1121 0.019313
1122 0.047417
1123 0.131311
1124 -0.139551
1125 0.101711
1126 0.071683
1127 -0.023469
1128 -0.050352
1129 0.040484
1130 0.039445
1131 -0.068230
1132 0.109117
1133 -0.112578
1134 0.039272
1135 -0.024682
1136 0.194282
1137 0.060844
1138 0.097012
1139 0.019375
1140 -0.114072
1141 0.122358
1142 -0.018558
1143 -0.110557
1144 0.041244
1145 -0.079761
1146 -0.157705
1147 0.020420
1148 -0.015422
1149 0.106631
1150 0.174789
1151 0.058502
1152 -0.103899
1153 -0.159951
1154 -0.168226
1155 -0.004038
1156 -0.042243
1157 -0.004241
1158 -0.124476
1159 -0.019523
1160 -0.014927
1161 -0.145275
1162 -0.134976
1163 0.031534
1164 0.093794
1165 0.166969
1166 -0.246800
1167 0.128563
1168 0.041039
1169 0.120208
1170 -0.150396
1171 0.005203
1172 0.003408
1173 0.195680
1174 0.148577
1175 -0.000459
1176 -0.009591
1177 -0.021918
1178 0.065179
1179 -0.016826
1180 0.199144
1181 0.142825
1182 -0.189157
1183 0.042511
1184 0.148098
1185 0.101763
1186 -0.031488
1187 -0.068017
1188 -0.050355
1189 0.108145
1190 0.067082
1191 -0.023534
1192 0.026758
1193 -0.069966
1194 -0.171778
1195 -0.088897
1196 0.060730
1197 0.054181
1198 -0.054727
1199 -0.025964
1200 0.213098
1201 -0.124758
1202 0.001505
1203 -0.003770
1204 0.019969
1205 0.245040
1206 -0.114529
1207 -0.070623
1208 0.066019
1209 -0.036269
1210 0.015027
1211 -0.007424
1212 0.150883
1213 0.064280
1214 -0.203422
1215 0.046382
1216 -0.032768
1217 0.232541
1218 0.090713
1219 -0.073672
1220 0.066983
1221 0.102328
1222 0.016927
1223 -0.028658
