0 -0.053093
1 -0.154757
2 0.016329
3 0.043368
4 0.131077
5 -0.138763
6 0.172514
7 -0.070143
8 0.024029
9 0.078718
10 0.194834
11 -0.214284
12 0.157495
13 0.085995
14 0.143865
15 -0.193621
16 -0.100906
17 0.238130
18 -0.146358
19 -0.256499
20 0.059813
21 0.016048
22 -0.013587
23 -0.042724
24 0.070266
25 0.199953
26 -0.008153
27 0.388176
28 0.130586
29 -0.011442
30 -0.003164
31 0.247100
32 0.174140
33 0.278709
34 -0.044308
35 0.081180
36 0.089404
37 0.055368
38 0.110233
39 0.187537
40 0.184052
41 -0.224752
42 -0.041269
43 -0.136361
44 0.285302
45 -0.207516
46 0.120813
47 0.342385
48 0.186422
49 -0.215592
50 0.139076
51 0.074359
52 0.045640
53 0.241159
54 -0.174627
55 0.003821
56 -0.152912
57 0.021559
58 -0.042352
59 0.049269
60 0.003584
61 -0.017167
62 0.152975
63 0.040048
64 0.012706
65 0.290604
66 -0.163727
67 -0.418423
68 -0.142310
69 -0.020246
70 0.075242
71 0.058801
72 -0.279255
73 0.071483
74 -0.243005
75 0.155145
76 -0.239231
77 -0.179645
78 0.072154
79 -0.179640
80 0.082374
81 0.209205
82 0.160142
83 0.128223
84 -0.234504
85 -0.003713
86 0.271996
87 0.255168
88 -0.161323
89 0.095134
90 -0.247191
91 -0.071848
92 0.082082
93 -0.250299
94 0.111507
95 -0.227558
96 0.095062
97 -0.037282
98 0.199939
99 0.134313
100 0.092431
101 0.149661
102 -0.210566
103 -0.128247
104 0.097231
105 -0.028473
106 -0.137826
107 0.281606
108 -0.068577
109 0.201834
110 0.046472
111 0.100954
112 -0.022606
113 0.363047
114 0.151096
115 0.181105
116 -0.157852
117 -0.162270
118 -0.195702
119 0.015884
120 -0.122832
121 0.263559
122 -0.060187
123 0.166297
124 -0.108426
125 0.132711
126 -0.023520
127 0.037162
128 -0.209824
129 0.157021
130 -0.005176
131 -0.171533
132 -0.156620
133 0.138517
134 0.005607
135 -0.130492
136 0.172290
137 0.402664
138 0.326541
139 0.238255
140 0.001207
141 0.108100
142 0.136553
143 0.012654
144 0.280968
145 0.028605
146 0.206604
147 -0.016127
148 -0.092234
149 -0.263162
150 -0.082775
151 -0.163132
152 0.019034
153 -0.150653
154 -0.061578
155 -0.236694
156 0.150634
157 0.179401
158 -0.012080
159 0.092839
160 0.239278
161 -0.044415
162 0.034800
163 -0.064359
164 0.035744
165 -0.062445
166 0.109477
167 -0.109169
168 -0.072342
169 0.226694
170 0.288096
171 0.035833
172 -0.045743
173 0.057619
174 0.020309
175 -0.047464
176 -0.034586
177 -0.057746
178 -0.162807
179 -0.070719
180 -0.111038
181 -0.126640
182 -0.360111
183 0.158594
184 -0.143761
185 -0.405039
186 -0.364460
187 -0.210969
188 -0.238940
189 -0.220440
190 0.081199
191 0.013084
192 -0.215111
193 0.056558
194 0.050968
195 -0.028070
196 -0.135345
197 -0.007022
198 0.126984
199 0.014635
200 0.002386
201 0.158731
202 -0.049360
203 -0.208352
204 0.152400
205 0.035032
206 0.247850
207 0.106456
208 0.052470
209 0.175955
210 0.163347
211 0.003483
212 -0.101289
213 0.057713
214 -0.057870
215 0.167007
216 0.132227
217 0.165335
218 -0.249487
219 0.250809
220 0.001746
221 0.122138
222 0.013213
223 0.093905
224 -0.065062
225 0.090463
226 -0.033814
227 0.180571
228 0.087048
229 0.170657
230 -0.236481
231 0.092972
232 0.028151
233 0.127946
234 -0.058997
235 0.147398
236 0.030283
237 -0.094855
238 -0.038428
239 0.103181
240 0.133678
241 0.076133
242 -0.184282
243 0.057442
244 0.061174
245 0.079939
246 -0.302070
247 0.091558
248 -0.021244
249 0.074534
250 -0.144534
251 0.011056
252 -0.074582
253 0.002058
254 0.075750
255 -0.033009
256 0.042461
257 0.118321
258 0.170192
259 -0.039847
260 0.070102
261 0.049705
262 0.051248
263 0.170084
264 0.034660
265 0.106597
266 0.060846
267 0.193760
268 0.146727
269 0.022682
270 0.034153
271 0.034596
272 0.033378
273 0.012531
274 0.094196
275 0.122530
276 0.112545
277 -0.051615
278 0.099440
279 0.160057
280 0.117057
281 0.116492
282 -0.045261
283 0.047946
284 0.016421
285 0.143324
286 -0.122135
287 -0.002107
288 0.113233
289 0.123100
290 -0.057876
291 0.066807
292 0.044197
293 0.087671
294 0.089543
295 0.008151
296 0.113696
297 0.008059
298 0.012907
299 0.024359
300 0.145887
301 0.121531
302 0.047444
303 -0.007801
304 0.019765
305 0.068972
306 0.064836
307 0.047188
308 0.080975
309 0.043012
310 0.019676
311 0.013255
312 0.014284
313 0.141154
314 0.078785
315 0.055950
316 0.028886
317 0.017309
318 0.090187
319 0.060519
320 0.050836
321 0.118487
322 0.064482
323 -0.080892
324 -0.028375
325 0.155379
326 0.108489
327 0.040727
328 -0.034702
329 -0.013341
330 0.142345
331 0.191086
332 0.161379
333 0.069181
334 0.088000
335 0.037053
336 -0.158375
337 0.002137
338 0.081886
339 0.131653
340 -0.300679
341 0.023039
342 0.063315
343 0.135637
344 -0.115466
345 0.072636
346 0.172036
347 0.156957
348 -0.131648
349 -0.059290
350 0.119004
351 -0.095914
352 0.102460
353 0.057590
354 0.083878
355 -0.026191
356 0.077981
357 0.054878
358 0.089178
359 0.060996
360 -0.035700
361 0.001467
362 0.010978
363 0.093457
364 -0.303851
365 0.012942
366 0.097900
367 -0.121334
368 -0.531908
369 0.026945
370 0.045668
371 -0.104902
372 -0.042869
373 0.114220
374 0.019229
375 0.046060
376 -0.373146
377 -0.055528
378 -0.099106
379 0.009093
380 -0.223593
381 -0.092742
382 0.169106
383 0.065200
384 0.040238
385 -0.168714
386 0.058430
387 0.113814
388 0.029274
389 -0.245517
390 0.083726
391 0.065411
392 -0.000491
393 -0.235060
394 -0.010112
395 0.008175
396 -0.029472
397 0.031871
398 -0.232848
399 0.061838
400 0.038068
401 0.002065
402 -0.369430
403 -0.171746
404 0.097615
405 0.044166
406 0.070018
407 -0.348333
408 0.074997
409 0.089161
410 0.018942
411 -0.204061
412 -0.003588
413 0.043650
414 0.008886
415 -0.071917
416 -0.131026
417 0.076547
418 0.012131
419 0.053192
420 -0.290552
421 0.091797
422 0.087831
423 0.030528
424 -0.362761
425 0.161165
426 0.221196
427 0.032616
428 0.147007
429 -0.332602
430 -0.020809
431 0.125197
432 0.037980
433 -0.099312
434 0.030845
435 0.262305
436 0.048195
437 -0.046457
438 -0.161731
439 0.145553
440 0.095804
441 0.041678
442 -0.128991
443 -0.124216
444 0.092008
445 0.096538
446 0.096697
447 -0.271183
448 0.180625
449 0.134662
450 0.009101
451 -0.061335
452 -0.117958
453 -0.256877
454 0.077133
455 0.077421
456 -0.243325
457 -0.205225
458 -0.230265
459 0.055764
460 0.060851
461 -0.148773
462 -0.185066
463 -0.043077
464 0.021759
465 0.062772
466 -0.119970
467 0.119790
468 0.203931
469 0.088735
470 0.052727
471 -0.238229
472 0.117243
473 0.044586
474 0.116044
475 0.002464
476 -0.284298
477 0.123362
478 0.113373
479 -0.001248
480 -0.016741
481 0.077541
482 0.075402
483 0.083860
484 0.204898
485 0.041988
486 0.004355
487 -0.067806
488 0.038216
489 -0.126373
490 0.095647
491 -0.239789
492 0.015347
493 0.044552
494 -0.093346
495 0.035509
496 -0.049004
497 -0.016576
498 -0.015703
499 -0.001973
500 0.111662
501 -0.257688
502 -0.362080
503 0.052876
504 -0.071182
505 0.208962
506 0.057412
507 -0.173367
508 -0.113098
509 -0.004131
510 0.176014
511 0.140477
512 -0.129075
513 -0.103462
514 -0.129559
515 -0.221532
516 0.048282
517 -0.099283
518 0.289368
519 0.064066
520 -0.116793
521 0.035313
522 0.103803
523 -0.158658
524 -0.188566
525 -0.020029
526 -0.173133
527 0.029740
528 -0.072320
529 -0.280123
530 -0.119930
531 -0.214874
532 0.092271
533 0.145376
534 0.138133
535 -0.302124
536 -0.071552
537 0.019973
538 0.220714
539 0.327178
540 0.053729
541 -0.268075
542 0.125067
543 -0.122579
544 -0.188371
545 -0.197142
546 -0.278519
547 -0.211921
548 -0.219435
549 0.009920
550 -0.151427
551 -0.203942
552 0.163444
553 -0.139140
554 -0.057593
555 0.003900
556 -0.079037
557 -0.196434
558 -0.156310
559 -0.222557
560 0.124990
561 0.020147
562 -0.150976
563 -0.196781
564 -0.113064
565 -0.135559
566 0.043977
567 -0.086003
568 -0.138670
569 -0.170534
570 -0.195785
571 -0.254982
572 -0.002881
573 -0.062302
574 -0.101918
575 -0.105793
576 -0.139781
577 -0.229237
578 -0.249035
579 -0.184698
580 -0.205603
581 -0.265515
582 0.014929
583 -0.082152
584 -0.302494
585 -0.221443
586 -0.097664
587 0.142236
588 -0.190322
589 -0.039348
590 -0.193859
591 -0.153688
592 -0.183878
593 -0.173575
594 -0.088043
595 -0.109889
596 0.057869
597 -0.306279
598 -0.123609
599 -0.340010
600 -0.008187
601 -0.179680
602 0.002050
603 -0.049181
604 -0.358726
605 -0.164757
606 -0.063268
607 -0.101332
608 -0.142705
609 -0.139476
610 -0.157251
611 -0.272239
612 -0.069070
613 -0.084931
614 -0.100116
615 -0.166505
616 0.014832
617 -0.111603
618 -0.272356
619 -0.051509
620 -0.152082
621 -0.087995
622 -0.186200
623 0.023587
624 -0.036694
625 -0.160075
626 -0.205580
627 -0.208732
628 -0.143019
629 0.110889
630 0.048078
631 -0.085709
632 -0.232112
633 -0.214202
634 -0.097104
635 -0.143082
636 -0.113736
637 -0.069434
638 -0.015951
639 -0.202305
640 0.088337
641 -0.026038
642 -0.201514
643 -0.154812
644 -0.169681
645 -0.136617
646 -0.260322
647 0.092974
648 -0.171439
649 -0.003390
650 -0.261279
651 -0.182960
652 0.227894
653 -0.387108
654 -0.087215
655 0.051690
656 -0.154020
657 -0.105146
658 -0.051480
659 -0.114497
660 -0.128751
661 -0.270703
662 -0.332526
663 -0.150033
664 -0.017524
665 -0.177488
666 -0.118126
667 -0.011797
668 0.236715
669 -0.001636
670 -0.047219
671 0.189087
672 -0.191027
673 -0.164125
674 -0.031022
675 0.061054
676 -0.026380
677 0.060655
678 -0.056063
679 0.185251
680 0.016517
681 0.125777
682 0.271786
683 -0.324218
684 -0.143779
685 -0.071175
686 0.113730
687 -0.126819
688 0.336227
689 -0.186978
690 -0.128933
691 0.111254
692 0.035686
693 -0.100083
694 -0.245213
695 0.052087
696 0.287689
697 0.184244
698 0.040077
699 -0.184715
700 -0.253986
701 -0.204108
702 0.276069
703 -0.264506
704 -0.123639
705 -0.110327
706 -0.075991
707 0.222894
708 0.142019
709 -0.228975
710 -0.094959
711 0.142114
712 0.183906
713 0.213016
714 -0.174879
715 0.046771
716 -0.034715
717 -0.146122
718 0.225721
719 0.039672
720 0.101925
721 -0.028167
722 -0.003723
723 -0.026001
724 0.274532
725 -0.297022
726 0.040682
727 0.148892
728 -0.024407
729 0.102558
730 -0.125902
731 -0.096667
732 0.252566
733 -0.223991
734 0.240697
735 -0.055228
736 -0.062231
737 0.111192
738 -0.263572
739 -0.069633
740 0.022256
741 0.091738
742 0.021808
743 0.019625
744 -0.219140
745 0.209974
746 -0.260943
747 0.084462
748 -0.395411
749 0.158923
750 -0.270388
751 -0.025966
752 0.115461
753 -0.115064
754 -0.165643
755 -0.167721
756 0.117415
757 0.269496
758 0.083915
759 0.306689
760 0.117995
761 0.165883
762 -0.110723
763 0.193265
764 0.028182
765 0.105112
766 -0.184236
767 0.182268
768 -0.032150
769 -0.402368
770 0.019161
771 -0.107537
772 0.070272
773 0.312673
774 0.306904
775 0.121252
776 0.360491
777 -0.026021
778 -0.103265
779 0.208926
780 -0.090984
781 0.227237
782 0.456683
783 -0.184365
784 0.083177
785 0.019525
786 0.052462
787 0.172147
788 0.150020
789 -0.092120
790 0.236809
791 0.122295
792 0.296280
793 0.169564
794 0.226724
795 -0.194884
796 0.242847
797 0.157491
798 -0.044500
799 0.245958
800 -0.022401
801 0.128218
802 0.253586
803 0.025087
804 0.319428
805 0.217079
806 0.186410
807 -0.210699
808 0.223962
809 0.117216
810 -0.063441
811 0.122301
812 0.197710
813 -0.044486
814 0.122680
815 0.306706
816 -0.014743
817 0.200716
818 -0.188693
819 0.144840
820 0.320351
821 -0.329755
822 -0.034545
823 -0.205381
824 -0.020166
825 0.162037
826 0.194982
827 0.065301
828 0.060107
829 0.114590
830 0.021205
831 0.289309
832 0.078965
833 0.067985
834 0.081031
835 0.171917
836 -0.269917
837 0.008141
838 0.022820
839 0.008275
840 0.117500
841 -0.026744
842 -0.106680
843 0.126859
844 0.181991
845 -0.253545
846 0.271648
847 -0.113764
848 0.113521
849 0.269006
850 -0.021637
851 -0.176573
852 0.168162
853 -0.002410
854 0.111361
855 0.065092
856 -0.060560
857 0.076367
858 -0.065555
859 0.221128
860 -0.008724
861 0.231585
862 0.045115
863 -0.082546
864 -0.183551
865 -0.270945
866 0.179470
867 -0.000554
868 0.303032
869 -0.120759
870 -0.264992
871 0.198347
872 -0.269817
873 -0.213240
874 0.291683
875 0.066624
876 -0.025292
877 -0.145270
878 -0.192732
879 -0.152430
880 -0.229824
881 -0.040511
882 0.307382
883 -0.164448
884 0.092096
885 0.319293
886 0.057805
887 0.280747
888 -0.131873
889 -0.078486
890 0.199496
891 0.263487
892 0.163468
893 -0.023612
894 0.031160
895 -0.062261
896 -0.056789
897 0.423239
898 0.091773
899 -0.145654
900 0.256648
901 -0.173255
902 -0.221089
903 0.027582
904 -0.016613
905 -0.063052
906 -0.056728
907 -0.092617
908 0.143425
909 -0.157824
910 0.167970
911 0.056863
912 0.109970
913 -0.251818
914 -0.143044
915 -0.018858
916 0.052638
917 -0.104501
918 -0.003935
919 0.274548
920 -0.241729
921 0.007158
922 0.223408
923 0.040510
924 0.124865
925 0.182968
926 0.165923
927 -0.152458
928 -0.036348
929 0.117349
930 -0.236437
931 -0.107129
932 -0.052011
933 0.005875
934 0.298316
935 0.200341
936 -0.003138
937 -0.138328
938 -0.227311
939 -0.018438
940 0.246342
941 0.058184
942 -0.367851
943 -0.060987
944 0.113319
945 0.334029
946 0.075776
947 0.069354
948 0.272810
949 0.235963
950 -0.034320
951 0.060665
952 0.146730
953 0.287618
954 0.189651
955 0.288853
956 0.137215
957 -0.207313
958 0.012330
959 0.056678
960 -0.053564
961 -0.059549
962 0.338142
963 0.334044
964 0.134428
965 0.068147
966 0.063922
967 -0.333875
968 0.309349
969 0.026255
970 -0.083327
971 -0.112043
972 0.139008
973 0.113789
974 -0.020817
975 -0.187268
976 0.177347
977 0.356193
978 0.350565
979 0.011830
980 -0.053687
981 0.285818
982 0.278994
983 0.134216
984 0.243830
985 -0.046030
986 -0.012412
987 -0.185549
988 0.239010
989 0.103331
990 -0.257966
991 0.186069
992 -0.065578
993 0.372129
994 0.000490
995 -0.283655
996 -0.375378
997 0.066333
998 -0.061555
999 -0.075301
1000 0.007113
1001 0.017539
1002 -0.170361
1003 0.075996
1004 0.164526
1005 0.310552
1006 0.175115
1007 0.170726
1008 0.418089
1009 -0.059832
1010 -0.029645
1011 -0.105896
1012 0.049249
1013 -0.018608
1014 -0.010966
1015 0.148729
1016 0.223086
1017 0.046589
1018 0.337824
1019 0.418258
1020 -0.132001
1021 0.303255
1022 -0.242266
1023 0.137749
1024 0.239741
1025 -0.054774
1026 0.015690
1027 0.252260
1028 -0.067325
1029 -0.204549
1030 0.041927
1031 0.022064
1032 0.263482
1033 0.131950
1034 -0.043005
1035 -0.074283
1036 0.009102
1037 0.200690
1038 0.201504
1039 0.178235
1040 -0.218732
1041 -0.070712
1042 -0.066523
1043 0.291397
1044 0.162391
1045 0.271007
1046 0.280295
1047 -0.113377
1048 0.102242
1049 0.149109
1050 0.042554
1051 0.030779
1052 -0.157826
1053 0.088601
1054 0.255617
1055 0.114865
1056 0.110903
1057 0.084590
1058 -0.117788
1059 0.137825
1060 -0.036712
1061 0.160172
1062 0.111879
1063 -0.284711
1064 0.072767
1065 0.146814
1066 0.257761
1067 0.133637
1068 -0.001732
1069 -0.258228
1070 0.177610
1071 0.098969
1072 -0.102466
1073 0.422967
1074 0.024009
1075 0.039243
1076 0.059653
1077 0.044974
1078 -0.151333
1079 -0.114888
1080 0.168346
1081 0.190290
1082 0.272352
1083 0.049894
1084 0.166711
1085 -0.285424
1086 0.309176
1087 -0.249693
1088 -0.174480
1089 -0.223835
1090 0.009723
1091 0.034985
1092 0.066026
1093 0.073533
1094 0.129899
1095 -0.106068
1096 0.175413
1097 -0.119161
1098 0.278127
1099 0.043280
1100 -0.077493
1101 0.412383
1102 0.145935
1103 0.333341
1104 0.079767
1105 -0.187015
1106 -0.260008
1107 0.023879
1108 -0.059847
1109 -0.056546
1110 -0.258241
1111 0.073314
1112 0.452487
1113 0.235128
1114 0.074244
1115 0.163090
1116 0.174394
1117 -0.175267
1118 0.251989
1119 0.065321
1120 -0.010225
1121 -0.058123
1122 0.280057
1123 0.158091
1124 -0.012592
1125 -0.185254
1126 0.181412
1127 0.110560
1128 0.298958
1129 -0.186009
1130 -0.033257
1131 0.203539
1132 0.100995
1133 0.132145
1134 -0.067888
1135 0.250065
1136 0.185400
1137 -0.020520
1138 0.224902
1139 -0.068652
1140 -0.076423
1141 -0.108816
1142 -0.113251
1143 -0.044373
1144 -0.187835
1145 -0.038307
1146 -0.221757
1147 0.269735
1148 -0.148384
1149 0.137995
1150 0.106735
1151 0.145131
1152 0.155991
1153 -0.164148
1154 -0.066181
1155 0.286162
1156 -0.026502
1157 0.203750
1158 0.415063
1159 0.078870
1160 -0.050184
1161 -0.199816
1162 -0.224842
1163 0.160166
1164 0.076122
1165 -0.271604
1166 -0.257210
1167 -0.217148
1168 0.350629
1169 -0.269850
1170 -0.041372
1171 0.034130
1172 0.135573
1173 -0.213777
1174 -0.039064
1175 -0.041206
1176 0.237647
1177 -0.083271
1178 -0.103583
1179 -0.086903
1180 0.048578
1181 0.195029
1182 -0.112003
1183 -0.183031
1184 -0.051028
1185 0.343251
1186 -0.058680
1187 -0.029192
1188 0.334647
1189 0.102474
1190 0.005831
1191 -0.195856
1192 0.179668
1193 0.160543
1194 0.253893
1195 0.067918
1196 0.075246
1197 0.119747
1198 -0.186207
1199 0.395666
1200 0.066227
1201 0.042519
1202 0.018501
1203 0.195462
1204 0.064810
1205 -0.221353
1206 0.202414
1207 -0.075771
1208 -0.280630
1209 0.111635
1210 0.181888
1211 -0.031231
1212 -0.005712
1213 -0.057682
1214 0.131036
1215 0.006816
0 -0.053093
1 -0.154757
2 0.016329
3 0.043368
4 0.131077
5 -0.138763
6 0.172514
7 -0.070143
8 0.024029
9 0.078718
10 0.194834
11 -0.214284
12 0.157495
13 0.085995
14 0.143865
15 -0.193621
16 -0.100906
17 0.238130
18 -0.146358
19 -0.256499
20 0.059813
21 0.016048
22 -0.013587
23 -0.042724
24 0.070266
25 0.199953
26 -0.008153
27 0.388176
28 0.130586
29 -0.011442
30 -0.003164
31 0.247100
32 0.174140
33 0.278709
34 -0.044308
35 0.081180
36 0.089404
37 0.055368
38 0.110233
39 0.187537
40 0.184052
41 -0.224752
42 -0.041269
43 -0.136361
44 0.285302
45 -0.207516
46 0.120813
47 0.342385
48 0.186422
49 -0.215592
50 0.139076
51 0.074359
52 0.045640
53 0.241159
54 -0.174627
55 0.003821
56 -0.152912
57 0.021559
58 -0.042352
59 0.049269
60 0.003584
61 -0.017167
62 0.152975
63 0.040048
64 0.012706
65 0.290604
66 -0.163727
67 -0.418423
68 -0.142310
69 -0.020246
70 0.075242
71 0.058801
72 -0.279255
73 0.071483
74 -0.243005
75 0.155145
76 -0.239231
77 -0.179645
78 0.072154
79 -0.179640
80 0.082374
81 0.209205
82 0.160142
83 0.128223
84 -0.234504
85 -0.003713
86 0.271996
87 0.255168
88 -0.161323
89 0.095134
90 -0.247191
91 -0.071848
92 0.082082
93 -0.250299
94 0.111507
95 -0.227558
96 0.095062
97 -0.037282
98 0.199939
99 0.134313
100 0.092431
101 0.149661
102 -0.210566
103 -0.128247
104 0.097231
105 -0.028473
106 -0.137826
107 0.281606
108 -0.068577
109 0.201834
110 0.046472
111 0.100954
112 -0.022606
113 0.363047
114 0.151096
115 0.181105
116 -0.157852
117 -0.162270
118 -0.195702
119 0.015884
120 -0.122832
121 0.263559
122 -0.060187
123 0.166297
124 -0.108426
125 0.132711
126 -0.023520
127 0.037162
128 -0.209824
129 0.157021
130 -0.005176
131 -0.171533
132 -0.156620
133 0.138517
134 0.005607
135 -0.130492
136 0.172290
137 0.402664
138 0.326541
139 0.238255
140 0.001207
141 0.108100
142 0.136553
143 0.012654
144 0.280968
145 0.028605
146 0.206604
147 -0.016127
148 -0.092234
149 -0.263162
150 -0.082775
151 -0.163132
152 0.019034
153 -0.150653
154 -0.061578
155 -0.236694
156 0.150634
157 0.179401
158 -0.012080
159 0.092839
160 0.239278
161 -0.044415
162 0.034800
163 -0.064359
164 0.035744
165 -0.062445
166 0.109477
167 -0.109169
168 -0.072342
169 0.226694
170 0.288096
171 0.035833
172 -0.045743
173 0.057619
174 0.020309
175 -0.047464
176 -0.034586
177 -0.057746
178 -0.162807
179 -0.070719
180 -0.111038
181 -0.126640
182 -0.360111
183 0.158594
184 -0.143761
185 -0.405039
186 -0.364460
187 -0.210969
188 -0.238940
189 -0.220440
190 0.081199
191 0.013084
192 -0.215111
193 0.056558
194 0.050968
195 -0.028070
196 -0.135345
197 -0.007022
198 0.126984
199 0.014635
200 0.002386
201 0.158731
202 -0.049360
203 -0.208352
204 0.152400
205 0.035032
206 0.247850
207 0.106456
208 0.052470
209 0.175955
210 0.163347
211 0.003483
212 -0.101289
213 0.057713
214 -0.057870
215 0.167007
216 0.132227
217 0.165335
218 -0.249487
219 0.250809
220 0.001746
221 0.122138
222 0.013213
223 0.093905
224 -0.065062
225 0.090463
226 -0.033814
227 0.180571
228 0.087048
229 0.170657
230 -0.236481
231 0.092972
232 0.028151
233 0.127946
234 -0.058997
235 0.147398
236 0.030283
237 -0.094855
238 -0.038428
239 0.103181
240 0.133678
241 0.076133
242 -0.184282
243 0.057442
244 0.061174
245 0.079939
246 -0.302070
247 0.091558
248 -0.021244
249 0.074534
250 -0.144534
251 0.011056
252 -0.074582
253 0.002058
254 0.075750
255 -0.033009
256 0.042461
257 0.118321
258 0.170192
259 -0.039847
260 0.070102
261 0.049705
262 0.051248
263 0.170084
264 0.034660
265 0.106597
266 0.060846
267 0.193760
268 0.146727
269 0.022682
270 0.034153
271 0.034596
272 0.033378
273 0.012531
274 0.094196
275 0.122530
276 0.112545
277 -0.051615
278 0.099440
279 0.160057
280 0.117057
281 0.116492
282 -0.045261
283 0.047946
284 0.016421
285 0.143324
286 -0.122135
287 -0.002107
288 0.113233
289 0.123100
290 -0.057876
291 0.066807
292 0.044197
293 0.087671
294 0.089543
295 0.008151
296 0.113696
297 0.008059
298 0.012907
299 0.024359
300 0.145887
301 0.121531
302 0.047444
303 -0.007801
304 0.019765
305 0.068972
306 0.064836
307 0.047188
308 0.080975
309 0.043012
310 0.019676
311 0.013255
312 0.014284
313 0.141154
314 0.078785
315 0.055950
316 0.028886
317 0.017309
318 0.090187
319 0.060519
320 0.050836
321 0.118487
322 0.064482
323 -0.080892
324 -0.028375
325 0.155379
326 0.108489
327 0.040727
328 -0.034702
329 -0.013341
330 0.142345
331 0.191086
332 0.161379
333 0.069181
334 0.088000
335 0.037053
336 -0.158375
337 0.002137
338 0.081886
339 0.131653
340 -0.300679
341 0.023039
342 0.063315
343 0.135637
344 -0.115466
345 0.072636
346 0.172036
347 0.156957
348 -0.131648
349 -0.059290
350 0.119004
351 -0.095914
352 0.102460
353 0.057590
354 0.083878
355 -0.026191
356 0.077981
357 0.054878
358 0.089178
359 0.060996
360 -0.035700
361 0.001467
362 0.010978
363 0.093457
364 -0.303851
365 0.012942
366 0.097900
367 -0.121334
368 -0.531908
369 0.026945
370 0.045668
371 -0.104902
372 -0.042869
373 0.114220
374 0.019229
375 0.046060
376 -0.373146
377 -0.055528
378 -0.099106
379 0.009093
380 -0.223593
381 -0.092742
382 0.169106
383 0.065200
384 0.040238
385 -0.168714
386 0.058430
387 0.113814
388 0.029274
389 -0.245517
390 0.083726
391 0.065411
392 -0.000491
393 -0.235060
394 -0.010112
395 0.008175
396 -0.029472
397 0.031871
398 -0.232848
399 0.061838
400 0.038068
401 0.002065
402 -0.369430
403 -0.171746
404 0.097615
405 0.044166
406 0.070018
407 -0.348333
408 0.074997
409 0.089161
410 0.018942
411 -0.204061
412 -0.003588
413 0.043650
414 0.008886
415 -0.071917
416 -0.131026
417 0.076547
418 0.012131
419 0.053192
420 -0.290552
421 0.091797
422 0.087831
423 0.030528
424 -0.362761
425 0.161165
426 0.221196
427 0.032616
428 0.147007
429 -0.332602
430 -0.020809
431 0.125197
432 0.037980
433 -0.099312
434 0.030845
435 0.262305
436 0.048195
437 -0.046457
438 -0.161731
439 0.145553
440 0.095804
441 0.041678
442 -0.128991
443 -0.124216
444 0.092008
445 0.096538
446 0.096697
447 -0.271183
448 0.180625
449 0.134662
450 0.009101
451 -0.061335
452 -0.117958
453 -0.256877
454 0.077133
455 0.077421
456 -0.243325
457 -0.205225
458 -0.230265
459 0.055764
460 0.060851
461 -0.148773
462 -0.185066
463 -0.043077
464 0.021759
465 0.062772
466 -0.119970
467 0.119790
468 0.203931
469 0.088735
470 0.052727
471 -0.238229
472 0.117243
473 0.044586
474 0.116044
475 0.002464
476 -0.284298
477 0.123362
478 0.113373
479 -0.001248
480 -0.016741
481 0.077541
482 0.075402
483 0.083860
484 0.204898
485 0.041988
486 0.004355
487 -0.067806
488 0.038216
489 -0.126373
490 0.095647
491 -0.239789
492 0.015347
493 0.044552
494 -0.093346
495 0.035509
496 -0.049004
497 -0.016576
498 -0.015703
499 -0.001973
500 0.111662
501 -0.257688
502 -0.362080
503 0.052876
504 -0.071182
505 0.208962
506 0.057412
507 -0.173367
508 -0.113098
509 -0.004131
510 0.176014
511 0.140477
512 -0.129075
513 -0.103462
514 -0.129559
515 -0.221532
516 0.048282
517 -0.099283
518 0.289368
519 0.064066
520 -0.116793
521 0.035313
522 0.103803
523 -0.158658
524 -0.188566
525 -0.020029
526 -0.173133
527 0.029740
528 -0.072320
529 -0.280123
530 -0.119930
531 -0.214874
532 0.092271
533 0.145376
534 0.138133
535 -0.302124
536 -0.071552
537 0.019973
538 0.220714
539 0.327178
540 0.053729
541 -0.268075
542 0.125067
543 -0.122579
544 -0.188371
545 -0.197142
546 -0.278519
547 -0.211921
548 -0.219435
549 0.009920
550 -0.151427
551 -0.203942
552 0.163444
553 -0.139140
554 -0.057593
555 0.003900
556 -0.079037
557 -0.196434
558 -0.156310
559 -0.222557
560 0.124990
561 0.020147
562 -0.150976
563 -0.196781
564 -0.113064
565 -0.135559
566 0.043977
567 -0.086003
568 -0.138670
569 -0.170534
570 -0.195785
571 -0.254982
572 -0.002881
573 -0.062302
574 -0.101918
575 -0.105793
576 -0.139781
577 -0.229237
578 -0.249035
579 -0.184698
580 -0.205603
581 -0.265515
582 0.014929
583 -0.082152
584 -0.302494
585 -0.221443
586 -0.097664
587 0.142236
588 -0.190322
589 -0.039348
590 -0.193859
591 -0.153688
592 -0.183878
593 -0.173575
594 -0.088043
595 -0.109889
596 0.057869
597 -0.306279
598 -0.123609
599 -0.340010
600 -0.008187
601 -0.179680
602 0.002050
603 -0.049181
604 -0.358726
605 -0.164757
606 -0.063268
607 -0.101332
608 -0.142705
609 -0.139476
610 -0.157251
611 -0.272239
612 -0.069070
613 -0.084931
614 -0.100116
615 -0.166505
616 0.014832
617 -0.111603
618 -0.272356
619 -0.051509
620 -0.152082
621 -0.087995
622 -0.186200
623 0.023587
624 -0.036694
625 -0.160075
626 -0.205580
627 -0.208732
628 -0.143019
629 0.110889
630 0.048078
631 -0.085709
632 -0.232112
633 -0.214202
634 -0.097104
635 -0.143082
636 -0.113736
637 -0.069434
638 -0.015951
639 -0.202305
640 0.088337
641 -0.026038
642 -0.201514
643 -0.154812
644 -0.169681
645 -0.136617
646 -0.260322
647 0.092974
648 -0.171439
649 -0.003390
650 -0.261279
651 -0.182960
652 0.227894
653 -0.387108
654 -0.087215
655 0.051690
656 -0.154020
657 -0.105146
658 -0.051480
659 -0.114497
660 -0.128751
661 -0.270703
662 -0.332526
663 -0.150033
664 -0.017524
665 -0.177488
666 -0.118126
667 -0.011797
668 0.236715
669 -0.001636
670 -0.047219
671 0.189087
672 -0.191027
673 -0.164125
674 -0.031022
675 0.061054
676 -0.026380
677 0.060655
678 -0.056063
679 0.185251
680 0.016517
681 0.125777
682 0.271786
683 -0.324218
684 -0.143779
685 -0.071175
686 0.113730
687 -0.126819
688 0.336227
689 -0.186978
690 -0.128933
691 0.111254
692 0.035686
693 -0.100083
694 -0.245213
695 0.052087
696 0.287689
697 0.184244
698 0.040077
699 -0.184715
700 -0.253986
701 -0.204108
702 0.276069
703 -0.264506
704 -0.123639
705 -0.110327
706 -0.075991
707 0.222894
708 0.142019
709 -0.228975
710 -0.094959
711 0.142114
712 0.183906
713 0.213016
714 -0.174879
715 0.046771
716 -0.034715
717 -0.146122
718 0.225721
719 0.039672
720 0.101925
721 -0.028167
722 -0.003723
723 -0.026001
724 0.274532
725 -0.297022
726 0.040682
727 0.148892
728 -0.024407
729 0.102558
730 -0.125902
731 -0.096667
732 0.252566
733 -0.223991
734 0.240697
735 -0.055228
736 -0.062231
737 0.111192
738 -0.263572
739 -0.069633
740 0.022256
741 0.091738
742 0.021808
743 0.019625
744 -0.219140
745 0.209974
746 -0.260943
747 0.084462
748 -0.395411
749 0.158923
750 -0.270388
751 -0.025966
752 0.115461
753 -0.115064
754 -0.165643
755 -0.167721
756 0.117415
757 0.269496
758 0.083915
759 0.306689
760 0.117995
761 0.165883
762 -0.110723
763 0.193265
764 0.028182
765 0.105112
766 -0.184236
767 0.182268
768 -0.032150
769 -0.402368
770 0.019161
771 -0.107537
772 0.070272
773 0.312673
774 0.306904
775 0.121252
776 0.360491
777 -0.026021
778 -0.103265
779 0.208926
780 -0.090984
781 0.227237
782 0.456683
783 -0.184365
784 0.083177
785 0.019525
786 0.052462
787 0.172147
788 0.150020
789 -0.092120
790 0.236809
791 0.122295
792 0.296280
793 0.169564
794 0.226724
795 -0.194884
796 0.242847
797 0.157491
798 -0.044500
799 0.245958
800 -0.022401
801 0.128218
802 0.253586
803 0.025087
804 0.319428
805 0.217079
806 0.186410
807 -0.210699
808 0.223962
809 0.117216
810 -0.063441
811 0.122301
812 0.197710
813 -0.044486
814 0.122680
815 0.306706
816 -0.014743
817 0.200716
818 -0.188693
819 0.144840
820 0.320351
821 -0.329755
822 -0.034545
823 -0.205381
824 -0.020166
825 0.162037
826 0.194982
827 0.065301
828 0.060107
829 0.114590
830 0.021205
831 0.289309
832 0.078965
833 0.067985
834 0.081031
835 0.171917
836 -0.269917
837 0.008141
838 0.022820
839 0.008275
840 0.117500
841 -0.026744
842 -0.106680
843 0.126859
844 0.181991
845 -0.253545
846 0.271648
847 -0.113764
848 0.113521
849 0.269006
850 -0.021637
851 -0.176573
852 0.168162
853 -0.002410
854 0.111361
855 0.065092
856 -0.060560
857 0.076367
858 -0.065555
859 0.221128
860 -0.008724
861 0.231585
862 0.045115
863 -0.082546
864 -0.183551
865 -0.270945
866 0.179470
867 -0.000554
868 0.303032
869 -0.120759
870 -0.264992
871 0.198347
872 -0.269817
873 -0.213240
874 0.291683
875 0.066624
876 -0.025292
877 -0.145270
878 -0.192732
879 -0.152430
880 -0.229824
881 -0.040511
882 0.307382
883 -0.164448
884 0.092096
885 0.319293
886 0.057805
887 0.280747
888 -0.131873
889 -0.078486
890 0.199496
891 0.263487
892 0.163468
893 -0.023612
894 0.031160
895 -0.062261
896 -0.056789
897 0.423239
898 0.091773
899 -0.145654
900 0.256648
901 -0.173255
902 -0.221089
903 0.027582
904 -0.016613
905 -0.063052
906 -0.056728
907 -0.092617
908 0.143425
909 -0.157824
910 0.167970
911 0.056863
912 0.109970
913 -0.251818
914 -0.143044
915 -0.018858
916 0.052638
917 -0.104501
918 -0.003935
919 0.274548
920 -0.241729
921 0.007158
922 0.223408
923 0.040510
924 0.124865
925 0.182968
926 0.165923
927 -0.152458
928 -0.036348
929 0.117349
930 -0.236437
931 -0.107129
932 -0.052011
933 0.005875
934 0.298316
935 0.200341
936 -0.003138
937 -0.138328
938 -0.227311
939 -0.018438
940 0.246342
941 0.058184
942 -0.367851
943 -0.060987
944 0.113319
945 0.334029
946 0.075776
947 0.069354
948 0.272810
949 0.235963
950 -0.034320
951 0.060665
952 0.146730
953 0.287618
954 0.189651
955 0.288853
956 0.137215
957 -0.207313
958 0.012330
959 0.056678
960 -0.053564
961 -0.059549
962 0.338142
963 0.334044
964 0.134428
965 0.068147
966 0.063922
967 -0.333875
968 0.309349
969 0.026255
970 -0.083327
971 -0.112043
972 0.139008
973 0.113789
974 -0.020817
975 -0.187268
976 0.177347
977 0.356193
978 0.350565
979 0.011830
980 -0.053687
981 0.285818
982 0.278994
983 0.134216
984 0.243830
985 -0.046030
986 -0.012412
987 -0.185549
988 0.239010
989 0.103331
990 -0.257966
991 0.186069
992 -0.065578
993 0.372129
994 0.000490
995 -0.283655
996 -0.375378
997 0.066333
998 -0.061555
999 -0.075301
1000 0.007113
1001 0.017539
1002 -0.170361
1003 0.075996
1004 0.164526
1005 0.310552
1006 0.175115
1007 0.170726
1008 0.418089
1009 -0.059832
1010 -0.029645
1011 -0.105896
1012 0.049249
1013 -0.018608
1014 -0.010966
1015 0.148729
1016 0.223086
1017 0.046589
1018 0.337824
1019 0.418258
1020 -0.132001
1021 0.303255
1022 -0.242266
1023 0.137749
1024 0.239741
1025 -0.054774
1026 0.015690
1027 0.252260
1028 -0.067325
1029 -0.204549
1030 0.041927
1031 0.022064
1032 0.263482
1033 0.131950
1034 -0.043005
1035 -0.074283
1036 0.009102
1037 0.200690
1038 0.201504
1039 0.178235
1040 -0.218732
1041 -0.070712
1042 -0.066523
1043 0.291397
1044 0.162391
1045 0.271007
1046 0.280295
1047 -0.113377
1048 0.102242
1049 0.149109
1050 0.042554
1051 0.030779
1052 -0.157826
1053 0.088601
1054 0.255617
1055 0.114865
1056 0.110903
1057 0.084590
1058 -0.117788
1059 0.137825
1060 -0.036712
1061 0.160172
1062 0.111879
1063 -0.284711
1064 0.072767
1065 0.146814
1066 0.257761
1067 0.133637
1068 -0.001732
1069 -0.258228
1070 0.177610
1071 0.098969
1072 -0.102466
1073 0.422967
1074 0.024009
1075 0.039243
1076 0.059653
1077 0.044974
1078 -0.151333
1079 -0.114888
1080 0.168346
1081 0.190290
1082 0.272352
1083 0.049894
1084 0.166711
1085 -0.285424
1086 0.309176
1087 -0.249693
1088 -0.174480
1089 -0.223835
1090 0.009723
1091 0.034985
1092 0.066026
1093 0.073533
1094 0.129899
1095 -0.106068
1096 0.175413
1097 -0.119161
1098 0.278127
1099 0.043280
1100 -0.077493
1101 0.412383
1102 0.145935
1103 0.333341
1104 0.079767
1105 -0.187015
1106 -0.260008
1107 0.023879
1108 -0.059847
1109 -0.056546
1110 -0.258241
1111 0.073314
1112 0.452487
1113 0.235128
1114 0.074244
1115 0.163090
1116 0.174394
1117 -0.175267
1118 0.251989
1119 0.065321
1120 -0.010225
1121 -0.058123
1122 0.280057
1123 0.158091
1124 -0.012592
1125 -0.185254
1126 0.181412
1127 0.110560
1128 0.298958
1129 -0.186009
1130 -0.033257
1131 0.203539
1132 0.100995
1133 0.132145
1134 -0.067888
1135 0.250065
1136 0.185400
1137 -0.020520
1138 0.224902
1139 -0.068652
1140 -0.076423
1141 -0.108816
1142 -0.113251
1143 -0.044373
1144 -0.187835
1145 -0.038307
1146 -0.221757
1147 0.269735
1148 -0.148384
1149 0.137995
1150 0.106735
1151 0.145131
1152 0.155991
1153 -0.164148
1154 -0.066181
1155 0.286162
1156 -0.026502
1157 0.203750
1158 0.415063
1159 0.078870
1160 -0.050184
1161 -0.199816
1162 -0.224842
1163 0.160166
1164 0.076122
1165 -0.271604
1166 -0.257210
1167 -0.217148
1168 0.350629
1169 -0.269850
1170 -0.041372
1171 0.034130
1172 0.135573
1173 -0.213777
1174 -0.039064
1175 -0.041206
1176 0.237647
1177 -0.083271
1178 -0.103583
1179 -0.086903
1180 0.048578
1181 0.195029
1182 -0.112003
1183 -0.183031
1184 -0.051028
1185 0.343251
1186 -0.058680
1187 -0.029192
1188 0.334647
1189 0.102474
1190 0.005831
1191 -0.195856
1192 0.179668
1193 0.160543
1194 0.253893
1195 0.067918
1196 0.075246
1197 0.119747
1198 -0.186207
1199 0.395666
1200 0.066227
1201 0.042519
1202 0.018501
1203 0.195462
1204 0.064810
1205 -0.221353
1206 0.202414
1207 -0.075771
1208 -0.280630
1209 0.111635
1210 0.181888
1211 -0.031231
1212 -0.005712
1213 -0.057682
1214 0.131036
1215 0.006816
0 -0.053093
1 -0.154757
2 0.016329
3 0.043368
4 0.131077
5 -0.138763
6 0.172514
7 -0.070143
8 0.024029
9 0.078718
10 0.194834
11 -0.214284
12 0.157495
13 0.085995
14 0.143865
15 -0.193621
16 -0.100906
17 0.238130
18 -0.146358
19 -0.256499
20 0.059813
21 0.016048
22 -0.013587
23 -0.042724
24 0.070266
25 0.199953
26 -0.008153
27 0.388176
28 0.130586
29 -0.011442
30 -0.003164
31 0.247100
32 0.174140
33 0.278709
34 -0.044308
35 0.081180
36 0.089404
37 0.055368
38 0.110233
39 0.187537
40 0.184052
41 -0.224752
42 -0.041269
43 -0.136361
44 0.285302
45 -0.207516
46 0.120813
47 0.342385
48 0.186422
49 -0.215592
50 0.139076
51 0.074359
52 0.045640
53 0.241159
54 -0.174627
55 0.003821
56 -0.152912
57 0.021559
58 -0.042352
59 0.049269
60 0.003584
61 -0.017167
62 0.152975
63 0.040048
64 0.012706
65 0.290604
66 -0.163727
67 -0.418423
68 -0.142310
69 -0.020246
70 0.075242
71 0.058801
72 -0.279255
73 0.071483
74 -0.243005
75 0.155145
76 -0.239231
77 -0.179645
78 0.072154
79 -0.179640
80 0.082374
81 0.209205
82 0.160142
83 0.128223
84 -0.234504
85 -0.003713
86 0.271996
87 0.255168
88 -0.161323
89 0.095134
90 -0.247191
91 -0.071848
92 0.082082
93 -0.250299
94 0.111507
95 -0.227558
96 0.095062
97 -0.037282
98 0.199939
99 0.134313
100 0.092431
101 0.149661
102 -0.210566
103 -0.128247
104 0.097231
105 -0.028473
106 -0.137826
107 0.281606
108 -0.068577
109 0.201834
110 0.046472
111 0.100954
112 -0.022606
113 0.363047
114 0.151096
115 0.181105
116 -0.157852
117 -0.162270
118 -0.195702
119 0.015884
120 -0.122832
121 0.263559
122 -0.060187
123 0.166297
124 -0.108426
125 0.132711
126 -0.023520
127 0.037162
128 -0.209824
129 0.157021
130 -0.005176
131 -0.171533
132 -0.156620
133 0.138517
134 0.005607
135 -0.130492
136 0.172290
137 0.402664
138 0.326541
139 0.238255
140 0.001207
141 0.108100
142 0.136553
143 0.012654
144 0.280968
145 0.028605
146 0.206604
147 -0.016127
148 -0.092234
149 -0.263162
150 -0.082775
151 -0.163132
152 0.019034
153 -0.150653
154 -0.061578
155 -0.236694
156 0.150634
157 0.179401
158 -0.012080
159 0.092839
160 0.239278
161 -0.044415
162 0.034800
163 -0.064359
164 0.035744
165 -0.062445
166 0.109477
167 -0.109169
168 -0.072342
169 0.226694
170 0.288096
171 0.035833
172 -0.045743
173 0.057619
174 0.020309
175 -0.047464
176 -0.034586
177 -0.057746
178 -0.162807
179 -0.070719
180 -0.111038
181 -0.126640
182 -0.360111
183 0.158594
184 -0.143761
185 -0.405039
186 -0.364460
187 -0.210969
188 -0.238940
189 -0.220440
190 0.081199
191 0.013084
192 -0.215111
193 0.056558
194 0.050968
195 -0.028070
196 -0.135345
197 -0.007022
198 0.126984
199 0.014635
200 0.002386
201 0.158731
202 -0.049360
203 -0.208352
204 0.152400
205 0.035032
206 0.247850
207 0.106456
208 0.052470
209 0.175955
210 0.163347
211 0.003483
212 -0.101289
213 0.057713
214 -0.057870
215 0.167007
216 0.132227
217 0.165335
218 -0.249487
219 0.250809
220 0.001746
221 0.122138
222 0.013213
223 0.093905
224 -0.065062
225 0.090463
226 -0.033814
227 0.180571
228 0.087048
229 0.170657
230 -0.236481
231 0.092972
232 0.028151
233 0.127946
234 -0.058997
235 0.147398
236 0.030283
237 -0.094855
238 -0.038428
239 0.103181
240 0.133678
241 0.076133
242 -0.184282
243 0.057442
244 0.061174
245 0.079939
246 -0.302070
247 0.091558
248 -0.021244
249 0.074534
250 -0.144534
251 0.011056
252 -0.074582
253 0.002058
254 0.075750
255 -0.033009
256 0.042461
257 0.118321
258 0.170192
259 -0.039847
260 0.070102
261 0.049705
262 0.051248
263 0.170084
264 0.034660
265 0.106597
266 0.060846
267 0.193760
268 0.146727
269 0.022682
270 0.034153
271 0.034596
272 0.033378
273 0.012531
274 0.094196
275 0.122530
276 0.112545
277 -0.051615
278 0.099440
279 0.160057
280 0.117057
281 0.116492
282 -0.045261
283 0.047946
284 0.016421
285 0.143324
286 -0.122135
287 -0.002107
288 0.113233
289 0.123100
290 -0.057876
291 0.066807
292 0.044197
293 0.087671
294 0.089543
295 0.008151
296 0.113696
297 0.008059
298 0.012907
299 0.024359
300 0.145887
301 0.121531
302 0.047444
303 -0.007801
304 0.019765
305 0.068972
306 0.064836
307 0.047188
308 0.080975
309 0.043012
310 0.019676
311 0.013255
312 0.014284
313 0.141154
314 0.078785
315 0.055950
316 0.028886
317 0.017309
318 0.090187
319 0.060519
320 0.050836
321 0.118487
322 0.064482
323 -0.080892
324 -0.028375
325 0.155379
326 0.108489
327 0.040727
328 -0.034702
329 -0.013341
330 0.142345
331 0.191086
332 0.161379
333 0.069181
334 0.088000
335 0.037053
336 -0.158375
337 0.002137
338 0.081886
339 0.131653
340 -0.300679
341 0.023039
342 0.063315
343 0.135637
344 -0.115466
345 0.072636
346 0.172036
347 0.156957
348 -0.131648
349 -0.059290
350 0.119004
351 -0.095914
352 0.102460
353 0.057590
354 0.083878
355 -0.026191
356 0.077981
357 0.054878
358 0.089178
359 0.060996
360 -0.035700
361 0.001467
362 0.010978
363 0.093457
364 -0.303851
365 0.012942
366 0.097900
367 -0.121334
368 -0.531908
369 0.026945
370 0.045668
371 -0.104902
372 -0.042869
373 0.114220
374 0.019229
375 0.046060
376 -0.373146
377 -0.055528
378 -0.099106
379 0.009093
380 -0.223593
381 -0.092742
382 0.169106
383 0.065200
384 0.040238
385 -0.168714
386 0.058430
387 0.113814
388 0.029274
389 -0.245517
390 0.083726
391 0.065411
392 -0.000491
393 -0.235060
394 -0.010112
395 0.008175
396 -0.029472
397 0.031871
398 -0.232848
399 0.061838
400 0.038068
401 0.002065
402 -0.369430
403 -0.171746
404 0.097615
405 0.044166
406 0.070018
407 -0.348333
408 0.074997
409 0.089161
410 0.018942
411 -0.204061
412 -0.003588
413 0.043650
414 0.008886
415 -0.071917
416 -0.131026
417 0.076547
418 0.012131
419 0.053192
420 -0.290552
421 0.091797
422 0.087831
423 0.030528
424 -0.362761
425 0.161165
426 0.221196
427 0.032616
428 0.147007
429 -0.332602
430 -0.020809
431 0.125197
432 0.037980
433 -0.099312
434 0.030845
435 0.262305
436 0.048195
437 -0.046457
438 -0.161731
439 0.145553
440 0.095804
441 0.041678
442 -0.128991
443 -0.124216
444 0.092008
445 0.096538
446 0.096697
447 -0.271183
448 0.180625
449 0.134662
450 0.009101
451 -0.061335
452 -0.117958
453 -0.256877
454 0.077133
455 0.077421
456 -0.243325
457 -0.205225
458 -0.230265
459 0.055764
460 0.060851
461 -0.148773
462 -0.185066
463 -0.043077
464 0.021759
465 0.062772
466 -0.119970
467 0.119790
468 0.203931
469 0.088735
470 0.052727
471 -0.238229
472 0.117243
473 0.044586
474 0.116044
475 0.002464
476 -0.284298
477 0.123362
478 0.113373
479 -0.001248
480 -0.016741
481 0.077541
482 0.075402
483 0.083860
484 0.204898
485 0.041988
486 0.004355
487 -0.067806
488 0.038216
489 -0.126373
490 0.095647
491 -0.239789
492 0.015347
493 0.044552
494 -0.093346
495 0.035509
496 -0.049004
497 -0.016576
498 -0.015703
499 -0.001973
500 0.111662
501 -0.257688
502 -0.362080
503 0.052876
504 -0.071182
505 0.208962
506 0.057412
507 -0.173367
508 -0.113098
509 -0.004131
510 0.176014
511 0.140477
512 -0.129075
513 -0.103462
514 -0.129559
515 -0.221532
516 0.048282
517 -0.099283
518 0.289368
519 0.064066
520 -0.116793
521 0.035313
522 0.103803
523 -0.158658
524 -0.188566
525 -0.020029
526 -0.173133
527 0.029740
528 -0.072320
529 -0.280123
530 -0.119930
531 -0.214874
532 0.092271
533 0.145376
534 0.138133
535 -0.302124
536 -0.071552
537 0.019973
538 0.220714
539 0.327178
540 0.053729
541 -0.268075
542 0.125067
543 -0.122579
544 -0.188371
545 -0.197142
546 -0.278519
547 -0.211921
548 -0.219435
549 0.009920
550 -0.151427
551 -0.203942
552 0.163444
553 -0.139140
554 -0.057593
555 0.003900
556 -0.079037
557 -0.196434
558 -0.156310
559 -0.222557
560 0.124990
561 0.020147
562 -0.150976
563 -0.196781
564 -0.113064
565 -0.135559
566 0.043977
567 -0.086003
568 -0.138670
569 -0.170534
570 -0.195785
571 -0.254982
572 -0.002881
573 -0.062302
574 -0.101918
575 -0.105793
576 -0.139781
577 -0.229237
578 -0.249035
579 -0.184698
580 -0.205603
581 -0.265515
582 0.014929
583 -0.082152
584 -0.302494
585 -0.221443
586 -0.097664
587 0.142236
588 -0.190322
589 -0.039348
590 -0.193859
591 -0.153688
592 -0.183878
593 -0.173575
594 -0.088043
595 -0.109889
596 0.057869
597 -0.306279
598 -0.123609
599 -0.340010
600 -0.008187
601 -0.179680
602 0.002050
603 -0.049181
604 -0.358726
605 -0.164757
606 -0.063268
607 -0.101332
608 -0.142705
609 -0.139476
610 -0.157251
611 -0.272239
612 -0.069070
613 -0.084931
614 -0.100116
615 -0.166505
616 0.014832
617 -0.111603
618 -0.272356
619 -0.051509
620 -0.152082
621 -0.087995
622 -0.186200
623 0.023587
624 -0.036694
625 -0.160075
626 -0.205580
627 -0.208732
628 -0.143019
629 0.110889
630 0.048078
631 -0.085709
632 -0.232112
633 -0.214202
634 -0.097104
635 -0.143082
636 -0.113736
637 -0.069434
638 -0.015951
639 -0.202305
640 0.088337
641 -0.026038
642 -0.201514
643 -0.154812
644 -0.169681
645 -0.136617
646 -0.260322
647 0.092974
648 -0.171439
649 -0.003390
650 -0.261279
651 -0.182960
652 0.227894
653 -0.387108
654 -0.087215
655 0.051690
656 -0.154020
657 -0.105146
658 -0.051480
659 -0.114497
660 -0.128751
661 -0.270703
662 -0.332526
663 -0.150033
664 -0.017524
665 -0.177488
666 -0.118126
667 -0.011797
668 0.236715
669 -0.001636
670 -0.047219
671 0.189087
672 -0.191027
673 -0.164125
674 -0.031022
675 0.061054
676 -0.026380
677 0.060655
678 -0.056063
679 0.185251
680 0.016517
681 0.125777
682 0.271786
683 -0.324218
684 -0.143779
685 -0.071175
686 0.113730
687 -0.126819
688 0.336227
689 -0.186978
690 -0.128933
691 0.111254
692 0.035686
693 -0.100083
694 -0.245213
695 0.052087
696 0.287689
697 0.184244
698 0.040077
699 -0.184715
700 -0.253986
701 -0.204108
702 0.276069
703 -0.264506
704 -0.123639
705 -0.110327
706 -0.075991
707 0.222894
708 0.142019
709 -0.228975
710 -0.094959
711 0.142114
712 0.183906
713 0.213016
714 -0.174879
715 0.046771
716 -0.034715
717 -0.146122
718 0.225721
719 0.039672
720 0.101925
721 -0.028167
722 -0.003723
723 -0.026001
724 0.274532
725 -0.297022
726 0.040682
727 0.148892
728 -0.024407
729 0.102558
730 -0.125902
731 -0.096667
732 0.252566
733 -0.223991
734 0.240697
735 -0.055228
736 -0.062231
737 0.111192
738 -0.263572
739 -0.069633
740 0.022256
741 0.091738
742 0.021808
743 0.019625
744 -0.219140
745 0.209974
746 -0.260943
747 0.084462
748 -0.395411
749 0.158923
750 -0.270388
751 -0.025966
752 0.115461
753 -0.115064
754 -0.165643
755 -0.167721
756 0.117415
757 0.269496
758 0.083915
759 0.306689
760 0.117995
761 0.165883
762 -0.110723
763 0.193265
764 0.028182
765 0.105112
766 -0.184236
767 0.182268
768 -0.032150
769 -0.402368
770 0.019161
771 -0.107537
772 0.070272
773 0.312673
774 0.306904
775 0.121252
776 0.360491
777 -0.026021
778 -0.103265
779 0.208926
780 -0.090984
781 0.227237
782 0.456683
783 -0.184365
784 0.083177
785 0.019525
786 0.052462
787 0.172147
788 0.150020
789 -0.092120
790 0.236809
791 0.122295
792 0.296280
793 0.169564
794 0.226724
795 -0.194884
796 0.242847
797 0.157491
798 -0.044500
799 0.245958
800 -0.022401
801 0.128218
802 0.253586
803 0.025087
804 0.319428
805 0.217079
806 0.186410
807 -0.210699
808 0.223962
809 0.117216
810 -0.063441
811 0.122301
812 0.197710
813 -0.044486
814 0.122680
815 0.306706
816 -0.014743
817 0.200716
818 -0.188693
819 0.144840
820 0.320351
821 -0.329755
822 -0.034545
823 -0.205381
824 -0.020166
825 0.162037
826 0.194982
827 0.065301
828 0.060107
829 0.114590
830 0.021205
831 0.289309
832 0.078965
833 0.067985
834 0.081031
835 0.171917
836 -0.269917
837 0.008141
838 0.022820
839 0.008275
840 0.117500
841 -0.026744
842 -0.106680
843 0.126859
844 0.181991
845 -0.253545
846 0.271648
847 -0.113764
848 0.113521
849 0.269006
850 -0.021637
851 -0.176573
852 0.168162
853 -0.002410
854 0.111361
855 0.065092
856 -0.060560
857 0.076367
858 -0.065555
859 0.221128
860 -0.008724
861 0.231585
862 0.045115
863 -0.082546
864 -0.183551
865 -0.270945
866 0.179470
867 -0.000554
868 0.303032
869 -0.120759
870 -0.264992
871 0.198347
872 -0.269817
873 -0.213240
874 0.291683
875 0.066624
876 -0.025292
877 -0.145270
878 -0.192732
879 -0.152430
880 -0.229824
881 -0.040511
882 0.307382
883 -0.164448
884 0.092096
885 0.319293
886 0.057805
887 0.280747
888 -0.131873
889 -0.078486
890 0.199496
891 0.263487
892 0.163468
893 -0.023612
894 0.031160
895 -0.062261
896 -0.056789
897 0.423239
898 0.091773
899 -0.145654
900 0.256648
901 -0.173255
902 -0.221089
903 0.027582
904 -0.016613
905 -0.063052
906 -0.056728
907 -0.092617
908 0.143425
909 -0.157824
910 0.167970
911 0.056863
912 0.109970
913 -0.251818
914 -0.143044
915 -0.018858
916 0.052638
917 -0.104501
918 -0.003935
919 0.274548
920 -0.241729
921 0.007158
922 0.223408
923 0.040510
924 0.124865
925 0.182968
926 0.165923
927 -0.152458
928 -0.036348
929 0.117349
930 -0.236437
931 -0.107129
932 -0.052011
933 0.005875
934 0.298316
935 0.200341
936 -0.003138
937 -0.138328
938 -0.227311
939 -0.018438
940 0.246342
941 0.058184
942 -0.367851
943 -0.060987
944 0.113319
945 0.334029
946 0.075776
947 0.069354
948 0.272810
949 0.235963
950 -0.034320
951 0.060665
952 0.146730
953 0.287618
954 0.189651
955 0.288853
956 0.137215
957 -0.207313
958 0.012330
959 0.056678
960 -0.053564
961 -0.059549
962 0.338142
963 0.334044
964 0.134428
965 0.068147
966 0.063922
967 -0.333875
968 0.309349
969 0.026255
970 -0.083327
971 -0.112043
972 0.139008
973 0.113789
974 -0.020817
975 -0.187268
976 0.177347
977 0.356193
978 0.350565
979 0.011830
980 -0.053687
981 0.285818
982 0.278994
983 0.134216
984 0.243830
985 -0.046030
986 -0.012412
987 -0.185549
988 0.239010
989 0.103331
990 -0.257966
991 0.186069
992 -0.065578
993 0.372129
994 0.000490
995 -0.283655
996 -0.375378
997 0.066333
998 -0.061555
999 -0.075301
1000 0.007113
1001 0.017539
1002 -0.170361
1003 0.075996
1004 0.164526
1005 0.310552
1006 0.175115
1007 0.170726
1008 0.418089
1009 -0.059832
1010 -0.029645
1011 -0.105896
1012 0.049249
1013 -0.018608
1014 -0.010966
1015 0.148729
1016 0.223086
1017 0.046589
1018 0.337824
1019 0.418258
1020 -0.132001
1021 0.303255
1022 -0.242266
1023 0.137749
1024 0.239741
1025 -0.054774
1026 0.015690
1027 0.252260
1028 -0.067325
1029 -0.204549
1030 0.041927
1031 0.022064
1032 0.263482
1033 0.131950
1034 -0.043005
1035 -0.074283
1036 0.009102
1037 0.200690
1038 0.201504
1039 0.178235
1040 -0.218732
1041 -0.070712
1042 -0.066523
1043 0.291397
1044 0.162391
1045 0.271007
1046 0.280295
1047 -0.113377
1048 0.102242
1049 0.149109
1050 0.042554
1051 0.030779
1052 -0.157826
1053 0.088601
1054 0.255617
1055 0.114865
1056 0.110903
1057 0.084590
1058 -0.117788
1059 0.137825
1060 -0.036712
1061 0.160172
1062 0.111879
1063 -0.284711
1064 0.072767
1065 0.146814
1066 0.257761
1067 0.133637
1068 -0.001732
1069 -0.258228
1070 0.177610
1071 0.098969
1072 -0.102466
1073 0.422967
1074 0.024009
1075 0.039243
1076 0.059653
1077 0.044974
1078 -0.151333
1079 -0.114888
1080 0.168346
1081 0.190290
1082 0.272352
1083 0.049894
1084 0.166711
1085 -0.285424
1086 0.309176
1087 -0.249693
1088 -0.174480
1089 -0.223835
1090 0.009723
1091 0.034985
1092 0.066026
1093 0.073533
1094 0.129899
1095 -0.106068
1096 0.175413
1097 -0.119161
1098 0.278127
1099 0.043280
1100 -0.077493
1101 0.412383
1102 0.145935
1103 0.333341
1104 0.079767
1105 -0.187015
1106 -0.260008
1107 0.023879
1108 -0.059847
1109 -0.056546
1110 -0.258241
1111 0.073314
1112 0.452487
1113 0.235128
1114 0.074244
1115 0.163090
1116 0.174394
1117 -0.175267
1118 0.251989
1119 0.065321
1120 -0.010225
1121 -0.058123
1122 0.280057
1123 0.158091
1124 -0.012592
1125 -0.185254
1126 0.181412
1127 0.110560
1128 0.298958
1129 -0.186009
1130 -0.033257
1131 0.203539
1132 0.100995
1133 0.132145
1134 -0.067888
1135 0.250065
1136 0.185400
1137 -0.020520
1138 0.224902
1139 -0.068652
1140 -0.076423
1141 -0.108816
1142 -0.113251
1143 -0.044373
1144 -0.187835
1145 -0.038307
1146 -0.221757
1147 0.269735
1148 -0.148384
1149 0.137995
1150 0.106735
1151 0.145131
1152 0.155991
1153 -0.164148
1154 -0.066181
1155 0.286162
1156 -0.026502
1157 0.203750
1158 0.415063
1159 0.078870
1160 -0.050184
1161 -0.199816
1162 -0.224842
1163 0.160166
1164 0.076122
1165 -0.271604
1166 -0.257210
1167 -0.217148
1168 0.350629
1169 -0.269850
1170 -0.041372
1171 0.034130
1172 0.135573
1173 -0.213777
1174 -0.039064
1175 -0.041206
1176 0.237647
1177 -0.083271
1178 -0.103583
1179 -0.086903
1180 0.048578
1181 0.195029
1182 -0.112003
1183 -0.183031
1184 -0.051028
1185 0.343251
1186 -0.058680
1187 -0.029192
1188 0.334647
1189 0.102474
1190 0.005831
1191 -0.195856
1192 0.179668
1193 0.160543
1194 0.253893
1195 0.067918
1196 0.075246
1197 0.119747
1198 -0.186207
1199 0.395666
1200 0.066227
1201 0.042519
1202 0.018501
1203 0.195462
1204 0.064810
1205 -0.221353
1206 0.202414
1207 -0.075771
1208 -0.280630
1209 0.111635
1210 0.181888
1211 -0.031231
1212 -0.005712
1213 -0.057682
1214 0.131036
1215 0.006816
0 -0.053093
1 -0.528963
2 -0.164136
3 -0.011298
4 0.336559
5 0.079619
6 -0.149979
7 -0.315113
8 0.395125
9 -0.016340
10 -0.103785
11 0.202742
12 0.423050
13 0.017323
14 0.093001
15 0.007782
16 -0.043086
17 0.094582
18 0.409905
19 0.039172
20 0.076322
21 0.298917
22 0.296094
23 0.216996
24 -0.032491
25 0.099117
26 0.175867
27 0.174964
28 0.048379
29 0.206832
30 -0.093757
31 0.233591
32 0.046360
33 0.106427
34 -0.028710
35 0.179180
36 -0.074750
37 0.188788
38 0.161207
39 0.262722
40 0.079275
41 0.245822
42 0.011122
43 -0.216674
44 -0.047656
45 0.007988
46 -0.155496
47 0.209254
48 0.237846
49 0.047423
50 0.046368
51 0.119493
52 0.039456
53 0.370343
54 -0.045403
55 0.030354
56 -0.027140
57 0.094353
58 0.041581
59 0.173710
60 -0.016718
61 -0.310882
62 -0.040135
63 0.209984
64 -0.292151
65 -0.007774
66 0.246782
67 0.100623
68 -0.039822
69 -0.223265
70 -0.082351
71 0.090650
72 0.049514
73 0.149729
74 0.117881
75 -0.129051
76 0.127199
77 0.351128
78 0.204356
79 -0.055389
80 -0.006298
81 -0.071151
82 0.011866
83 -0.094149
84 -0.038819
85 -0.311634
86 0.084632
87 0.151302
88 -0.236113
89 -0.133933
90 -0.115422
91 0.019262
92 0.107599
93 0.248506
94 0.289313
95 -0.008648
96 -0.132145
97 0.173235
98 0.112988
99 0.130677
100 0.041589
101 0.043443
102 -0.344672
103 0.150416
104 -0.241242
105 0.129855
106 0.022807
107 -0.143146
108 0.209241
109 0.218932
110 0.205177
111 0.154349
112 0.066208
113 0.031114
114 0.336086
115 0.129844
116 0.171847
117 -0.085061
118 -0.012546
119 0.022569
120 -0.108486
121 -0.139834
122 -0.003891
123 -0.210196
124 -0.204329
125 0.188948
126 0.221938
127 0.039883
128 -0.201574
129 -0.101780
130 0.016460
131 0.087081
132 0.315303
133 0.236750
134 0.017632
135 0.281682
136 0.230059
137 0.017650
138 -0.090512
139 0.149752
140 0.270318
141 0.116433
142 0.222386
143 0.097153
144 -0.218865
145 0.181444
146 -0.189826
147 0.065729
148 -0.008920
149 -0.018966
150 0.246872
151 0.359894
152 -0.078175
153 0.066391
154 -0.024154
155 0.124602
156 0.098468
157 -0.269772
158 -0.073992
159 0.130987
160 -0.027080
161 0.049892
162 -0.126528
163 -0.033902
164 -0.005984
165 -0.049986
166 0.199746
167 -0.222297
168 -0.062317
169 -0.075197
170 0.182870
171 0.089378
172 -0.099647
173 0.126236
174 0.029171
175 0.198197
176 0.023152
177 0.174426
178 0.131715
179 -0.009959
180 -0.076204
181 -0.109888
182 -0.001250
183 0.186498
184 0.404107
185 0.042528
186 0.141484
187 -0.025158
188 0.107933
189 -0.197745
190 0.076364
191 0.201124
192 -0.112486
193 -0.153964
194 -0.004115
195 0.109263
196 0.339794
197 -0.119057
198 -0.035767
199 0.082106
200 -0.013055
201 -0.137169
202 0.210670
203 -0.021301
204 -0.106321
205 -0.277953
206 0.194183
207 0.153848
208 -0.035177
209 0.042337
210 0.116115
211 -0.085869
212 0.153627
213 0.194860
214 0.064833
215 -0.062016
216 -0.045706
217 0.312670
218 0.109910
219 0.375126
220 0.249176
221 0.020510
222 0.252176
223 -0.024944
224 0.063068
225 0.025787
226 0.001747
227 -0.021830
228 -0.366906
229 0.139929
230 0.228376
231 -0.033860
232 -0.193361
233 -0.173193
234 -0.096979
235 0.132831
236 -0.214449
237 -0.080592
238 0.003568
239 -0.029425
240 -0.193923
241 0.078783
242 -0.158688
243 -0.208858
244 0.090881
245 -0.232712
246 -0.287929
247 0.038719
248 -0.089944
249 -0.201034
250 0.038971
251 0.104663
252 -0.032298
253 -0.180938
254 -0.180121
255 -0.067455
256 -0.237017
257 -0.268101
258 -0.221472
259 -0.037138
260 -0.242144
261 -0.189179
262 -0.267105
263 -0.306400
264 0.003840
265 -0.013822
266 -0.029751
267 -0.022251
268 -0.112276
269 -0.031348
270 -0.266833
271 -0.323094
272 -0.065487
273 -0.212171
274 -0.300873
275 -0.187740
276 -0.106323
277 -0.361506
278 -0.133653
279 -0.284756
280 0.082838
281 -0.257473
282 -0.159317
283 -0.223996
284 0.072427
285 0.210595
286 -0.026557
287 -0.247099
288 -0.137413
289 0.000314
290 -0.391877
291 -0.291057
292 -0.182778
293 -0.105646
294 -0.322999
295 -0.008990
296 -0.249228
297 -0.279878
298 0.054247
299 0.106044
300 -0.317272
301 -0.309517
302 0.070812
303 -0.305578
304 -0.015021
305 -0.412450
306 -0.320456
307 -0.340215
308 -0.020690
309 -0.137439
310 -0.159109
311 -0.145560
312 -0.143963
313 0.037523
314 -0.218789
315 -0.022454
316 -0.346253
317 -0.224141
318 -0.312371
319 -0.225917
320 -0.149376
321 -0.300499
322 -0.269684
323 -0.182356
324 -0.157246
325 -0.402032
326 -0.029173
327 -0.199476
328 -0.059768
329 -0.157966
330 -0.052301
331 -0.139443
332 -0.012721
333 0.113145
334 -0.337735
335 -0.054348
336 -0.059587
337 -0.163720
338 -0.260654
339 -0.184290
340 -0.062333
341 0.070322
342 -0.153160
343 -0.303947
344 -0.010323
345 0.078605
346 -0.169195
347 0.020667
348 -0.133283
349 -0.214295
350 -0.123608
351 -0.187622
352 -0.309394
353 -0.151538
354 -0.134741
355 -0.084500
356 -0.159736
357 -0.279929
358 -0.159765
359 -0.321064
360 -0.159186
361 -0.261962
362 -0.308019
363 -0.242776
364 -0.275358
365 -0.171205
366 -0.265639
367 -0.289854
368 -0.279244
369 -0.126804
370 -0.106524
371 -0.108568
372 -0.033756
373 -0.194553
374 -0.066805
375 -0.411531
376 -0.342017
377 -0.082815
378 -0.027444
379 -0.035649
380 -0.061683
381 -0.124866
382 -0.196545
383 -0.146987
384 -0.186651
385 -0.140194
386 -0.196897
387 -0.073308
388 -0.195607
389 -0.125339
390 -0.211187
391 -0.299193
392 -0.244310
393 -0.248365
394 -0.172032
395 -0.154977
396 -0.217043
397 -0.156774
398 -0.259107
399 -0.095663
400 -0.067270
401 -0.121704
402 0.049286
403 -0.146317
404 -0.008286
405 -0.104184
406 -0.341926
407 -0.125406
408 -0.191951
409 -0.201688
410 -0.153223
411 -0.247419
412 -0.198310
413 -0.155356
414 -0.036960
415 -0.071230
416 -0.156240
417 -0.197987
418 -0.094500
419 -0.200222
420 -0.287184
421 -0.224203
422 -0.195445
423 -0.232322
424 -0.313519
425 -0.071416
426 -0.347909
427 -0.386480
428 -0.252176
429 -0.232770
430 -0.076458
431 -0.259104
432 -0.185217
433 -0.219911
434 -0.269722
435 -0.114885
436 -0.133071
437 -0.212441
438 -0.260657
439 0.058919
440 -0.140404
441 -0.115448
442 -0.126276
443 -0.255926
444 -0.284605
445 -0.088187
446 -0.200405
447 -0.133731
448 -0.420098
449 -0.251790
450 -0.272851
451 -0.013874
452 -0.021158
453 -0.115445
454 -0.086337
455 -0.002285
456 -0.343141
457 0.024160
458 -0.270748
459 -0.272800
460 -0.112205
461 -0.111898
462 -0.233951
463 -0.126945
464 -0.101354
465 -0.017609
466 -0.334575
467 -0.180931
468 -0.217419
469 0.027308
470 -0.113689
471 -0.112912
472 -0.004432
473 -0.222499
474 -0.107816
475 -0.012111
476 -0.130183
477 -0.125385
478 -0.053963
479 0.138493
480 -0.325335
481 0.025380
482 0.012826
483 0.138672
484 -0.049677
485 -0.176193
486 -0.093442
487 -0.161429
488 -0.126494
489 -0.159472
490 -0.132472
491 0.022889
492 -0.298463
493 -0.080466
494 -0.041182
495 -0.407159
496 -0.000599
497 -0.090225
498 -0.150712
499 -0.264563
500 -0.282662
501 -0.163158
502 -0.055757
503 -0.235707
504 0.091018
505 -0.188947
506 -0.123677
507 -0.306072
508 -0.115574
509 -0.172270
510 -0.319080
511 -0.140635
512 -0.161782
513 -0.260725
514 -0.234631
515 -0.224940
516 -0.092243
517 -0.281337
518 -0.123474
519 -0.137894
520 -0.173398
521 -0.118196
522 -0.006908
523 -0.198420
524 -0.099518
525 -0.115522
526 0.055415
527 -0.207655
528 -0.155546
529 -0.171556
530 -0.211894
531 -0.260624
532 -0.218052
533 -0.136222
534 -0.244769
535 -0.147274
536 -0.199127
537 -0.259780
538 -0.096382
539 0.304667
540 0.278271
541 0.193166
542 -0.139971
543 -0.195334
544 0.054720
545 0.004245
546 -0.120828
547 -0.101644
548 -0.193506
549 -0.186091
550 -0.306528
551 -0.214935
552 -0.094516
553 -0.242128
554 0.060155
555 0.185340
556 -0.226645
557 0.070053
558 -0.009668
559 -0.078354
560 -0.041639
561 -0.121061
562 -0.033001
563 0.103466
564 -0.134627
565 -0.055626
566 0.015916
567 -0.100119
568 0.142681
569 0.052441
570 -0.153027
571 -0.150228
572 -0.116088
573 -0.061404
574 -0.111299
575 0.024818
576 -0.118331
577 -0.021136
578 -0.102113
579 0.065703
580 0.066753
581 0.072569
582 0.167022
583 -0.037168
584 0.185270
585 -0.033309
586 -0.058037
587 -0.125119
588 0.018728
589 -0.192258
590 -0.092411
591 -0.089764
592 0.306715
593 0.184493
594 0.002882
595 -0.030641
596 0.090016
597 0.112549
598 0.043147
599 0.268210
600 0.067454
601 -0.300992
602 -0.209507
603 -0.075228
604 -0.352185
605 0.085745
606 0.164554
607 0.075785
608 -0.082563
609 0.002966
610 0.219842
611 -0.088880
612 0.107682
613 -0.161492
614 0.148181
615 0.224822
616 0.213659
617 0.015211
618 -0.426635
619 -0.033788
620 -0.086521
621 0.097621
622 0.015187
623 -0.035553
624 -0.044917
625 0.137487
626 -0.045440
627 -0.051528
628 0.185007
629 -0.174627
630 0.195858
631 0.167283
632 0.020544
633 -0.205898
634 -0.013082
635 -0.108489
636 0.093877
637 0.058662
638 -0.207270
639 0.062402
640 0.239244
641 -0.109935
642 0.263631
643 0.394603
644 -0.062910
645 0.433837
646 -0.077104
647 0.023705
648 0.209548
649 -0.138116
650 0.085963
651 0.219126
652 0.181616
653 0.460085
654 -0.158902
655 0.276217
656 -0.213612
657 0.090999
658 0.168191
659 0.103926
660 0.039013
661 -0.188110
662 -0.385394
663 0.085218
664 0.181656
665 0.247358
666 0.306422
667 -0.179014
668 0.083290
669 0.183529
670 -0.155224
671 0.081598
672 -0.075660
673 0.381346
674 0.049814
675 0.222158
676 -0.098128
677 -0.008579
678 -0.195687
679 -0.003808
680 -0.023725
681 -0.474821
682 -0.084864
683 0.180817
684 -0.250778
685 -0.155481
686 -0.086182
687 0.110295
688 -0.277939
689 0.306803
690 0.125499
691 -0.180736
692 0.188947
693 0.187113
694 0.282567
695 -0.012135
696 0.099899
697 -0.061455
698 -0.137777
699 0.111423
700 0.053073
701 -0.355331
702 0.094139
703 0.126687
704 0.103642
705 -0.000959
706 0.065103
707 0.215364
708 0.198336
709 0.273343
710 0.092096
711 0.309762
712 0.060222
713 -0.450162
714 0.051471
715 -0.105188
716 -0.117194
717 -0.027280
718 0.146906
719 0.229914
720 0.093418
721 0.047389
722 -0.031870
723 -0.114945
724 0.181023
725 0.278089
726 0.050961
727 0.204795
728 0.065344
729 0.038269
730 -0.120254
731 0.130544
732 0.090385
733 -0.230257
734 -0.033824
735 -0.068134
736 0.289399
737 0.299330
738 0.371964
739 0.204963
740 0.241089
741 -0.240715
742 0.203956
743 -0.023072
744 0.175047
745 0.101645
746 0.116644
747 0.133715
748 0.204909
749 0.175726
750 -0.211750
751 -0.057867
752 0.395414
753 0.148007
754 0.015447
755 0.206245
756 -0.242173
757 -0.053765
758 0.369087
759 -0.153959
760 -0.056701
761 0.168797
762 0.126782
763 0.218099
764 -0.113338
765 -0.058085
766 -0.039580
767 -0.107921
768 -0.085941
769 0.166261
770 -0.145181
771 0.039584
772 0.195190
773 -0.096234
774 -0.074876
775 -0.154814
776 0.140206
777 0.366560
778 0.111976
779 0.048917
780 0.150729
781 0.470039
782 0.071460
783 0.179188
784 -0.038147
785 -0.209229
786 0.007372
787 -0.095685
788 0.263608
789 -0.025179
790 -0.204191
791 0.000320
792 0.057731
793 0.140415
794 -0.017509
795 -0.115124
796 0.201318
797 -0.090224
798 0.335222
799 -0.093727
800 -0.124292
801 -0.132444
802 -0.149045
803 0.032205
804 -0.005711
805 -0.145250
806 0.059792
807 0.207241
808 -0.024855
809 -0.072400
810 -0.289338
811 -0.139244
812 0.153332
813 0.037324
814 -0.177730
815 -0.218808
816 0.166047
817 0.198621
818 0.322742
819 0.135121
820 0.115622
821 -0.061278
822 0.163908
823 0.219827
824 0.009195
825 -0.054716
826 0.001579
827 -0.042262
828 0.101841
829 -0.124473
830 -0.106182
831 0.238967
832 0.074141
833 -0.045809
834 0.135424
835 0.105019
836 0.369203
837 0.118400
838 0.217436
839 0.153126
840 0.156902
841 -0.071461
842 -0.018739
843 0.087203
844 -0.165571
845 -0.125483
846 -0.068506
847 -0.059130
848 -0.156648
849 0.090517
850 -0.339422
851 0.039372
852 0.115299
853 0.256176
854 0.116124
855 0.099657
856 0.330095
857 -0.004989
858 0.150347
859 0.255777
860 0.108332
861 0.011212
862 0.120603
863 -0.172467
864 -0.186956
865 -0.109443
866 0.081506
867 -0.203168
868 -0.267011
869 0.167152
870 0.038514
871 -0.372569
872 -0.183246
873 -0.196174
874 -0.076421
875 -0.143744
876 -0.129391
877 0.138885
878 0.151058
879 -0.273047
880 0.231982
881 -0.096661
882 0.328322
883 -0.030284
884 0.072169
885 -0.028444
886 -0.087762
887 -0.261031
888 0.360275
889 -0.077620
890 -0.045214
891 -0.191793
892 -0.033279
893 -0.001561
894 -0.031957
895 0.190511
896 0.034505
897 -0.140492
898 0.264233
899 0.199017
900 0.184998
901 0.112151
902 0.127379
903 0.318957
904 0.004893
905 -0.018882
906 -0.013752
907 0.463310
908 -0.088211
909 -0.041097
910 -0.022872
911 0.059601
912 0.051798
913 0.064276
914 0.018861
915 0.068467
916 0.309537
917 -0.268755
918 0.312250
919 -0.060138
920 0.000111
921 -0.100874
922 -0.371117
923 0.056909
924 -0.099414
925 0.014399
926 -0.019185
927 0.028746
928 0.245128
929 0.010574
930 -0.346354
931 0.080056
932 0.155433
933 0.197367
934 -0.200047
935 -0.115131
936 -0.006335
937 0.081286
938 -0.085990
939 -0.139592
940 0.141921
941 -0.171294
942 -0.231465
943 -0.048130
944 0.068876
945 0.017175
946 -0.163034
947 0.085933
948 -0.087238
949 -0.234093
950 -0.088710
951 -0.158632
952 -0.166021
953 -0.000244
954 -0.103448
955 0.172599
956 -0.020927
957 0.439309
958 -0.096007
959 -0.121191
960 0.084777
961 -0.208622
962 0.207808
963 -0.359192
964 -0.124594
965 0.153367
966 0.064916
967 0.025568
968 -0.303016
969 -0.068010
970 0.119857
971 -0.053952
972 -0.157219
973 -0.066750
974 -0.340837
975 -0.149485
976 -0.148994
977 -0.149006
978 -0.262770
979 0.014373
980 0.039095
981 0.012361
982 0.185522
983 0.135007
984 -0.198715
985 -0.262395
986 -0.062759
987 -0.130839
988 0.178273
989 0.012512
990 -0.293048
991 -0.121224
992 0.253093
993 0.042644
994 -0.201505
995 -0.083746
996 -0.190224
997 0.027193
998 -0.113578
999 -0.405407
1000 -0.091570
1001 0.165816
1002 -0.420189
1003 -0.307769
1004 -0.020602
1005 0.450022
1006 -0.210780
1007 -0.217179
1008 -0.113405
1009 0.228269
1010 -0.137761
1011 -0.143061
1012 0.249816
1013 -0.048855
1014 0.346678
1015 0.267295
1016 -0.006144
1017 0.169025
1018 0.251783
1019 0.033763
1020 0.088527
1021 -0.191112
1022 0.152264
1023 -0.224906
1024 0.000268
1025 -0.154993
1026 -0.140729
1027 0.015691
1028 -0.146153
1029 -0.115876
1030 -0.049429
1031 0.063493
1032 0.144800
1033 0.060264
1034 -0.221568
1035 -0.137731
1036 0.271640
1037 -0.364922
1038 -0.132394
1039 0.258734
1040 0.068221
1041 -0.080832
1042 0.097151
1043 -0.105379
1044 0.200200
1045 -0.161567
1046 -0.052891
1047 -0.024287
1048 0.130808
1049 -0.077803
1050 -0.136888
1051 0.115859
1052 0.208679
1053 0.147751
1054 -0.114054
1055 0.053052
1056 -0.044490
1057 -0.011005
1058 -0.160490
1059 0.048306
1060 -0.335262
1061 -0.003761
1062 -0.348709
1063 0.168581
1064 0.037053
1065 0.167448
1066 -0.025100
1067 -0.398080
1068 0.042634
1069 -0.001681
1070 -0.245811
1071 0.049149
1072 0.138054
1073 0.126099
1074 -0.029542
1075 0.103229
1076 0.165683
1077 0.035675
1078 0.088712
1079 0.125245
1080 0.080709
1081 -0.039004
1082 0.313063
1083 0.004219
1084 0.217636
1085 -0.124437
1086 -0.197837
1087 -0.255827
1088 -0.056986
1089 0.183028
1090 -0.019126
1091 0.422188
1092 0.155166
1093 0.267586
1094 0.163676
1095 0.134395
1096 0.317464
1097 -0.209691
1098 -0.174064
1099 -0.002081
1100 0.085808
1101 0.086627
1102 -0.195768
1103 0.061457
1104 -0.089185
1105 -0.210394
1106 -0.124829
1107 -0.160389
1108 0.293434
1109 -0.086480
1110 -0.015840
1111 0.378606
1112 0.045596
1113 -0.114250
1114 0.058581
1115 -0.012410
1116 -0.223486
1117 0.007996
1118 -0.219636
1119 0.120538
1120 -0.009039
1121 0.211067
1122 -0.246475
1123 -0.088095
1124 0.034936
1125 0.016666
1126 0.013493
1127 0.049387
1128 -0.123261
1129 -0.007951
1130 0.001886
1131 0.246448
1132 -0.115697
1133 -0.064485
1134 -0.269825
1135 0.140776
1136 0.324767
1137 -0.075401
1138 -0.193717
1139 -0.234366
1140 -0.207929
1141 -0.242178
1142 -0.201745
1143 -0.132462
1144 -0.157643
1145 -0.134530
1146 -0.068834
1147 -0.082715
1148 -0.045230
1149 -0.236891
1150 0.147462
1151 0.142544
1152 -0.033141
1153 0.100120
1154 0.032857
1155 0.088111
1156 0.143090
1157 0.143716
1158 -0.074688
1159 0.133046
1160 0.168562
1161 -0.051911
1162 -0.004047
1163 -0.193035
1164 0.133410
1165 -0.062985
1166 0.139309
1167 0.006657
1168 -0.116000
1169 0.313622
1170 0.130370
1171 0.149023
1172 0.086188
1173 -0.176736
1174 0.047147
1175 0.029199
1176 -0.029563
1177 -0.148383
1178 0.107323
1179 0.159538
1180 -0.043397
1181 0.088734
1182 -0.159857
1183 -0.066040
1184 0.101075
1185 -0.206690
1186 0.311699
1187 0.182861
1188 0.097015
1189 0.121000
1190 0.304132
1191 -0.311836
1192 -0.070558
1193 -0.192899
1194 0.192953
1195 0.056905
1196 -0.155466
1197 0.106418
1198 -0.115746
1199 -0.043169
1200 0.006861
1201 0.108444
1202 0.010378
1203 -0.017654
1204 0.122658
1205 -0.158982
1206 -0.028608
1207 0.180340
1208 0.166044
1209 -0.097958
1210 0.100057
1211 0.315480
1212 0.031941
1213 0.106341
1214 -0.035795
1215 0.309506
1216 0.159433
1217 -0.136725
1218 0.167341
1219 -0.007656
1220 0.080835
1221 -0.040701
1222 0.111529
1223 -0.088888
0 -0.053093
1 -0.528963
2 -0.164136
3 -0.011298
4 0.336559
5 0.079619
6 -0.149979
7 -0.315113
8 0.395125
9 -0.016340
10 -0.103785
11 0.202742
12 0.423050
13 0.017323
14 0.093001
15 0.007782
16 -0.043086
17 0.094582
18 0.409905
19 0.039172
20 0.076322
21 0.298917
22 0.296094
23 0.216996
24 -0.032491
25 0.099117
26 0.175867
27 0.174964
28 0.048379
29 0.206832
30 -0.093757
31 0.233591
32 0.046360
33 0.106427
34 -0.028710
35 0.179180
36 -0.074750
37 0.188788
38 0.161207
39 0.262722
40 0.079275
41 0.245822
42 0.011122
43 -0.216674
44 -0.047656
45 0.007988
46 -0.155496
47 0.209254
48 0.237846
49 0.047423
50 0.046368
51 0.119493
52 0.039456
53 0.370343
54 -0.045403
55 0.030354
56 -0.027140
57 0.094353
58 0.041581
59 0.173710
60 -0.016718
61 -0.310882
62 -0.040135
63 0.209984
64 -0.292151
65 -0.007774
66 0.246782
67 0.100623
68 -0.039822
69 -0.223265
70 -0.082351
71 0.090650
72 0.049514
73 0.149729
74 0.117881
75 -0.129051
76 0.127199
77 0.351128
78 0.204356
79 -0.055389
80 -0.006298
81 -0.071151
82 0.011866
83 -0.094149
84 -0.038819
85 -0.311634
86 0.084632
87 0.151302
88 -0.236113
89 -0.133933
90 -0.115422
91 0.019262
92 0.107599
93 0.248506
94 0.289313
95 -0.008648
96 -0.132145
97 0.173235
98 0.112988
99 0.130677
100 0.041589
101 0.043443
102 -0.344672
103 0.150416
104 -0.241242
105 0.129855
106 0.022807
107 -0.143146
108 0.209241
109 0.218932
110 0.205177
111 0.154349
112 0.066208
113 0.031114
114 0.336086
115 0.129844
116 0.171847
117 -0.085061
118 -0.012546
119 0.022569
120 -0.108486
121 -0.139834
122 -0.003891
123 -0.210196
124 -0.204329
125 0.188948
126 0.221938
127 0.039883
128 -0.201574
129 -0.101780
130 0.016460
131 0.087081
132 0.315303
133 0.236750
134 0.017632
135 0.281682
136 0.230059
137 0.017650
138 -0.090512
139 0.149752
140 0.270318
141 0.116433
142 0.222386
143 0.097153
144 -0.218865
145 0.181444
146 -0.189826
147 0.065729
148 -0.008920
149 -0.018966
150 0.246872
151 0.359894
152 -0.078175
153 0.066391
154 -0.024154
155 0.124602
156 0.098468
157 -0.269772
158 -0.073992
159 0.130987
160 -0.027080
161 0.049892
162 -0.126528
163 -0.033902
164 -0.005984
165 -0.049986
166 0.199746
167 -0.222297
168 -0.062317
169 -0.075197
170 0.182870
171 0.089378
172 -0.099647
173 0.126236
174 0.029171
175 0.198197
176 0.023152
177 0.174426
178 0.131715
179 -0.009959
180 -0.076204
181 -0.109888
182 -0.001250
183 0.186498
184 0.404107
185 0.042528
186 0.141484
187 -0.025158
188 0.107933
189 -0.197745
190 0.076364
191 0.201124
192 -0.112486
193 -0.153964
194 -0.004115
195 0.109263
196 0.339794
197 -0.119057
198 -0.035767
199 0.082106
200 -0.013055
201 -0.137169
202 0.210670
203 -0.021301
204 -0.106321
205 -0.277953
206 0.194183
207 0.153848
208 -0.035177
209 0.042337
210 0.116115
211 -0.085869
212 0.153627
213 0.194860
214 0.064833
215 -0.062016
216 -0.045706
217 0.312670
218 0.109910
219 0.375126
220 0.249176
221 0.020510
222 0.252176
223 -0.024944
224 0.063068
225 0.025787
226 0.001747
227 -0.021830
228 -0.366906
229 0.139929
230 0.228376
231 -0.033860
232 -0.193361
233 -0.173193
234 -0.096979
235 0.132831
236 -0.214449
237 -0.080592
238 0.003568
239 -0.029425
240 -0.193923
241 0.078783
242 -0.158688
243 -0.208858
244 0.090881
245 -0.232712
246 -0.287929
247 0.038719
248 -0.089944
249 -0.201034
250 0.038971
251 0.104663
252 -0.032298
253 -0.180938
254 -0.180121
255 -0.067455
256 -0.237017
257 -0.268101
258 -0.221472
259 -0.037138
260 -0.242144
261 -0.189179
262 -0.267105
263 -0.306400
264 0.003840
265 -0.013822
266 -0.029751
267 -0.022251
268 -0.112276
269 -0.031348
270 -0.266833
271 -0.323094
272 -0.065487
273 -0.212171
274 -0.300873
275 -0.187740
276 -0.106323
277 -0.361506
278 -0.133653
279 -0.284756
280 0.082838
281 -0.257473
282 -0.159317
283 -0.223996
284 0.072427
285 0.210595
286 -0.026557
287 -0.247099
288 -0.137413
289 0.000314
290 -0.391877
291 -0.291057
292 -0.182778
293 -0.105646
294 -0.322999
295 -0.008990
296 -0.249228
297 -0.279878
298 0.054247
299 0.106044
300 -0.317272
301 -0.309517
302 0.070812
303 -0.305578
304 -0.015021
305 -0.412450
306 -0.320456
307 -0.340215
308 -0.020690
309 -0.137439
310 -0.159109
311 -0.145560
312 -0.143963
313 0.037523
314 -0.218789
315 -0.022454
316 -0.346253
317 -0.224141
318 -0.312371
319 -0.225917
320 -0.149376
321 -0.300499
322 -0.269684
323 -0.182356
324 -0.157246
325 -0.402032
326 -0.029173
327 -0.199476
328 -0.059768
329 -0.157966
330 -0.052301
331 -0.139443
332 -0.012721
333 0.113145
334 -0.337735
335 -0.054348
336 -0.059587
337 -0.163720
338 -0.260654
339 -0.184290
340 -0.062333
341 0.070322
342 -0.153160
343 -0.303947
344 -0.010323
345 0.078605
346 -0.169195
347 0.020667
348 -0.133283
349 -0.214295
350 -0.123608
351 -0.187622
352 -0.309394
353 -0.151538
354 -0.134741
355 -0.084500
356 -0.159736
357 -0.279929
358 -0.159765
359 -0.321064
360 -0.159186
361 -0.261962
362 -0.308019
363 -0.242776
364 -0.275358
365 -0.171205
366 -0.265639
367 -0.289854
368 -0.279244
369 -0.126804
370 -0.106524
371 -0.108568
372 -0.033756
373 -0.194553
374 -0.066805
375 -0.411531
376 -0.342017
377 -0.082815
378 -0.027444
379 -0.035649
380 -0.061683
381 -0.124866
382 -0.196545
383 -0.146987
384 -0.186651
385 -0.140194
386 -0.196897
387 -0.073308
388 -0.195607
389 -0.125339
390 -0.211187
391 -0.299193
392 -0.244310
393 -0.248365
394 -0.172032
395 -0.154977
396 -0.217043
397 -0.156774
398 -0.259107
399 -0.095663
400 -0.067270
401 -0.121704
402 0.049286
403 -0.146317
404 -0.008286
405 -0.104184
406 -0.341926
407 -0.125406
408 -0.191951
409 -0.201688
410 -0.153223
411 -0.247419
412 -0.198310
413 -0.155356
414 -0.036960
415 -0.071230
416 -0.156240
417 -0.197987
418 -0.094500
419 -0.200222
420 -0.287184
421 -0.224203
422 -0.195445
423 -0.232322
424 -0.313519
425 -0.071416
426 -0.347909
427 -0.386480
428 -0.252176
429 -0.232770
430 -0.076458
431 -0.259104
432 -0.185217
433 -0.219911
434 -0.269722
435 -0.114885
436 -0.133071
437 -0.212441
438 -0.260657
439 0.058919
440 -0.140404
441 -0.115448
442 -0.126276
443 -0.255926
444 -0.284605
445 -0.088187
446 -0.200405
447 -0.133731
448 -0.420098
449 -0.251790
450 -0.272851
451 -0.013874
452 -0.021158
453 -0.115445
454 -0.086337
455 -0.002285
456 -0.343141
457 0.024160
458 -0.270748
459 -0.272800
460 -0.112205
461 -0.111898
462 -0.233951
463 -0.126945
464 -0.101354
465 -0.017609
466 -0.334575
467 -0.180931
468 -0.217419
469 0.027308
470 -0.113689
471 -0.112912
472 -0.004432
473 -0.222499
474 -0.107816
475 -0.012111
476 -0.130183
477 -0.125385
478 -0.053963
479 0.138493
480 -0.325335
481 0.025380
482 0.012826
483 0.138672
484 -0.049677
485 -0.176193
486 -0.093442
487 -0.161429
488 -0.126494
489 -0.159472
490 -0.132472
491 0.022889
492 -0.298463
493 -0.080466
494 -0.041182
495 -0.407159
496 -0.000599
497 -0.090225
498 -0.150712
499 -0.264563
500 -0.282662
501 -0.163158
502 -0.055757
503 -0.235707
504 0.091018
505 -0.188947
506 -0.123677
507 -0.306072
508 -0.115574
509 -0.172270
510 -0.319080
511 -0.140635
512 -0.161782
513 -0.260725
514 -0.234631
515 -0.224940
516 -0.092243
517 -0.281337
518 -0.123474
519 -0.137894
520 -0.173398
521 -0.118196
522 -0.006908
523 -0.198420
524 -0.099518
525 -0.115522
526 0.055415
527 -0.207655
528 -0.155546
529 -0.171556
530 -0.211894
531 -0.260624
532 -0.218052
533 -0.136222
534 -0.244769
535 -0.147274
536 -0.199127
537 -0.259780
538 -0.096382
539 0.304667
540 0.278271
541 0.193166
542 -0.139971
543 -0.195334
544 0.054720
545 0.004245
546 -0.120828
547 -0.101644
548 -0.193506
549 -0.186091
550 -0.306528
551 -0.214935
552 -0.094516
553 -0.242128
554 0.060155
555 0.185340
556 -0.226645
557 0.070053
558 -0.009668
559 -0.078354
560 -0.041639
561 -0.121061
562 -0.033001
563 0.103466
564 -0.134627
565 -0.055626
566 0.015916
567 -0.100119
568 0.142681
569 0.052441
570 -0.153027
571 -0.150228
572 -0.116088
573 -0.061404
574 -0.111299
575 0.024818
576 -0.118331
577 -0.021136
578 -0.102113
579 0.065703
580 0.066753
581 0.072569
582 0.167022
583 -0.037168
584 0.185270
585 -0.033309
586 -0.058037
587 -0.125119
588 0.018728
589 -0.192258
590 -0.092411
591 -0.089764
592 0.306715
593 0.184493
594 0.002882
595 -0.030641
596 0.090016
597 0.112549
598 0.043147
599 0.268210
600 0.067454
601 -0.300992
602 -0.209507
603 -0.075228
604 -0.352185
605 0.085745
606 0.164554
607 0.075785
608 -0.082563
609 0.002966
610 0.219842
611 -0.088880
612 0.107682
613 -0.161492
614 0.148181
615 0.224822
616 0.213659
617 0.015211
618 -0.426635
619 -0.033788
620 -0.086521
621 0.097621
622 0.015187
623 -0.035553
624 -0.044917
625 0.137487
626 -0.045440
627 -0.051528
628 0.185007
629 -0.174627
630 0.195858
631 0.167283
632 0.020544
633 -0.205898
634 -0.013082
635 -0.108489
636 0.093877
637 0.058662
638 -0.207270
639 0.062402
640 0.239244
641 -0.109935
642 0.263631
643 0.394603
644 -0.062910
645 0.433837
646 -0.077104
647 0.023705
648 0.209548
649 -0.138116
650 0.085963
651 0.219126
652 0.181616
653 0.460085
654 -0.158902
655 0.276217
656 -0.213612
657 0.090999
658 0.168191
659 0.103926
660 0.039013
661 -0.188110
662 -0.385394
663 0.085218
664 0.181656
665 0.247358
666 0.306422
667 -0.179014
668 0.083290
669 0.183529
670 -0.155224
671 0.081598
672 -0.075660
673 0.381346
674 0.049814
675 0.222158
676 -0.098128
677 -0.008579
678 -0.195687
679 -0.003808
680 -0.023725
681 -0.474821
682 -0.084864
683 0.180817
684 -0.250778
685 -0.155481
686 -0.086182
687 0.110295
688 -0.277939
689 0.306803
690 0.125499
691 -0.180736
692 0.188947
693 0.187113
694 0.282567
695 -0.012135
696 0.099899
697 -0.061455
698 -0.137777
699 0.111423
700 0.053073
701 -0.355331
702 0.094139
703 0.126687
704 0.103642
705 -0.000959
706 0.065103
707 0.215364
708 0.198336
709 0.273343
710 0.092096
711 0.309762
712 0.060222
713 -0.450162
714 0.051471
715 -0.105188
716 -0.117194
717 -0.027280
718 0.146906
719 0.229914
720 0.093418
721 0.047389
722 -0.031870
723 -0.114945
724 0.181023
725 0.278089
726 0.050961
727 0.204795
728 0.065344
729 0.038269
730 -0.120254
731 0.130544
732 0.090385
733 -0.230257
734 -0.033824
735 -0.068134
736 0.289399
737 0.299330
738 0.371964
739 0.204963
740 0.241089
741 -0.240715
742 0.203956
743 -0.023072
744 0.175047
745 0.101645
746 0.116644
747 0.133715
748 0.204909
749 0.175726
750 -0.211750
751 -0.057867
752 0.395414
753 0.148007
754 0.015447
755 0.206245
756 -0.242173
757 -0.053765
758 0.369087
759 -0.153959
760 -0.056701
761 0.168797
762 0.126782
763 0.218099
764 -0.113338
765 -0.058085
766 -0.039580
767 -0.107921
768 -0.085941
769 0.166261
770 -0.145181
771 0.039584
772 0.195190
773 -0.096234
774 -0.074876
775 -0.154814
776 0.140206
777 0.366560
778 0.111976
779 0.048917
780 0.150729
781 0.470039
782 0.071460
783 0.179188
784 -0.038147
785 -0.209229
786 0.007372
787 -0.095685
788 0.263608
789 -0.025179
790 -0.204191
791 0.000320
792 0.057731
793 0.140415
794 -0.017509
795 -0.115124
796 0.201318
797 -0.090224
798 0.335222
799 -0.093727
800 -0.124292
801 -0.132444
802 -0.149045
803 0.032205
804 -0.005711
805 -0.145250
806 0.059792
807 0.207241
808 -0.024855
809 -0.072400
810 -0.289338
811 -0.139244
812 0.153332
813 0.037324
814 -0.177730
815 -0.218808
816 0.166047
817 0.198621
818 0.322742
819 0.135121
820 0.115622
821 -0.061278
822 0.163908
823 0.219827
824 0.009195
825 -0.054716
826 0.001579
827 -0.042262
828 0.101841
829 -0.124473
830 -0.106182
831 0.238967
832 0.074141
833 -0.045809
834 0.135424
835 0.105019
836 0.369203
837 0.118400
838 0.217436
839 0.153126
840 0.156902
841 -0.071461
842 -0.018739
843 0.087203
844 -0.165571
845 -0.125483
846 -0.068506
847 -0.059130
848 -0.156648
849 0.090517
850 -0.339422
851 0.039372
852 0.115299
853 0.256176
854 0.116124
855 0.099657
856 0.330095
857 -0.004989
858 0.150347
859 0.255777
860 0.108332
861 0.011212
862 0.120603
863 -0.172467
864 -0.186956
865 -0.109443
866 0.081506
867 -0.203168
868 -0.267011
869 0.167152
870 0.038514
871 -0.372569
872 -0.183246
873 -0.196174
874 -0.076421
875 -0.143744
876 -0.129391
877 0.138885
878 0.151058
879 -0.273047
880 0.231982
881 -0.096661
882 0.328322
883 -0.030284
884 0.072169
885 -0.028444
886 -0.087762
887 -0.261031
888 0.360275
889 -0.077620
890 -0.045214
891 -0.191793
892 -0.033279
893 -0.001561
894 -0.031957
895 0.190511
896 0.034505
897 -0.140492
898 0.264233
899 0.199017
900 0.184998
901 0.112151
902 0.127379
903 0.318957
904 0.004893
905 -0.018882
906 -0.013752
907 0.463310
908 -0.088211
909 -0.041097
910 -0.022872
911 0.059601
912 0.051798
913 0.064276
914 0.018861
915 0.068467
916 0.309537
917 -0.268755
918 0.312250
919 -0.060138
920 0.000111
921 -0.100874
922 -0.371117
923 0.056909
924 -0.099414
925 0.014399
926 -0.019185
927 0.028746
928 0.245128
929 0.010574
930 -0.346354
931 0.080056
932 0.155433
933 0.197367
934 -0.200047
935 -0.115131
936 -0.006335
937 0.081286
938 -0.085990
939 -0.139592
940 0.141921
941 -0.171294
942 -0.231465
943 -0.048130
944 0.068876
945 0.017175
946 -0.163034
947 0.085933
948 -0.087238
949 -0.234093
950 -0.088710
951 -0.158632
952 -0.166021
953 -0.000244
954 -0.103448
955 0.172599
956 -0.020927
957 0.439309
958 -0.096007
959 -0.121191
960 0.084777
961 -0.208622
962 0.207808
963 -0.359192
964 -0.124594
965 0.153367
966 0.064916
967 0.025568
968 -0.303016
969 -0.068010
970 0.119857
971 -0.053952
972 -0.157219
973 -0.066750
974 -0.340837
975 -0.149485
976 -0.148994
977 -0.149006
978 -0.262770
979 0.014373
980 0.039095
981 0.012361
982 0.185522
983 0.135007
984 -0.198715
985 -0.262395
986 -0.062759
987 -0.130839
988 0.178273
989 0.012512
990 -0.293048
991 -0.121224
992 0.253093
993 0.042644
994 -0.201505
995 -0.083746
996 -0.190224
997 0.027193
998 -0.113578
999 -0.405407
1000 -0.091570
1001 0.165816
1002 -0.420189
1003 -0.307769
1004 -0.020602
1005 0.450022
1006 -0.210780
1007 -0.217179
1008 -0.113405
1009 0.228269
1010 -0.137761
1011 -0.143061
1012 0.249816
1013 -0.048855
1014 0.346678
1015 0.267295
1016 -0.006144
1017 0.169025
1018 0.251783
1019 0.033763
1020 0.088527
1021 -0.191112
1022 0.152264
1023 -0.224906
1024 0.000268
1025 -0.154993
1026 -0.140729
1027 0.015691
1028 -0.146153
1029 -0.115876
1030 -0.049429
1031 0.063493
1032 0.144800
1033 0.060264
1034 -0.221568
1035 -0.137731
1036 0.271640
1037 -0.364922
1038 -0.132394
1039 0.258734
1040 0.068221
1041 -0.080832
1042 0.097151
1043 -0.105379
1044 0.200200
1045 -0.161567
1046 -0.052891
1047 -0.024287
1048 0.130808
1049 -0.077803
1050 -0.136888
1051 0.115859
1052 0.208679
1053 0.147751
1054 -0.114054
1055 0.053052
1056 -0.044490
1057 -0.011005
1058 -0.160490
1059 0.048306
1060 -0.335262
1061 -0.003761
1062 -0.348709
1063 0.168581
1064 0.037053
1065 0.167448
1066 -0.025100
1067 -0.398080
1068 0.042634
1069 -0.001681
1070 -0.245811
1071 0.049149
1072 0.138054
1073 0.126099
1074 -0.029542
1075 0.103229
1076 0.165683
1077 0.035675
1078 0.088712
1079 0.125245
1080 0.080709
1081 -0.039004
1082 0.313063
1083 0.004219
1084 0.217636
1085 -0.124437
1086 -0.197837
1087 -0.255827
1088 -0.056986
1089 0.183028
1090 -0.019126
1091 0.422188
1092 0.155166
1093 0.267586
1094 0.163676
1095 0.134395
1096 0.317464
1097 -0.209691
1098 -0.174064
1099 -0.002081
1100 0.085808
1101 0.086627
1102 -0.195768
1103 0.061457
1104 -0.089185
1105 -0.210394
1106 -0.124829
1107 -0.160389
1108 0.293434
1109 -0.086480
1110 -0.015840
1111 0.378606
1112 0.045596
1113 -0.114250
1114 0.058581
1115 -0.012410
1116 -0.223486
1117 0.007996
1118 -0.219636
1119 0.120538
1120 -0.009039
1121 0.211067
1122 -0.246475
1123 -0.088095
1124 0.034936
1125 0.016666
1126 0.013493
1127 0.049387
1128 -0.123261
1129 -0.007951
1130 0.001886
1131 0.246448
1132 -0.115697
1133 -0.064485
1134 -0.269825
1135 0.140776
1136 0.324767
1137 -0.075401
1138 -0.193717
1139 -0.234366
1140 -0.207929
1141 -0.242178
1142 -0.201745
1143 -0.132462
1144 -0.157643
1145 -0.134530
1146 -0.068834
1147 -0.082715
1148 -0.045230
1149 -0.236891
1150 0.147462
1151 0.142544
1152 -0.033141
1153 0.100120
1154 0.032857
1155 0.088111
1156 0.143090
1157 0.143716
1158 -0.074688
1159 0.133046
1160 0.168562
1161 -0.051911
1162 -0.004047
1163 -0.193035
1164 0.133410
1165 -0.062985
1166 0.139309
1167 0.006657
1168 -0.116000
1169 0.313622
1170 0.130370
1171 0.149023
1172 0.086188
1173 -0.176736
1174 0.047147
1175 0.029199
1176 -0.029563
1177 -0.148383
1178 0.107323
1179 0.159538
1180 -0.043397
1181 0.088734
1182 -0.159857
1183 -0.066040
1184 0.101075
1185 -0.206690
1186 0.311699
1187 0.182861
1188 0.097015
1189 0.121000
1190 0.304132
1191 -0.311836
1192 -0.070558
1193 -0.192899
1194 0.192953
1195 0.056905
1196 -0.155466
1197 0.106418
1198 -0.115746
1199 -0.043169
1200 0.006861
1201 0.108444
1202 0.010378
1203 -0.017654
1204 0.122658
1205 -0.158982
1206 -0.028608
1207 0.180340
1208 0.166044
1209 -0.097958
1210 0.100057
1211 0.315480
1212 0.031941
1213 0.106341
1214 -0.035795
1215 0.309506
1216 0.159433
1217 -0.136725
1218 0.167341
1219 -0.007656
1220 0.080835
1221 -0.040701
1222 0.111529
1223 -0.088888
0 -0.053093
1 -0.528963
2 -0.164136
3 -0.011298
4 0.336559
5 0.079619
6 -0.149979
7 -0.315113
8 0.395125
9 -0.016340
10 -0.103785
11 0.202742
12 0.423050
13 0.017323
14 0.093001
15 0.007782
16 -0.043086
17 0.094582
18 0.409905
19 0.039172
20 0.076322
21 0.298917
22 0.296094
23 0.216996
24 -0.032491
25 0.099117
26 0.175867
27 0.174964
28 0.048379
29 0.206832
30 -0.093757
31 0.233591
32 0.046360
33 0.106427
34 -0.028710
35 0.179180
36 -0.074750
37 0.188788
38 0.161207
39 0.262722
40 0.079275
41 0.245822
42 0.011122
43 -0.216674
44 -0.047656
45 0.007988
46 -0.155496
47 0.209254
48 0.237846
49 0.047423
50 0.046368
51 0.119493
52 0.039456
53 0.370343
54 -0.045403
55 0.030354
56 -0.027140
57 0.094353
58 0.041581
59 0.173710
60 -0.016718
61 -0.310882
62 -0.040135
63 0.209984
64 -0.292151
65 -0.007774
66 0.246782
67 0.100623
68 -0.039822
69 -0.223265
70 -0.082351
71 0.090650
72 0.049514
73 0.149729
74 0.117881
75 -0.129051
76 0.127199
77 0.351128
78 0.204356
79 -0.055389
80 -0.006298
81 -0.071151
82 0.011866
83 -0.094149
84 -0.038819
85 -0.311634
86 0.084632
87 0.151302
88 -0.236113
89 -0.133933
90 -0.115422
91 0.019262
92 0.107599
93 0.248506
94 0.289313
95 -0.008648
96 -0.132145
97 0.173235
98 0.112988
99 0.130677
100 0.041589
101 0.043443
102 -0.344672
103 0.150416
104 -0.241242
105 0.129855
106 0.022807
107 -0.143146
108 0.209241
109 0.218932
110 0.205177
111 0.154349
112 0.066208
113 0.031114
114 0.336086
115 0.129844
116 0.171847
117 -0.085061
118 -0.012546
119 0.022569
120 -0.108486
121 -0.139834
122 -0.003891
123 -0.210196
124 -0.204329
125 0.188948
126 0.221938
127 0.039883
128 -0.201574
129 -0.101780
130 0.016460
131 0.087081
132 0.315303
133 0.236750
134 0.017632
135 0.281682
136 0.230059
137 0.017650
138 -0.090512
139 0.149752
140 0.270318
141 0.116433
142 0.222386
143 0.097153
144 -0.218865
145 0.181444
146 -0.189826
147 0.065729
148 -0.008920
149 -0.018966
150 0.246872
151 0.359894
152 -0.078175
153 0.066391
154 -0.024154
155 0.124602
156 0.098468
157 -0.269772
158 -0.073992
159 0.130987
160 -0.027080
161 0.049892
162 -0.126528
163 -0.033902
164 -0.005984
165 -0.049986
166 0.199746
167 -0.222297
168 -0.062317
169 -0.075197
170 0.182870
171 0.089378
172 -0.099647
173 0.126236
174 0.029171
175 0.198197
176 0.023152
177 0.174426
178 0.131715
179 -0.009959
180 -0.076204
181 -0.109888
182 -0.001250
183 0.186498
184 0.404107
185 0.042528
186 0.141484
187 -0.025158
188 0.107933
189 -0.197745
190 0.076364
191 0.201124
192 -0.112486
193 -0.153964
194 -0.004115
195 0.109263
196 0.339794
197 -0.119057
198 -0.035767
199 0.082106
200 -0.013055
201 -0.137169
202 0.210670
203 -0.021301
204 -0.106321
205 -0.277953
206 0.194183
207 0.153848
208 -0.035177
209 0.042337
210 0.116115
211 -0.085869
212 0.153627
213 0.194860
214 0.064833
215 -0.062016
216 -0.045706
217 0.312670
218 0.109910
219 0.375126
220 0.249176
221 0.020510
222 0.252176
223 -0.024944
224 0.063068
225 0.025787
226 0.001747
227 -0.021830
228 -0.366906
229 0.139929
230 0.228376
231 -0.033860
232 -0.193361
233 -0.173193
234 -0.096979
235 0.132831
236 -0.214449
237 -0.080592
238 0.003568
239 -0.029425
240 -0.193923
241 0.078783
242 -0.158688
243 -0.208858
244 0.090881
245 -0.232712
246 -0.287929
247 0.038719
248 -0.089944
249 -0.201034
250 0.038971
251 0.104663
252 -0.032298
253 -0.180938
254 -0.180121
255 -0.067455
256 -0.237017
257 -0.268101
258 -0.221472
259 -0.037138
260 -0.242144
261 -0.189179
262 -0.267105
263 -0.306400
264 0.003840
265 -0.013822
266 -0.029751
267 -0.022251
268 -0.112276
269 -0.031348
270 -0.266833
271 -0.323094
272 -0.065487
273 -0.212171
274 -0.300873
275 -0.187740
276 -0.106323
277 -0.361506
278 -0.133653
279 -0.284756
280 0.082838
281 -0.257473
282 -0.159317
283 -0.223996
284 0.072427
285 0.210595
286 -0.026557
287 -0.247099
288 -0.137413
289 0.000314
290 -0.391877
291 -0.291057
292 -0.182778
293 -0.105646
294 -0.322999
295 -0.008990
296 -0.249228
297 -0.279878
298 0.054247
299 0.106044
300 -0.317272
301 -0.309517
302 0.070812
303 -0.305578
304 -0.015021
305 -0.412450
306 -0.320456
307 -0.340215
308 -0.020690
309 -0.137439
310 -0.159109
311 -0.145560
312 -0.143963
313 0.037523
314 -0.218789
315 -0.022454
316 -0.346253
317 -0.224141
318 -0.312371
319 -0.225917
320 -0.149376
321 -0.300499
322 -0.269684
323 -0.182356
324 -0.157246
325 -0.402032
326 -0.029173
327 -0.199476
328 -0.059768
329 -0.157966
330 -0.052301
331 -0.139443
332 -0.012721
333 0.113145
334 -0.337735
335 -0.054348
336 -0.059587
337 -0.163720
338 -0.260654
339 -0.184290
340 -0.062333
341 0.070322
342 -0.153160
343 -0.303947
344 -0.010323
345 0.078605
346 -0.169195
347 0.020667
348 -0.133283
349 -0.214295
350 -0.123608
351 -0.187622
352 -0.309394
353 -0.151538
354 -0.134741
355 -0.084500
356 -0.159736
357 -0.279929
358 -0.159765
359 -0.321064
360 -0.159186
361 -0.261962
362 -0.308019
363 -0.242776
364 -0.275358
365 -0.171205
366 -0.265639
367 -0.289854
368 -0.279244
369 -0.126804
370 -0.106524
371 -0.108568
372 -0.033756
373 -0.194553
374 -0.066805
375 -0.411531
376 -0.342017
377 -0.082815
378 -0.027444
379 -0.035649
380 -0.061683
381 -0.124866
382 -0.196545
383 -0.146987
384 -0.186651
385 -0.140194
386 -0.196897
387 -0.073308
388 -0.195607
389 -0.125339
390 -0.211187
391 -0.299193
392 -0.244310
393 -0.248365
394 -0.172032
395 -0.154977
396 -0.217043
397 -0.156774
398 -0.259107
399 -0.095663
400 -0.067270
401 -0.121704
402 0.049286
403 -0.146317
404 -0.008286
405 -0.104184
406 -0.341926
407 -0.125406
408 -0.191951
409 -0.201688
410 -0.153223
411 -0.247419
412 -0.198310
413 -0.155356
414 -0.036960
415 -0.071230
416 -0.156240
417 -0.197987
418 -0.094500
419 -0.200222
420 -0.287184
421 -0.224203
422 -0.195445
423 -0.232322
424 -0.313519
425 -0.071416
426 -0.347909
427 -0.386480
428 -0.252176
429 -0.232770
430 -0.076458
431 -0.259104
432 -0.185217
433 -0.219911
434 -0.269722
435 -0.114885
436 -0.133071
437 -0.212441
438 -0.260657
439 0.058919
440 -0.140404
441 -0.115448
442 -0.126276
443 -0.255926
444 -0.284605
445 -0.088187
446 -0.200405
447 -0.133731
448 -0.420098
449 -0.251790
450 -0.272851
451 -0.013874
452 -0.021158
453 -0.115445
454 -0.086337
455 -0.002285
456 -0.343141
457 0.024160
458 -0.270748
459 -0.272800
460 -0.112205
461 -0.111898
462 -0.233951
463 -0.126945
464 -0.101354
465 -0.017609
466 -0.334575
467 -0.180931
468 -0.217419
469 0.027308
470 -0.113689
471 -0.112912
472 -0.004432
473 -0.222499
474 -0.107816
475 -0.012111
476 -0.130183
477 -0.125385
478 -0.053963
479 0.138493
480 -0.325335
481 0.025380
482 0.012826
483 0.138672
484 -0.049677
485 -0.176193
486 -0.093442
487 -0.161429
488 -0.126494
489 -0.159472
490 -0.132472
491 0.022889
492 -0.298463
493 -0.080466
494 -0.041182
495 -0.407159
496 -0.000599
497 -0.090225
498 -0.150712
499 -0.264563
500 -0.282662
501 -0.163158
502 -0.055757
503 -0.235707
504 0.091018
505 -0.188947
506 -0.123677
507 -0.306072
508 -0.115574
509 -0.172270
510 -0.319080
511 -0.140635
512 -0.161782
513 -0.260725
514 -0.234631
515 -0.224940
516 -0.092243
517 -0.281337
518 -0.123474
519 -0.137894
520 -0.173398
521 -0.118196
522 -0.006908
523 -0.198420
524 -0.099518
525 -0.115522
526 0.055415
527 -0.207655
528 -0.155546
529 -0.171556
530 -0.211894
531 -0.260624
532 -0.218052
533 -0.136222
534 -0.244769
535 -0.147274
536 -0.199127
537 -0.259780
538 -0.096382
539 0.304667
540 0.278271
541 0.193166
542 -0.139971
543 -0.195334
544 0.054720
545 0.004245
546 -0.120828
547 -0.101644
548 -0.193506
549 -0.186091
550 -0.306528
551 -0.214935
552 -0.094516
553 -0.242128
554 0.060155
555 0.185340
556 -0.226645
557 0.070053
558 -0.009668
559 -0.078354
560 -0.041639
561 -0.121061
562 -0.033001
563 0.103466
564 -0.134627
565 -0.055626
566 0.015916
567 -0.100119
568 0.142681
569 0.052441
570 -0.153027
571 -0.150228
572 -0.116088
573 -0.061404
574 -0.111299
575 0.024818
576 -0.118331
577 -0.021136
578 -0.102113
579 0.065703
580 0.066753
581 0.072569
582 0.167022
583 -0.037168
584 0.185270
585 -0.033309
586 -0.058037
587 -0.125119
588 0.018728
589 -0.192258
590 -0.092411
591 -0.089764
592 0.306715
593 0.184493
594 0.002882
595 -0.030641
596 0.090016
597 0.112549
598 0.043147
599 0.268210
600 0.067454
601 -0.300992
602 -0.209507
603 -0.075228
604 -0.352185
605 0.085745
606 0.164554
607 0.075785
608 -0.082563
609 0.002966
610 0.219842
611 -0.088880
612 0.107682
613 -0.161492
614 0.148181
615 0.224822
616 0.213659
617 0.015211
618 -0.426635
619 -0.033788
620 -0.086521
621 0.097621
622 0.015187
623 -0.035553
624 -0.044917
625 0.137487
626 -0.045440
627 -0.051528
628 0.185007
629 -0.174627
630 0.195858
631 0.167283
632 0.020544
633 -0.205898
634 -0.013082
635 -0.108489
636 0.093877
637 0.058662
638 -0.207270
639 0.062402
640 0.239244
641 -0.109935
642 0.263631
643 0.394603
644 -0.062910
645 0.433837
646 -0.077104
647 0.023705
648 0.209548
649 -0.138116
650 0.085963
651 0.219126
652 0.181616
653 0.460085
654 -0.158902
655 0.276217
656 -0.213612
657 0.090999
658 0.168191
659 0.103926
660 0.039013
661 -0.188110
662 -0.385394
663 0.085218
664 0.181656
665 0.247358
666 0.306422
667 -0.179014
668 0.083290
669 0.183529
670 -0.155224
671 0.081598
672 -0.075660
673 0.381346
674 0.049814
675 0.222158
676 -0.098128
677 -0.008579
678 -0.195687
679 -0.003808
680 -0.023725
681 -0.474821
682 -0.084864
683 0.180817
684 -0.250778
685 -0.155481
686 -0.086182
687 0.110295
688 -0.277939
689 0.306803
690 0.125499
691 -0.180736
692 0.188947
693 0.187113
694 0.282567
695 -0.012135
696 0.099899
697 -0.061455
698 -0.137777
699 0.111423
700 0.053073
701 -0.355331
702 0.094139
703 0.126687
704 0.103642
705 -0.000959
706 0.065103
707 0.215364
708 0.198336
709 0.273343
710 0.092096
711 0.309762
712 0.060222
713 -0.450162
714 0.051471
715 -0.105188
716 -0.117194
717 -0.027280
718 0.146906
719 0.229914
720 0.093418
721 0.047389
722 -0.031870
723 -0.114945
724 0.181023
725 0.278089
726 0.050961
727 0.204795
728 0.065344
729 0.038269
730 -0.120254
731 0.130544
732 0.090385
733 -0.230257
734 -0.033824
735 -0.068134
736 0.289399
737 0.299330
738 0.371964
739 0.204963
740 0.241089
741 -0.240715
742 0.203956
743 -0.023072
744 0.175047
745 0.101645
746 0.116644
747 0.133715
748 0.204909
749 0.175726
750 -0.211750
751 -0.057867
752 0.395414
753 0.148007
754 0.015447
755 0.206245
756 -0.242173
757 -0.053765
758 0.369087
759 -0.153959
760 -0.056701
761 0.168797
762 0.126782
763 0.218099
764 -0.113338
765 -0.058085
766 -0.039580
767 -0.107921
768 -0.085941
769 0.166261
770 -0.145181
771 0.039584
772 0.195190
773 -0.096234
774 -0.074876
775 -0.154814
776 0.140206
777 0.366560
778 0.111976
779 0.048917
780 0.150729
781 0.470039
782 0.071460
783 0.179188
784 -0.038147
785 -0.209229
786 0.007372
787 -0.095685
788 0.263608
789 -0.025179
790 -0.204191
791 0.000320
792 0.057731
793 0.140415
794 -0.017509
795 -0.115124
796 0.201318
797 -0.090224
798 0.335222
799 -0.093727
800 -0.124292
801 -0.132444
802 -0.149045
803 0.032205
804 -0.005711
805 -0.145250
806 0.059792
807 0.207241
808 -0.024855
809 -0.072400
810 -0.289338
811 -0.139244
812 0.153332
813 0.037324
814 -0.177730
815 -0.218808
816 0.166047
817 0.198621
818 0.322742
819 0.135121
820 0.115622
821 -0.061278
822 0.163908
823 0.219827
824 0.009195
825 -0.054716
826 0.001579
827 -0.042262
828 0.101841
829 -0.124473
830 -0.106182
831 0.238967
832 0.074141
833 -0.045809
834 0.135424
835 0.105019
836 0.369203
837 0.118400
838 0.217436
839 0.153126
840 0.156902
841 -0.071461
842 -0.018739
843 0.087203
844 -0.165571
845 -0.125483
846 -0.068506
847 -0.059130
848 -0.156648
849 0.090517
850 -0.339422
851 0.039372
852 0.115299
853 0.256176
854 0.116124
855 0.099657
856 0.330095
857 -0.004989
858 0.150347
859 0.255777
860 0.108332
861 0.011212
862 0.120603
863 -0.172467
864 -0.186956
865 -0.109443
866 0.081506
867 -0.203168
868 -0.267011
869 0.167152
870 0.038514
871 -0.372569
872 -0.183246
873 -0.196174
874 -0.076421
875 -0.143744
876 -0.129391
877 0.138885
878 0.151058
879 -0.273047
880 0.231982
881 -0.096661
882 0.328322
883 -0.030284
884 0.072169
885 -0.028444
886 -0.087762
887 -0.261031
888 0.360275
889 -0.077620
890 -0.045214
891 -0.191793
892 -0.033279
893 -0.001561
894 -0.031957
895 0.190511
896 0.034505
897 -0.140492
898 0.264233
899 0.199017
900 0.184998
901 0.112151
902 0.127379
903 0.318957
904 0.004893
905 -0.018882
906 -0.013752
907 0.463310
908 -0.088211
909 -0.041097
910 -0.022872
911 0.059601
912 0.051798
913 0.064276
914 0.018861
915 0.068467
916 0.309537
917 -0.268755
918 0.312250
919 -0.060138
920 0.000111
921 -0.100874
922 -0.371117
923 0.056909
924 -0.099414
925 0.014399
926 -0.019185
927 0.028746
928 0.245128
929 0.010574
930 -0.346354
931 0.080056
932 0.155433
933 0.197367
934 -0.200047
935 -0.115131
936 -0.006335
937 0.081286
938 -0.085990
939 -0.139592
940 0.141921
941 -0.171294
942 -0.231465
943 -0.048130
944 0.068876
945 0.017175
946 -0.163034
947 0.085933
948 -0.087238
949 -0.234093
950 -0.088710
951 -0.158632
952 -0.166021
953 -0.000244
954 -0.103448
955 0.172599
956 -0.020927
957 0.439309
958 -0.096007
959 -0.121191
960 0.084777
961 -0.208622
962 0.207808
963 -0.359192
964 -0.124594
965 0.153367
966 0.064916
967 0.025568
968 -0.303016
969 -0.068010
970 0.119857
971 -0.053952
972 -0.157219
973 -0.066750
974 -0.340837
975 -0.149485
976 -0.148994
977 -0.149006
978 -0.262770
979 0.014373
980 0.039095
981 0.012361
982 0.185522
983 0.135007
984 -0.198715
985 -0.262395
986 -0.062759
987 -0.130839
988 0.178273
989 0.012512
990 -0.293048
991 -0.121224
992 0.253093
993 0.042644
994 -0.201505
995 -0.083746
996 -0.190224
997 0.027193
998 -0.113578
999 -0.405407
1000 -0.091570
1001 0.165816
1002 -0.420189
1003 -0.307769
1004 -0.020602
1005 0.450022
1006 -0.210780
1007 -0.217179
1008 -0.113405
1009 0.228269
1010 -0.137761
1011 -0.143061
1012 0.249816
1013 -0.048855
1014 0.346678
1015 0.267295
1016 -0.006144
1017 0.169025
1018 0.251783
1019 0.033763
1020 0.088527
1021 -0.191112
1022 0.152264
1023 -0.224906
1024 0.000268
1025 -0.154993
1026 -0.140729
1027 0.015691
1028 -0.146153
1029 -0.115876
1030 -0.049429
1031 0.063493
1032 0.144800
1033 0.060264
1034 -0.221568
1035 -0.137731
1036 0.271640
1037 -0.364922
1038 -0.132394
1039 0.258734
1040 0.068221
1041 -0.080832
1042 0.097151
1043 -0.105379
1044 0.200200
1045 -0.161567
1046 -0.052891
1047 -0.024287
1048 0.130808
1049 -0.077803
1050 -0.136888
1051 0.115859
1052 0.208679
1053 0.147751
1054 -0.114054
1055 0.053052
1056 -0.044490
1057 -0.011005
1058 -0.160490
1059 0.048306
1060 -0.335262
1061 -0.003761
1062 -0.348709
1063 0.168581
1064 0.037053
1065 0.167448
1066 -0.025100
1067 -0.398080
1068 0.042634
1069 -0.001681
1070 -0.245811
1071 0.049149
1072 0.138054
1073 0.126099
1074 -0.029542
1075 0.103229
1076 0.165683
1077 0.035675
1078 0.088712
1079 0.125245
1080 0.080709
1081 -0.039004
1082 0.313063
1083 0.004219
1084 0.217636
1085 -0.124437
1086 -0.197837
1087 -0.255827
1088 -0.056986
1089 0.183028
1090 -0.019126
1091 0.422188
1092 0.155166
1093 0.267586
1094 0.163676
1095 0.134395
1096 0.317464
1097 -0.209691
1098 -0.174064
1099 -0.002081
1100 0.085808
1101 0.086627
1102 -0.195768
1103 0.061457
1104 -0.089185
1105 -0.210394
1106 -0.124829
1107 -0.160389
1108 0.293434
1109 -0.086480
1110 -0.015840
1111 0.378606
1112 0.045596
1113 -0.114250
1114 0.058581
1115 -0.012410
1116 -0.223486
1117 0.007996
1118 -0.219636
1119 0.120538
1120 -0.009039
1121 0.211067
1122 -0.246475
1123 -0.088095
1124 0.034936
1125 0.016666
1126 0.013493
1127 0.049387
1128 -0.123261
1129 -0.007951
1130 0.001886
1131 0.246448
1132 -0.115697
1133 -0.064485
1134 -0.269825
1135 0.140776
1136 0.324767
1137 -0.075401
1138 -0.193717
1139 -0.234366
1140 -0.207929
1141 -0.242178
1142 -0.201745
1143 -0.132462
1144 -0.157643
1145 -0.134530
1146 -0.068834
1147 -0.082715
1148 -0.045230
1149 -0.236891
1150 0.147462
1151 0.142544
1152 -0.033141
1153 0.100120
1154 0.032857
1155 0.088111
1156 0.143090
1157 0.143716
1158 -0.074688
1159 0.133046
1160 0.168562
1161 -0.051911
1162 -0.004047
1163 -0.193035
1164 0.133410
1165 -0.062985
1166 0.139309
1167 0.006657
1168 -0.116000
1169 0.313622
1170 0.130370
1171 0.149023
1172 0.086188
1173 -0.176736
1174 0.047147
1175 0.029199
1176 -0.029563
1177 -0.148383
1178 0.107323
1179 0.159538
1180 -0.043397
1181 0.088734
1182 -0.159857
1183 -0.066040
1184 0.101075
1185 -0.206690
1186 0.311699
1187 0.182861
1188 0.097015
1189 0.121000
1190 0.304132
1191 -0.311836
1192 -0.070558
1193 -0.192899
1194 0.192953
1195 0.056905
1196 -0.155466
1197 0.106418
1198 -0.115746
1199 -0.043169
1200 0.006861
1201 0.108444
1202 0.010378
1203 -0.017654
1204 0.122658
1205 -0.158982
1206 -0.028608
1207 0.180340
1208 0.166044
1209 -0.097958
1210 0.100057
1211 0.315480
1212 0.031941
1213 0.106341
1214 -0.035795
1215 0.309506
1216 0.159433
1217 -0.136725
1218 0.167341
1219 -0.007656
1220 0.080835
1221 -0.040701
1222 0.111529
1223 -0.088888
